1	4	-44.70113672248821
1	5	-28.265237351964764
2	5	-1.2598389204026863
3	5	-0.47683161235280963
1	6	-28.215680441076884
2	6	-0.6923920995664905
3	6	0.8158794192539489
4	6	1.2341807377035217
1	7	-52.715081747736505
2	7	-1.3223600256712822
3	7	0.8864177792165153
4	7	0.9016743438227068
5	7	0.4850314287864055
6	7	0.09810568910012976
2	8	-4.872794941413769
3	8	0.6472693521594921
4	8	0.9664966385079619
5	8	0.9690513470053658
6	8	0.9025630737811527
7	8	1.0300701242234047
3	9	-0.5703916548382924
4	9	1.0455286562462485
5	9	0.909677613394495
6	9	0.9713328697481349
7	9	0.909860984408102
8	9	0.6186580822600424
9	9	0.2531388068498799
5	10	-0.4581318516877977
6	10	0.9023187350435866
7	10	0.9701208632624837
8	10	0.9701333145608309
9	10	0.9025114308824755
10	10	0.9272961729043006
6	11	0.3999950860387158
7	11	0.94759183865545
8	11	0.9099034925835345
9	11	0.9713226088124888
10	11	0.9098102010015878
11	11	0.6739900953136668
12	11	0.31839561275992356
8	12	0.1297890505492384
9	12	0.902440284572833
10	12	0.9701239113990432
11	12	0.9701324865257732
12	12	0.902467323006066
13	12	0.868783590698849
9	13	0.47933550513735645
10	13	0.9088159628303701
11	13	0.9098109324319968
12	13	0.9713184467737976
13	13	0.9097792381495409
14	13	0.7050482253224228
15	13	0.35434476246134283
11	14	0.328112097269914
12	14	0.9024407446214231
13	14	0.9701264174775248
14	14	0.9701304429515811
15	14	0.9024472552822114
16	14	0.8303494428413969
12	15	0.49405226571610955
13	15	0.8846218875453937
14	15	0.9097779772075221
15	15	0.9713174460406112
16	15	0.9097631728051363
17	15	0.7252381810130681
18	15	0.3772831745026024
14	16	0.42717353998736207
15	16	0.9024345724739202
16	16	0.9701273599339482
17	16	0.9701295826775953
18	16	0.9024367274423847
19	16	0.8027566366656274
15	17	0.4949267618497467
16	17	0.8680383782725641
17	17	0.9097616681551789
18	17	0.9713171081165684
19	17	0.90975393649237
20	17	0.7396285016044147
21	17	0.39336412033720036
17	18	0.4866248187576646
18	18	0.9024298295893691
19	18	0.970127802845042
20	18	0.970129171261555
21	18	0.9024305862203796
22	18	0.7816570682081512
18	19	0.49199396243572485
19	19	0.8557867821853089
20	19	0.9097524920192048
21	19	0.9713169686929919
22	19	0.9097481629587709
23	19	0.7505707237270026
24	19	0.40541449226299686
20	20	0.5265278824687937
21	20	0.9024265011711194
22	20	0.9701280405796324
23	20	0.9701289481185229
24	20	0.9024267249832756
25	20	0.7647292881884152
21	21	0.4879741787132378
22	21	0.8462176055148125
23	21	0.9097468627749161
24	21	0.9713169028121302
25	21	0.9097443314966054
26	21	0.7593080036841091
27	21	0.4149116567493215
23	22	0.5554482677391885
24	22	0.902424161024042
25	22	0.970128181364263
26	22	0.9701288149517892
27	22	0.9024241631875194
28	22	0.7506172943213636
24	23	0.4837264827304805
25	23	0.8384109829132937
26	23	0.9097431964832453
27	23	0.9713168684568679
28	23	0.9097416772969333
29	23	0.7665614966441272
30	23	0.4227027590531096
26	24	0.5776325897337244
27	24	0.9024224879641272
28	24	0.9701282714265558
29	24	0.9701287292473388
30	24	0.9024223971062095
31	24	0.7384716885315421
27	25	0.4795319436317559
28	25	0.8318122902022445
29	25	0.9097407074278244
30	25	0.9713168491744288
31	25	0.9097397826641281
32	25	0.7727805283512656
33	25	0.42930956404304044
29	26	0.5954199468159356
30	26	0.9024212730542182
31	26	0.9701283328430024
32	26	0.9701286704760501
33	26	0.9024211478074919
34	26	0.7277286648479846
30	27	0.4754690388672934
31	27	0.8260652384228628
32	27	0.9097389713294708
33	27	0.9713168377542667
34	27	0.9097384047330531
35	27	0.7782619693601927
36	27	0.4350727281344451
32	28	0.6102047159899575
33	28	0.9024203826987418
34	28	0.9701283771434392
35	28	0.9701286278601964
36	28	0.9024202516926647
37	28	0.7179942657529834
33	29	0.47154006791845066
34	29	0.8209281594648348
35	29	0.9097377439822263
36	29	0.9713168307118356
37	29	0.9097373957017708
38	29	0.7832123309180306
39	29	0.4402261767868665
35	30	0.6228719292944802
36	30	0.9024197308326323
37	30	0.9701284108106221
38	30	0.9701285953215056
39	30	0.902419608617079
40	30	0.7089794126130249
36	31	0.46771762770792175
37	31	0.8162287549461653
38	31	0.9097368783044313
39	31	0.9713168262398866
40	31	0.9097366627378869
41	31	0.7877824346971154
42	31	0.4449382198104689
38	32	0.6340136448436635
39	32	0.90241926133413
40	32	0.9701284376854462
41	32	0.9701285691503567
42	32	0.9024191554891638
43	32	0.7004610977598019
39	33	0.46396236694149073
40	33	0.8118380046878271
41	33	0.9097362827784812
42	33	0.9713168234079752
43	33	0.9097361466524703
44	33	0.7920880217748045
45	33	0.44933569809743246
41	34	0.6440448726120732
42	34	0.902418937795415
43	34	0.9701284602700284
44	34	0.97012854704836
45	34	0.9024188521918817
46	34	0.6922577126147732
42	35	0.46022947987903656
43	35	0.8076541798038652
44	35	0.9097358998867249
45	35	0.9713168217013031
46	35	0.9097358104713024
47	35	0.796222787859141
48	35	0.45351900397998945
44	36	0.6532697168745362
45	36	0.9024187373842831
46	36	0.9701284802317522
47	36	0.9701285273609261
48	36	0.9024186736396691
49	36	0.6842121950389455
45	37	0.45647040152945484
46	37	0.8035923924210379
47	37	0.909735694404945
48	37	0.971316820808553
49	37	0.9097356328763946
50	37	0.8002672331839307
51	37	0.4575720213942888
47	38	0.6619213003531049
48	38	0.902418647047593
49	38	0.9701284987975302
50	38	0.9701285088644662
51	38	0.9024186054080434
52	38	0.676179403771674
48	39	0.45263219308724967
49	39	0.7995772043646991
50	39	0.9097356468224415
51	39	0.9713168205480948
52	39	0.909735604682671
53	39	0.8042952418665449
54	39	0.4615692233944836
50	40	0.670187243553398
51	40	0.9024186617502294
52	40	0.9701285170186964
53	40	0.9701284905429828
54	40	0.9024186414783788
55	40	0.6680154410843857
51	41	0.4486555218168885
52	41	0.7955368290054962
53	41	0.9097357498314916
54	41	0.9713168209438348
55	41	0.9097357274362351
56	41	0.8083795978695943
57	41	0.4655812752324249
53	42	0.6782269789149933
54	42	0.9024187838640303
55	42	0.9701285359125524
56	42	0.9701284714493925
57	42	0.9024187830626149
58	42	0.6595672073940595
54	43	0.4444714105544658
55	43	0.7913979379001337
56	43	0.9097360070532061
57	43	0.971316822065458
58	43	0.9097360140929142
59	43	0.8125973385023877
60	43	0.469680067228751
56	44	0.6861844919412183
57	44	0.9024190235969727
58	44	0.9701285565485901
59	44	0.970128450384413
60	44	0.9024190387595019
61	44	0.6506605430200885
57	45	0.4399964877551734
58	45	0.787080258011734
59	45	0.9097364337586962
60	45	0.9713168240530154
61	45	0.9097364910681449
62	45	0.8170358040779262
63	45	0.47394394922355076
59	46	0.6941987423438647
60	46	0.9024194005133894
61	46	0.97012858031431
62	46	0.9701284259575054
63	46	0.9024194259344155
64	46	0.641084926986687
60	47	0.43512604776093045
61	47	0.7824900950190494
62	47	0.9097370590865796
63	47	0.9713168272809376
64	47	0.9097372026387485
65	47	0.8218004437833593
66	47	0.47846399345582985
62	48	0.7024133964601935
63	48	0.9024199468794925
64	48	0.9701286091226796
65	48	0.9701283961270737
66	48	0.902419973218735
67	48	0.6305716925509675
63	49	0.42972363720183904
64	49	0.7775116208274214
65	49	0.9097379307299992
66	49	0.9713168324604607
67	49	0.9097382198044924
68	49	0.8270259769100408
69	49	0.48335239714057593
65	50	0.7109873310651056
66	50	0.9024207138489961
67	50	0.9701286458762276
68	50	0.9701283578649276
69	50	0.9024207251522898
70	50	0.6187606043852957
66	51	0.4236048635351206
67	51	0.7719940920881618
68	51	0.909739124132757
69	51	0.9713168407582982
70	51	0.9097396557961159
71	51	0.8328936540877138
72	51	0.48875477130159567
68	52	0.7201075764918119
69	52	0.9024217820735356
70	52	0.9701286951358814
71	52	0.9701283062485939
72	52	0.9024217503144054
73	52	0.6051452934603878
69	53	0.4165111889966
70	53	0.7657317912850283
71	53	0.9097407585963211
72	53	0.971316854461104
73	53	0.9097416950233093
74	53	0.8396597611234898
75	53	0.49486934168827534
71	54	0.7300070367405728
72	54	0.902423281311559
73	54	0.9701287648236935
74	54	0.97012823282195
75	54	0.9024231549359005
76	54	0.588978744607229
72	55	0.40806556610083583
73	55	0.7584306381629882
74	55	0.9097430269105353
75	55	0.9713168781295901
76	55	0.9097446493562594
77	55	0.847705757013336
78	55	0.5019786679156841
74	56	0.7409907350653508
75	56	0.9024254282030054
76	56	0.9701288693474566
77	56	0.970128121961865
78	56	0.9024251061493099
79	56	0.5690988112534892
75	57	0.39769334489785046
76	57	0.7496492396796556
77	57	0.9097462530594644
78	57	0.9713169217250186
79	57	0.9097490763353135
80	57	0.8576327701500996
81	57	0.5105048293172614
77	58	0.7534771124034475
78	58	0.9024286034094482
79	58	0.9701290371726242
80	58	0.9701279426306909
81	58	0.9024278694170973
82	58	0.5435810431908839
78	59	0.38447233390935265
79	59	0.7386877489686445
80	59	0.9097510127199839
81	59	0.9713170088216327
82	59	0.909756048884796
83	59	0.8704550301024014
84	59	0.5211103378860409
80	60	0.768066376210936
81	60	0.9024335209450267
82	60	0.970129329920045
83	60	0.9701276267249954
84	60	0.9024318573422863
85	60	0.508980340640886
81	61	0.36682634162280503
82	61	0.7243611723051864
83	61	0.909758405437234
84	61	0.9713172035767579
85	61	0.9097678471741131
86	61	0.8880397954943837
87	61	0.534889977498573
83	62	0.7856587325448543
84	62	0.9024416430333673
85	62	0.970129898552468
86	62	0.9701270045349717
87	62	0.9024375904625671
88	62	0.45845916867512293
84	63	0.341836208641215
85	63	0.7044886578085924
86	63	0.9097707454617012
87	63	0.9713177124921839
88	63	0.9097900285036649
89	63	0.9142620008088711
90	63	0.5537296576097108
86	64	0.8076656981808645
87	64	0.9024563316939664
88	64	0.9701311781007611
89	64	0.9701255412388425
90	64	0.9024446151038084
91	64	0.376286290640086
87	65	0.303483822384341
88	65	0.6745807218728581
89	65	0.9097935931701124
90	65	0.971319245376255
91	65	0.9098394643579213
92	65	0.9587063240440561
93	65	0.5806658401546154
89	66	0.836380864234103
90	66	0.9024865603749751
91	66	0.9701345904833166
92	66	0.9701203180136152
93	66	0.9024420001317411
94	66	0.2168942715074981
90	67	0.23734226019333943
91	67	0.623789439950768
92	67	0.9098432701046646
93	67	0.9713211619716264
94	67	0.909898023142346
95	67	1.0549437797083558
96	67	0.6109001175366948
92	68	0.8753741589405923
93	68	0.9025581474965727
94	68	0.9701458649158008
95	68	0.9698744261691815
96	68	0.9017152924771308
97	68	-0.21231104423022443
93	69	0.09934867265113723
94	69	0.5181601853444675
95	69	0.9099339505345958
96	69	0.9698175626754386
97	69	0.9056978046102953
98	69	1.0641302551812013
99	69	0.6783712293777915
95	70	0.9283529489190099
96	70	0.9026411241651091
97	70	0.9622667990387241
98	70	0.8788516998788491
99	70	-1.3067247404165094
100	70	-45.25813170950505
96	71	-0.3105576456405369
97	71	0.18972897278131462
98	71	0.8032035001365845
99	71	-0.7310912364509993
100	71	-28.170328932969458
98	72	0.910793154583416
99	72	-1.1420850255160409
100	72	-27.59314123018759
99	73	-6.413359819451854
100	73	-53.349856829955684