1	4	-0.019342101727677603
1	5	-0.017124394214890138
2	5	-0.0029608299481317405
3	5	-0.024664150724568207
1	6	-0.01849732188698059
2	6	0.025451971594831313
3	6	0.02158452163773813
4	6	-0.007889446740290034
5	6	-0.0370936732595817
1	7	-0.03171601944599879
2	7	0.014535197905793471
3	7	0.032890357590513224
4	7	0.0320656535880883
5	7	0.01539396697491247
6	7	-0.02907723250064343
2	8	-0.029496280894968918
3	8	0.014970116037980655
4	8	0.031158443484724376
5	8	0.032243667453123195
6	8	0.018935685278762885
7	8	-0.011141300882704121
8	8	-0.03869116116271447
3	9	-0.0364915827558322
4	9	-0.008504483226080184
5	9	0.01897732679830436
6	9	0.031194248292320315
7	9	0.029397589232176904
8	9	0.015682290597539054
9	9	-0.014464409889895401
10	9	-0.043159906208578416
5	10	-0.030941102229133932
6	10	0.012889532040764349
7	10	0.02889667821996174
8	10	0.03151298789895679
9	10	0.02839884130645785
10	10	0.011829730254211317
11	10	-0.03297381665442768
6	11	-0.041887950221269024
7	11	-0.013723762097352831
8	11	0.015518875153704165
9	11	0.028734413535088127
10	11	0.029988344500585795
11	11	0.01701953197096525
12	11	-0.012952830664512038
13	11	-0.042012757989935715
8	12	-0.038921587639331644
9	12	-0.011959091327813148
10	12	0.017219088824621177
11	12	0.029919890011806408
12	12	0.028121768793102596
13	12	0.011752420281058664
14	12	-0.03209026214291148
10	13	-0.03193276889531592
11	13	0.011825292646207608
12	13	0.028114491370369386
13	13	0.029826206051918006
14	13	0.01701493943853572
15	13	-0.01241883619330007
16	13	-0.03958975325821809
11	14	-0.041986810217958234
12	14	-0.012971587565303526
13	14	0.01689126203217417
14	14	0.029760935272420422
15	14	0.028348084123642148
16	14	0.014889692156247848
17	14	-0.014975028084978987
18	14	-0.04334995457235229
13	15	-0.033226975627422335
14	15	0.011523492202007544
15	15	0.027966137064546634
16	15	0.0308641756432365
17	15	0.027890277848038166
18	15	0.011415319980336586
19	15	-0.03274679843917535
14	16	-0.04362161236178613
15	16	-0.01501906713777201
16	16	0.014867538390148382
17	16	0.028266140479118657
18	16	0.029611368348052593
19	16	0.016794704913235578
20	16	-0.012705082158340762
21	16	-0.03993023796491191
16	17	-0.0399165146379837
17	17	-0.012696941630995235
18	17	0.016795855237272735
19	17	0.029608818461422427
20	17	0.028259165363005226
21	17	0.014854417169656523
22	17	-0.015047074289263778
23	17	-0.04365999398765188
18	18	-0.032750619674125375
19	18	0.011410111872288332
20	18	0.027882272712763466
21	18	0.030850935397629342
22	18	0.027944101917411
23	18	0.01148782197747738
24	18	-0.03328712177651445
19	19	-0.043360547675062755
20	19	-0.014985261548700373
21	19	0.01487319807458633
22	19	0.028325113640849605
23	19	0.029725773324741633
24	19	0.01683360711356726
25	19	-0.01308836366300565
26	19	-0.04215131747446582
21	20	-0.03961601535882987
22	20	-0.012447478311365497
23	20	0.01697304549714894
24	20	0.029767410912810627
25	20	0.02802256696866737
26	20	0.011679509415799328
27	20	-0.03218831270626926
23	21	-0.03216122337120243
24	21	0.011676487542380001
25	21	0.028023370566321724
26	21	0.02977472374035424
27	21	0.016984940143859942
28	21	-0.012445826942464594
29	21	-0.03967456712752303
24	22	-0.042122292459651295
25	22	-0.013073556166459476
26	22	0.016844036445268537
27	22	0.02974271736373265
28	22	0.028355805114836194
29	22	0.01491866488667096
30	22	-0.014962940219806906
31	22	-0.04357227354816595
26	23	-0.03324694538130006
27	23	0.011507809123040811
28	23	0.027976254719413368
29	23	0.030907307965038475
30	23	0.027976223865960263
31	23	0.011507757564919568
32	23	-0.03324699711324571
27	24	-0.04357234449232282
28	24	-0.014962964222429561
29	24	0.014918594914875192
30	24	0.028355721342447675
31	24	0.029742596048563795
32	24	0.01684385744919241
33	24	-0.013073882551737344
34	24	-0.04212268691092935
29	25	-0.039674828716859026
30	25	-0.012446022657692101
31	25	0.01698470954647792
32	25	0.02977447362762092
33	25	0.028023038080208774
34	25	0.011676020824561614
35	25	-0.032161905905119956
31	26	-0.03218899432033122
32	26	0.01167904468922061
33	26	0.028022132026607693
34	26	0.029766870105523417
35	26	0.016972273167194924
36	26	-0.012448843022903019
37	26	-0.03961792437950942
32	27	-0.04215234669528996
33	27	-0.013089117835085515
34	27	0.016832795471110856
35	27	0.029724875164664065
36	27	0.02832388986405177
37	27	0.014871384967551526
38	27	-0.014988486344497544
39	27	-0.04336474276657305
34	28	-0.03328913915212047
35	28	0.011486355389392307
36	28	0.027942649756555204
37	28	0.03084906166301713
38	28	0.027879536719853257
39	28	0.01140597972877765
40	28	-0.03275708394622187
35	29	-0.043662822568706086
36	29	-0.015049235511290818
37	29	0.014851875052958272
38	29	0.0282561702643174
39	29	0.029604613241034403
40	29	0.016789340226511504
41	29	-0.012709172075667054
42	29	-0.03993413062798376
37	30	-0.039935077559265474
38	30	-0.012709403844580861
39	30	0.01678930387961894
40	30	0.029604488021839508
41	30	0.028255868254192778
42	30	0.014851414096249595
43	30	-0.015049168478500317
44	30	-0.043660204627759686
39	31	-0.03275786688670462
40	31	0.011405682174320739
41	31	0.02787909284795221
42	31	0.030848314683476635
43	31	0.027941454772518557
44	31	0.011484910783181966
45	31	-0.033285381779776066
40	32	-0.04336611060133108
41	32	-0.014989644902508883
42	32	0.014870368738750429
43	32	0.028322397938576133
44	32	0.02972257510709777
45	32	0.016829886556798936
46	32	-0.01308957956027015
47	32	-0.04213919619226526
42	33	-0.03962121411683279
43	33	-0.01245197364380381
44	33	0.016969311816836745
45	33	0.02976273144929651
46	33	0.02801561201095623
47	33	0.011670897530895084
48	33	-0.03216954831126622
44	34	-0.032169549013689236
45	34	0.011670897207322357
46	34	0.0280156118098425
47	34	0.029762731244417612
48	34	0.016969311604956242
49	34	-0.012451974026734487
50	34	-0.039621214418639306
45	35	-0.042139197510715105
46	35	-0.013089580361162406
47	35	0.016829885758934612
48	35	0.029722574418387764
49	35	0.028322397209642983
50	35	0.014870367915866614
51	35	-0.014989646042935127
52	35	-0.043366111667918705
47	36	-0.033285384537634854
48	36	0.011484909081712196
49	36	0.027941453469144728
50	36	0.03084831338959282
51	36	0.027879091428035324
52	36	0.01140568058137262
53	36	-0.03275786864470885
48	37	-0.04366020844254906
49	37	-0.015049170965639302
50	37	0.014851411603455388
51	37	0.028255866064225785
52	37	0.029604485713133583
53	37	0.016789301236166426
54	37	-0.012709407448784535
55	37	-0.03993508158777728
50	38	-0.03993413656201275
51	38	-0.012709176398306495
52	38	0.016789335896863565
53	38	0.029604609334451068
54	38	0.02825616607486266
55	38	0.01485187015417748
56	38	-0.015049242163178628
57	38	-0.04366282958861495
52	39	-0.03275709625318517
53	39	0.011405971741925692
54	39	0.027879530383124067
55	39	0.03084905524914943
56	39	0.027942642536191498
57	39	0.011486346899158641
58	39	-0.03328914916243263
53	40	-0.04336475967687073
54	40	-0.014988497638561814
55	40	0.01487137357476392
56	40	0.02832387962821114
57	40	0.029724864089801815
58	40	0.016832782316739375
59	40	-0.013089136427189112
60	40	-0.04215236736379023
55	41	-0.039617950980551944
56	41	-0.012448862551915872
57	41	0.016972253553476386
58	41	0.029766851926969654
59	41	0.028022111751325778
60	41	0.011679020225736787
61	41	-0.0321890252626228
57	42	-0.03216196183448227
58	42	0.011675984835585438
59	42	0.02802300858824268
60	42	0.029774442198518082
61	42	0.016984671192695623
62	42	-0.01244608017268413
63	42	-0.03967490041045852
58	43	-0.04212276815305878
59	43	-0.013073938479343348
60	43	0.016843802878194362
61	43	0.029742544752094608
62	43	0.028355662072342813
63	43	0.014918518719163793
64	43	-0.014963081519775216
65	43	-0.0435724835298712
60	44	-0.03324714835077572
61	44	0.011507659126909875
62	44	0.02797614193244836
63	44	0.030907218405254615
64	44	0.027976142721078928
65	44	0.011507660420372677
66	44	-0.033247150688118385
61	45	-0.04357248096364825
62	45	-0.014963080706469428
63	45	0.014918519367657066
64	45	0.028355663454738916
65	45	0.029742547130467013
66	45	0.016843806039307387
67	45	-0.013073936885400945
68	45	-0.042122775850514216
63	46	-0.03967489688055674
64	46	-0.012446076925378313
65	46	0.016984674666580834
66	46	0.029774446970431055
67	46	0.02802301557544612
68	46	0.011675993353050558
69	46	-0.03216197115808034
65	47	-0.03218901708709358
66	47	0.011679026918488015
67	47	0.02802212084665956
68	47	0.029766865004682595
69	47	0.016972270046588668
70	47	-0.012448853495801649
71	47	-0.0396179810951329
66	48	-0.0421523505672491
67	48	-0.013089119385208223
68	48	0.016832800056139463
69	48	0.02972488781627157
70	48	0.028323914711707622
71	48	0.014871421314716186
72	48	-0.014988474098587378
73	48	-0.04336488137725471
68	49	-0.03328910817893363
69	49	0.011486379354831683
70	49	0.02794268695234372
71	49	0.0308491218197724
72	49	0.027879630389551994
73	49	0.011406095927076802
74	49	-0.03275725499235467
69	50	-0.043662742254411434
70	50	-0.015049154391402416
71	50	0.014851957751653176
72	50	0.028256290521653744
73	50	0.02960479382785235
74	50	0.0167895743386305
75	50	-0.012709048407772976
76	50	-0.039934635295672496
71	51	-0.039934845970056365
72	51	-0.012709170253488883
73	51	0.01678954300766515
74	51	0.02960481728054908
75	51	0.028256375062349702
76	51	0.01485212879475413
77	51	-0.015048790636801077
78	51	-0.04366222556038067
73	52	-0.03275729420004268
74	52	0.011406114947712051
75	52	0.027879704472614633
76	52	0.030849270847315834
77	52	0.02794295854906302
78	52	0.011486846662571982
79	52	-0.03328830029116148
74	53	-0.04336487057916873
75	53	-0.01498841405600054
76	53	0.014871565803665282
77	53	0.02832416410916658
78	53	0.02972530988495139
79	53	0.016833539532972393
80	53	-0.013087603518807233
81	53	-0.04215016599518431
76	54	-0.03961783968915771
77	54	-0.012448611490303851
78	54	0.01697269080017371
79	54	0.029767547127259618
80	54	0.028023280348012318
81	54	0.011680980092530865
82	54	-0.03218553476945994
78	55	-0.03216150345961338
79	55	0.011676704498028729
80	55	0.02802411743490186
81	55	0.029776234745115614
82	55	0.016987764575337575
83	55	-0.012439641461325247
84	55	-0.03966484623187691
79	56	-0.04212202845005171
80	56	-0.01307281654670786
81	56	0.01684563812119065
82	56	0.029745435416228802
83	56	0.028360501671237832
84	56	0.014926707504481267
85	56	-0.0149463890334928
86	56	-0.043549082962386826
81	57	-0.03324504402054726
82	57	0.0115107658175902
83	57	0.027980834024552537
84	57	0.03091465268710778
85	57	0.02798858032582851
86	57	0.011528313106139415
87	57	-0.03321140291465499
82	58	-0.04356916104807505
83	58	-0.014958220851368997
84	58	0.014926352145055544
85	58	0.028367690448138756
86	58	0.029761680683045307
87	58	0.016876289049386012
88	58	-0.013006050874983141
89	58	-0.04202513827830347
84	59	-0.039666052287230455
85	59	-0.012433027015380026
86	59	0.017005217412653196
87	59	0.029805722915482852
88	59	0.02807414934629939
89	59	0.011759805743679057
90	59	-0.032010203229168074
86	60	-0.03216305831754909
87	60	0.011714854911092573
88	60	0.02807406274989943
89	60	0.029846508408824017
90	60	0.017104776731870365
91	60	-0.012163443881011624
92	60	-0.03916442417784114
87	61	-0.04210907259931178
88	61	-0.013029130014457522
89	61	0.01692329597330686
90	61	0.029857116166130477
91	61	0.028533496882096734
92	61	0.015212430463641322
93	61	-0.014255091943071087
94	61	-0.04230987863291893
89	62	-0.03316636866435113
90	62	0.011648473178585254
91	62	0.028167196841535833
92	62	0.031176059633975586
93	62	0.02838783127906775
94	62	0.012197534280424471
95	62	-0.03126353405102613
90	63	-0.04345668388818058
91	63	-0.01477419398870505
92	63	0.015253045347267189
93	63	0.028808767172041116
94	63	0.030383286499154474
95	63	0.017986058363454394
96	63	-0.009940894210478442
97	63	-0.03541050801603952
92	64	-0.03937394338261986
93	64	-0.011966877834655554
94	64	0.017816704804901183
95	64	0.030926306001592574
96	64	0.03007978529883043
97	64	0.017399332976209093
98	64	-0.008785934803843109
99	64	-0.03453286288069937
94	65	-0.031040562650534897
95	65	0.013379012549678548
96	65	0.030207702715253602
97	65	0.03343519304725617
98	65	0.03026378451795833
99	65	0.01148947643314864
100	65	-0.03446156437761904
95	66	-0.04024347391849582
96	66	-0.01127167578595427
97	66	0.019241148910045792
98	66	0.03161300336746416
99	66	0.025503136577919687
100	66	-0.02190186182272985
97	67	-0.030856201890973156
98	67	-0.00373258898534686
99	67	0.01783158350350248
100	67	-0.016329799807805204
99	68	-0.010410909169017584
100	68	-0.015165778474370006
100	69	-0.017967298101556683