1	6	-7.523109567117131
2	6	0.9815046562409584
3	7	0.978766256902807
4	8	0.9764147930952285
5	8	0.9769596931599258
6	9	0.9808722849477811
7	10	0.9770363850934922
8	10	0.9770577560763525
9	11	0.9808442520208538
10	12	0.9770476997540367
11	12	0.9770521271830732
12	13	0.9808410679889175
13	14	0.9770512806129361
14	14	0.9770486769942228
15	15	0.9808428438520675
16	16	0.9770559294350483
17	16	0.9770419926255633
18	17	0.980861398492568
19	18	0.9770458455429748
20	18	0.9769665279383802
21	19	0.981307055555606
22	20	0.9781722890699964
23	20	0.9706145780041892
24	21	-5.541122770569309