1	4	-0.006056474198759837
1	5	-0.00531825746584587
2	5	0.0004789523446081746
3	5	-0.010171843217951202
1	6	-0.005883168735887262
2	6	0.012954349680378082
3	6	0.008873032031985004
4	6	-0.003840896619124918
5	6	-0.014639522304477518
1	7	-0.011398804111433758
2	7	0.007536118256421569
3	7	0.01322157667746236
4	7	0.012308828055662219
5	7	0.005907694366394614
6	7	-0.01247315110656521
2	8	-0.011209754386948855
3	8	0.006619595393076081
4	8	0.011871819242536974
5	8	0.011688109391069918
6	8	0.006232794631551088
7	8	-0.00550783762062718
8	8	-0.014972410753033134
3	9	-0.01417180068355638
4	9	-0.004558396747333573
5	9	0.00639170297863287
6	9	0.011311802533881412
7	9	0.010881974306083553
8	9	0.005750712187269752
9	9	-0.005763331257099916
10	9	-0.015685404323699324
5	10	-0.012661746333239837
6	10	0.00529458143032864
7	10	0.010977526440407077
8	10	0.01137222969033712
9	10	0.010930913494146634
10	10	0.0051761668646954796
11	10	-0.012936240862911645
6	11	-0.015578158742902411
7	11	-0.005716633726046684
8	11	0.005732973823005298
9	11	0.010810456352144084
10	11	0.011153198069574896
11	11	0.006059728112477071
12	11	-0.00543105339287944
13	11	-0.01549921338236957
8	12	-0.014999209711698274
9	12	-0.005607168629413609
10	12	0.005989627532971484
11	12	0.0112211472266176
12	12	0.010999495568612957
13	12	0.005162466067354391
14	12	-0.012841672400503872
10	13	-0.012837887101770194
11	13	0.005163950767979784
12	13	0.010999291464620791
13	13	0.011219095105955363
14	13	0.005984326323582442
15	13	-0.005621124145375398
16	13	-0.015024417002365863
11	14	-0.015498610527685901
12	14	-0.0054317119865805365
13	14	0.006056839642557826
14	14	0.01114661698409486
15	14	0.010795692684165848
16	14	0.005700456908088368
17	14	-0.0057972234100221514
18	14	-0.01569120561018034
13	15	-0.012941212916345559
14	15	0.005167230804637679
15	15	0.010912533463496955
16	15	0.011332685640167362
17	15	0.010890835011650583
18	15	0.005114638705084636
19	15	-0.012921243740961309
14	16	-0.01569836625800903
15	16	-0.005787806447998003
16	16	0.005698888697309395
17	16	0.010773256321829686
18	16	0.011083209464575496
19	16	0.005925885141777162
20	16	-0.005656050857409268
21	16	-0.015046073113342044
16	17	-0.015046049664810126
17	17	-0.005656040402744372
18	17	0.005925885957173099
19	17	0.011083205229261657
20	17	0.010773244769453353
21	17	0.005698862686220463
22	17	-0.005787875602205348
23	17	-0.015698493489346647
18	18	-0.012921253778444709
19	18	0.0051146281614051214
20	18	0.010890819373062455
21	18	0.011332655634335487
22	18	0.0109124710278375
23	18	0.005167096262120775
24	18	-0.012941526608865779
19	19	-0.015691232918969036
20	19	-0.005797250099254808
21	19	0.00570041311260054
22	19	0.010795618660320406
23	19	0.011146467852378904
24	19	0.006056510044884866
25	19	-0.005432605729425478
26	19	-0.015500301838776789
21	20	-0.015024504543885465
22	20	-0.005621232782794533
23	20	0.0059841275929511046
24	20	0.011218718317055645
25	20	0.010998491198623488
26	20	0.005162205187566832
27	20	-0.01284211662511164
23	21	-0.012842052949848842
24	21	0.005161933036624175
25	21	0.01099853243716597
26	21	0.011219163723280159
27	21	0.0059852271779297205
28	21	-0.005619280027912961
29	21	-0.01502403752774479
24	22	-0.015500048148698861
25	22	-0.0054323460437788965
26	22	0.0060570693548875065
27	22	0.011147899113096351
28	22	0.010799224338671871
29	22	0.005708705799778831
30	22	-0.005781934331755886
31	22	-0.015694892050615687
26	23	-0.012940416807929803
27	23	0.0051685974486287995
28	23	0.0109163820326122
29	23	0.011342828605891572
30	23	0.010916382029777107
31	23	0.005168597444071795
32	23	-0.012940416813019611
27	24	-0.01569489206507689
28	24	-0.005781934340568463
29	24	0.005708705787539301
30	24	0.010799224326477305
31	24	0.011147899096871704
32	24	0.00605706933160219
33	24	-0.005432346083667055
34	24	-0.015500048203300913
29	25	-0.015024037579310312
30	25	-0.005619280066229597
31	25	0.005985227136774027
32	25	0.011219163681306554
33	25	0.010998532383168566
34	25	0.005161932956368135
35	25	-0.01284205307902302
31	26	-0.012842116797324148
32	26	0.00516220507889878
33	26	0.010998491106230412
34	26	0.01121871819870378
35	26	0.00598412741372065
36	26	-0.005621233123430921
37	26	-0.015024505099826377
32	27	-0.01550030217567128
33	27	-0.0054326059694534325
34	27	0.006056509793782206
35	27	0.011146467580168951
36	27	0.010795618271470386
37	27	0.005700412458044085
38	27	-0.005797251463490079
39	27	-0.015691235139861644
34	28	-0.012941527588059762
35	28	0.005167095621783793
36	28	0.010912470432219119
37	28	0.011332654785578839
38	28	0.010890817954026626
39	28	0.005114625529817065
40	28	-0.012921259084844771
35	29	-0.015698495314938964
36	29	-0.005787876947317809
37	29	0.005698861101672239
38	29	0.010773242840621478
39	29	0.011083201998815805
40	29	0.005925879732226778
41	29	-0.005656055202910085
42	29	-0.015046077419982748
37	30	-0.015046077719256496
38	30	-0.005656054852946885
39	30	0.005925879832535294
40	30	0.011083201610974003
41	30	0.010773241650391147
42	30	0.005698858507141273
43	30	-0.005787880537517374
44	30	-0.015698491864052394
39	31	-0.012921259655497942
40	31	0.0051146248513383175
41	31	0.010890816269187774
42	31	0.011332650860173047
43	31	0.010912461628148991
44	31	0.00516707849870085
45	31	-0.012941524500838696
40	32	-0.01569123696203523
41	32	-0.005797254444507857
42	32	0.005700407262236218
43	32	0.010795606493018483
44	32	0.011146440975979114
45	32	0.006056455044315402
46	32	-0.005432688425672461
47	32	-0.015500251692524487
42	33	-0.015024516347148936
43	33	-0.005621252298440958
44	33	0.005984092752457985
45	33	0.011218640699413605
46	33	0.010998311683633216
47	33	0.0051618389696815835
48	33	-0.012842117014354431
44	34	-0.012842117014476021
45	34	0.005161838969881637
46	34	0.01099831168358835
47	34	0.011218640699288067
48	34	0.005984092752704395
49	34	-0.005621252298673905
50	34	-0.015024516347137607
45	35	-0.01550025169259394
46	35	-0.005432688425716087
47	35	0.006056455044325107
48	35	0.01114644097593745
49	35	0.010795606492476906
50	35	0.005700407262527366
51	35	-0.005797254444571048
52	35	-0.015691236962225297
47	36	-0.012941524501076145
48	36	0.005167078498188904
49	36	0.010912461627928432
50	36	0.011332650860307596
51	36	0.010890816268734105
52	36	0.005114624850933133
53	36	-0.012921259655346271
48	37	-0.015698491864119042
49	37	-0.0057878805373518475
50	37	0.0056988585071707926
51	37	0.010773241650044497
52	37	0.011083201610683418
53	37	0.005925879832562794
54	37	-0.00565605485273347
55	37	-0.015046077719253044
50	38	-0.015046077420129362
51	38	-0.005656055203233426
52	38	0.0059258797323198725
53	38	0.011083201999104186
54	38	0.010773242840916365
55	38	0.005698861101937929
56	38	-0.005787876947188431
57	38	-0.01569849531507733
52	39	-0.012921259084925016
53	39	0.005114625529630679
54	39	0.010890817954306665
55	39	0.011332654786080613
56	39	0.01091247043223613
57	39	0.005167095621974656
58	39	-0.012941527588284298
53	40	-0.01569123514009412
54	40	-0.005797251463327024
55	40	0.0057004124580051175
56	40	0.010795618271095441
57	40	0.01114646758026893
58	40	0.006056509793398302
59	40	-0.0054326059697851654
60	40	-0.01550030217621149
55	41	-0.015024505100660173
56	41	-0.0056212331239919484
57	41	0.005984127413460067
58	41	0.011218718197731136
59	41	0.010998491105398514
60	41	0.005162205077737326
61	41	-0.012842116798361967
57	42	-0.012842053081399695
58	42	0.005161932954354324
59	42	0.01099853238158469
60	42	0.011219163679884025
61	42	0.005985227135206198
62	42	-0.0056192800685867916
63	42	-0.015024037582461649
58	43	-0.015500048207858575
59	43	-0.005432346086893724
60	43	0.006057069328543954
61	43	0.011147899093648363
62	43	0.010799224323052987
63	43	0.005708705782574309
64	43	-0.005781934347623487
65	43	-0.015694892073607213
60	44	-0.012940416825444013
61	44	0.0051685974360431
62	44	0.010916382023426166
63	44	0.011342828597891794
64	44	0.010916382023016449
65	44	0.005168597436033479
66	44	-0.012940416825644542
61	45	-0.015694892073525098
62	45	-0.005781934347837787
63	45	0.005708705782473436
64	45	0.010799224322857641
65	45	0.01114789909373104
66	45	0.006057069328533069
67	45	-0.005432346087052221
68	45	-0.015500048208084056
63	46	-0.015024037582385526
64	46	-0.005619280068530463
65	46	0.0059852271349233694
66	46	0.011219163680218303
67	46	0.010998532382519004
68	46	0.005161932955977689
69	46	-0.012842053081667637
65	47	-0.012842116798096671
66	47	0.005162205078612328
67	47	0.010998491106259254
68	47	0.011218718199574294
69	47	0.005984127415714813
70	47	-0.005621233120340751
71	47	-0.015024505103200705
66	48	-0.015500302175477657
67	48	-0.005432605968731541
68	48	0.00605650979620072
69	48	0.01114646758458175
70	48	0.010795618281130168
71	48	0.005700412476166587
72	48	-0.005797251441611667
73	48	-0.0156912351703255
68	49	-0.012941527583437976
69	49	0.005167095627973899
70	49	0.010912470446155492
71	49	0.011332654815623951
72	49	0.010890818017064041
73	49	0.005114625644802263
74	49	-0.012921259113060468
69	50	-0.015698495300307737
70	50	-0.005787876922629326
71	50	0.00569886114422303
72	50	0.010773242931074598
73	50	0.011083202192487842
74	50	0.005925880109136611
75	50	-0.005656054691188883
76	50	-0.015046077615494473
71	51	-0.015046077626561436
72	51	-0.005656054696117201
73	51	0.005925880108316518
74	51	0.011083202192943507
75	51	0.010773242934800649
76	51	0.005698861153900095
77	51	-0.005787876893918878
78	51	-0.015698495245603
73	52	-0.012921259113982207
74	52	0.005114625645421787
75	52	0.01089081802088651
76	52	0.011332654824886915
77	52	0.010912470469055028
78	52	0.005167095682680997
79	52	-0.012941527450939337
74	53	-0.015691235169456516
75	53	-0.005797251438297127
76	53	0.005700412485893459
77	53	0.010795618304169113
78	53	0.011146467637380145
79	53	0.006056509925091924
80	53	-0.005432605597844414
81	53	-0.015500301449645024
76	54	-0.015024505093006617
77	54	-0.0056212330972856385
78	54	0.005984127470892582
79	54	0.011218718326325268
80	54	0.01099849140872003
81	54	0.0051622057910704604
82	54	-0.012842114995590553
78	55	-0.012842053020041795
79	55	0.005161933093024467
80	55	0.010998532686630213
81	55	0.011219164380504444
82	55	0.005985228842296221
83	55	-0.005619275120827575
84	55	-0.015024027077314435
79	56	-0.015500048063783236
80	56	-0.005432345768816132
81	56	0.006057070078379729
82	56	0.011147900788972539
83	56	0.010799228325898136
84	56	0.005708715270702266
85	56	-0.0057819074970227435
86	56	-0.015694840826535127
81	57	-0.012940415969687868
82	57	0.00516859930978508
83	57	0.010916386129461072
84	57	0.011342837885142273
85	57	0.010916403895369863
86	57	0.005168648546259404
87	57	-0.012940291281331465
82	58	-0.01569489006047122
83	58	-0.005781929964185978
84	58	0.005708715976491375
85	58	0.010799246872455034
86	58	0.011147950302186157
87	58	0.006057192529278606
88	58	-0.005431989731125441
89	58	-0.015499354587122462
84	59	-0.015024026104309838
85	59	-0.005619255074158346
86	59	0.005985284184010304
87	59	0.0112192895052633
88	59	0.010998824414993783
89	59	0.0051626095279955556
90	59	-0.012840332299229321
86	60	-0.01284204630627803
87	60	0.005162351822750752
88	60	0.010998803693586832
89	60	0.011219409945702984
90	60	0.005985765080630562
91	60	-0.005616414277952847
92	60	-0.015014232943218688
87	61	-0.015500125668358945
88	61	-0.005432237202158688
89	61	0.006057322641945036
90	61	0.011148206220332075
91	61	0.01079954772558213
92	61	0.005709409907042987
93	61	-0.005771172686742222
94	61	-0.015641295109573083
89	62	-0.012940443952109821
90	62	0.00516927016473207
91	62	0.0109169470360876
92	62	0.011342139565158603
93	62	0.010911766512594739
94	62	0.0051608168868934965
95	62	-0.012802742038315853
90	63	-0.01569568934468938
91	63	-0.005782165619463908
92	63	0.005711015340110612
93	63	0.010798022990676375
94	63	0.011134360686997666
95	63	0.006038347878362653
96	63	-0.005321949366574028
97	63	-0.014350193552232684
92	64	-0.015028961704973632
93	64	-0.005621603651922059
94	64	0.0059963623562710264
95	64	0.011221418173165102
96	64	0.011054182697213297
97	64	0.006264974474348509
98	64	-0.004155076084974944
99	64	-0.012904658186403413
94	65	-0.01280746235395651
95	65	0.005322314095843975
96	65	0.011283854246715528
97	65	0.01205726649459852
98	65	0.01212346381371331
99	65	0.006605571375883985
100	65	-0.012118665608813091
95	66	-0.015371564533220822
96	66	-0.005177156593063004
97	66	0.006869735016111725
98	66	0.012637732035266552
99	66	0.012126648241410475
100	66	-0.00742675112635225
97	67	-0.013052436046791526
98	67	-0.002242669677437914
99	67	0.008979687361491014
100	67	-0.005063956136731305
99	68	-0.003576110135316505
100	68	-0.004119080806921409
100	69	-0.0054334984072524906