1	12	73.17232908397354
1	13	45.9360992357973
2	13	5.3823563683806155
3	13	2.156900740144812
1	14	36.109111394487584
2	14	1.3964870156551634
3	14	-0.7581411110029648
4	14	-0.1958613202834652
5	14	0.11845344373132104
1	15	31.656405599104843
2	15	0.9681435550745784
3	15	-0.8718221790062788
4	15	-0.9641229427199781
5	15	-0.8776027383030511
6	15	-0.9944142500523508
1	16	29.75816694728198
2	16	0.8319389981816381
3	16	-0.8878447987561859
4	16	-0.9892756302446344
5	16	-0.9823045199918597
6	16	-0.9091981073162312
7	16	-0.66244221782727
8	16	-0.039854856973613094
1	17	29.678969348353583
2	17	0.8146230760030027
3	17	-0.8902335028197076
4	17	-0.9925760286429737
5	17	-0.9979053352741581
6	17	-0.9900663204253832
7	17	-0.9744639581444731
8	17	-0.8919116682488217
9	17	-0.5997589853701913
10	17	-0.28767826769911864
1	18	31.40298568168074
2	18	0.8936978584839412
3	18	-0.8869269438098207
4	18	-0.9928071541768312
5	18	-0.9992129515652173
6	18	-0.9985512879051881
7	18	-0.9970497215495147
8	18	-0.9883975152913593
9	18	-0.9719418054189952
10	18	-0.8752288573304773
11	18	-0.9578236982953208
1	19	35.62453630613928
2	19	1.0980255586843275
3	19	-0.8782056538420215
4	19	-0.9925041770873391
5	19	-0.9993822786453308
6	19	-0.9996877968024879
7	19	-0.9994821359564914
8	19	-0.9983034821661169
9	19	-0.9962917972931323
10	19	-0.9827618599990233
11	19	-0.9073209389609672
12	19	-0.7798885001477109
13	19	-0.5193389373093771
1	20	44.8118904385857
2	20	1.5662824782617384
3	20	-0.8602468561515688
4	20	-0.9918443602126212
5	20	-0.9992746939467911
6	20	-0.9998578562943028
7	20	-0.9998765247059966
8	20	-0.9997032176741852
9	20	-0.9994951408972754
10	20	-0.9983583476267683
11	20	-0.9898043333102307
12	20	-0.9720392779077835
13	20	-0.875371589672574
14	20	-0.9614506845243835
1	21	70.77682178490956
2	21	3.296498214967405
3	21	-0.7717392552733304
4	21	-0.9849560626616406
5	21	-0.9978585670001374
6	21	-0.9996599846697185
7	21	-0.9998679354352054
8	21	-0.9998894054390123
9	21	-0.9998720166802186
10	21	-0.9996947518380448
11	21	-0.9984807313354935
12	21	-0.996282440624524
13	21	-0.9827963873376591
14	21	-0.9082654389580679
15	21	-0.8009604485585652
16	21	-0.39855081559828254
2	22	14.86650907874066
3	22	-0.22550960687823485
4	22	-0.9403352073313807
5	22	-0.9883080889191853
6	22	-0.9983026176516929
7	22	-0.9994887951240785
8	22	-0.9997028876256506
9	22	-0.9998806348588598
10	22	-0.9998919766126368
11	22	-0.9997290193652293
12	22	-0.999500502152993
13	22	-0.9984024670894573
14	22	-0.9901283340936428
15	22	-0.9744477849935846
16	22	-0.8912199021129088
17	22	-0.7126233148721796
18	22	-0.3813191507432816
3	23	2.2873479461572304
4	23	-0.8135690307572258
5	23	-0.8929222219035019
6	23	-0.9832343166235249
7	23	-0.9962845135147478
8	23	-0.9983051205223521
9	23	-0.9994875252737201
10	23	-0.9997328413559399
11	23	-0.9998913944809624
12	23	-0.9998736294609778
13	23	-0.9997161377650416
14	23	-0.9985964910191866
15	23	-0.997054452472532
16	23	-0.9883991429932664
17	23	-0.971928552461669
18	23	-0.8749944992447085
19	23	-0.8046220504741777
5	24	0.6580705082300804
6	24	-0.867284057306502
7	24	-0.9718116508460566
8	24	-0.9884488543712056
9	24	-0.9970560560589155
10	24	-0.9985966891469904
11	24	-0.9997161143123869
12	24	-0.9998736336845089
13	24	-0.9998913993890373
14	24	-0.9997328946056088
15	24	-0.999487781905972
16	24	-0.9983055016643447
17	24	-0.9962961138641385
18	24	-0.9828102074486367
19	24	-0.9081017386281446
20	24	-0.7932381189579094
21	24	-0.41057090024970494
6	25	-0.3132594984667071
7	25	-0.9841827937534702
8	25	-0.8917503755801288
9	25	-0.9744085227616308
10	25	-0.9901617093068107
11	25	-0.9984031068148425
12	25	-0.9995005152607739
13	25	-0.9997290302779563
14	25	-0.9998920378678802
15	25	-0.9998809268463664
16	25	-0.9997051651440862
17	25	-0.9995028560391636
18	25	-0.998402296054522
19	25	-0.9901314082489152
20	25	-0.9744406183210932
21	25	-0.891084184638135
22	25	-0.7217209390816242
23	25	-0.3832573091095137
8	26	-0.9394369914099845
9	26	-0.941675936049245
10	26	-0.9078487369565149
11	26	-0.9828569357578357
12	26	-0.9962823765055191
13	26	-0.9984807954185511
14	26	-0.9996947980762778
15	26	-0.9998722797432418
16	26	-0.9998906962597105
17	26	-0.9998763597300984
18	26	-0.9997164938196612
19	26	-0.9985965679205794
20	26	-0.9970544152870147
21	26	-0.9884010056382343
22	26	-0.9719247322319654
23	26	-0.8747313917994992
24	26	-0.7784754516137987
10	27	-0.3180377054398286
11	27	-0.8748598808481387
12	27	-0.9720147984429672
13	27	-0.9898222844991025
14	27	-0.9983585779137685
15	27	-0.999495299868542
16	27	-0.9997040556921032
17	27	-0.9998812415983723
18	27	-0.9998941043802154
19	27	-0.9997334154123965
20	27	-0.9994877590106228
21	27	-0.9983044293658168
22	27	-0.9962916374786652
23	27	-0.9827723824658086
24	27	-0.9071073136945366
25	27	-0.8042978426594594
26	27	-0.5235655744372842
11	28	-0.37605048137821034
12	28	-0.836313084209682
13	28	-0.9069695447686967
14	28	-0.9827939903761832
15	28	-0.9962916509895356
16	28	-0.9983044335956734
17	28	-0.9994877594691649
18	28	-0.9997334154148931
19	28	-0.9998941043725034
20	28	-0.9998812415790623
21	28	-0.9997040558322053
22	28	-0.9994952955419223
23	28	-0.9983584807681525
24	28	-0.9898102966384619
25	28	-0.9720307660162512
26	28	-0.8751030649890663
27	28	-0.8541726736791004
13	29	-0.32244273009116586
14	29	-0.8746106546312511
15	29	-0.9719174489252997
16	29	-0.988404922247266
17	29	-0.9970544437810606
18	29	-0.9985965749556851
19	29	-0.9997164935313219
20	29	-0.999876359728815
21	29	-0.9998906962512268
22	29	-0.9998722795898571
23	29	-0.9996947995913497
24	29	-0.9984807582763179
25	29	-0.9962823522570592
26	29	-0.9828020075020175
27	29	-0.9081451872263464
28	29	-0.8364318887427211
29	29	-0.5315475242483221
14	30	-0.42935230221819143
15	30	-0.8681017379739249
16	30	-0.8911650737256704
17	30	-0.9744359203121472
18	30	-0.9901361330940097
19	30	-0.9984023136116413
20	30	-0.9995028570937732
21	30	-0.9997051651415889
22	30	-0.9998809268886821
23	30	-0.999892037796887
24	30	-0.9997290305782975
25	30	-0.9995005042384931
26	30	-0.9984025117027835
27	30	-0.9901312379051965
28	30	-0.9744448166242066
29	30	-0.8910410306705561
30	30	-0.7625145125111861
31	30	-0.44346705395077296
16	31	-0.7653731543618219
17	31	-0.9021592193079953
18	31	-0.9080235151560943
19	31	-0.9828198855625307
20	31	-0.9962960999561523
21	31	-0.9983055028437133
22	31	-0.9994877819378949
23	31	-0.9997328947170729
24	31	-0.9998913995483873
25	31	-0.9998736300433977
26	31	-0.9997161388054512
27	31	-0.9985965073537877
28	31	-0.9970544353065467
29	31	-0.9884010382766202
30	31	-0.9719255344138481
31	31	-0.8747055665778904
32	31	-0.7736304085919304
18	32	-0.6004213736346566
19	32	-0.8748719085109563
20	32	-0.9719234885349659
21	32	-0.9884015005009126
22	32	-0.9970544294747512
23	32	-0.9985964993841767
24	32	-0.9997161379284476
25	32	-0.9998736299152822
26	32	-0.9998913930784644
27	32	-0.9997328632310221
28	32	-0.9994876739532831
29	32	-0.9983044153028775
30	32	-0.9962916402730229
31	32	-0.9827727776486301
32	32	-0.9070990600043495
33	32	-0.8220928180213785
34	32	-0.5514512187114315
19	33	-0.5287950444564657
20	33	-0.8655942278970794
21	33	-0.8911239467132309
22	33	-0.9744434329184133
23	33	-0.990132922141564
24	33	-0.9984025066924972
25	33	-0.9995005030731641
26	33	-0.9997290233229986
27	33	-0.9998919945287956
28	33	-0.9998806883811183
29	33	-0.9997039275423316
30	33	-0.9994952688441153
31	33	-0.9983584752192123
32	33	-0.989810620503741
33	33	-0.9720305972926198
34	33	-0.8750845634359525
35	33	-0.8482656473407858
21	34	-0.7672903485541577
22	34	-0.8988168742834557
23	34	-0.9081313345926965
24	34	-0.9828054959348065
25	34	-0.9962823471578797
26	34	-0.9984807531116171
27	34	-0.999694771404414
28	34	-0.9998721264716368
29	34	-0.9998899043109172
30	34	-0.9998721264881987
31	34	-0.9996947714054667
32	34	-0.9984807520880732
33	34	-0.9962823427360139
34	34	-0.9828019341318691
35	34	-0.9081477589104386
36	34	-0.8553769305748993
37	34	-0.589926466479723
23	35	-0.6608372639193003
24	35	-0.8750748871561524
25	35	-0.9720287389973958
26	35	-0.9898121102526161
27	35	-0.9983584774617571
28	35	-0.9994952690282815
29	35	-0.9997039275636901
30	35	-0.9998806883763323
31	35	-0.9998919945383199
32	35	-0.9997290232945115
33	35	-0.9995005028034647
34	35	-0.9984025056315352
35	35	-0.9901311812573785
36	35	-0.974445174080339
37	35	-0.8910431308866438
38	35	-0.7849500560539779
39	35	-0.46914523260705493
24	36	-0.501967604934148
25	36	-0.8339390043833041
26	36	-0.9070774200511491
27	36	-0.9827755866876424
28	36	-0.9962916419237656
29	36	-0.9983044157870065
30	36	-0.999487673975563
31	36	-0.9997328632524358
32	36	-0.999891393075595
33	36	-0.9998736299384386
34	36	-0.9997161380002075
35	36	-0.9985964975876265
36	36	-0.997054416397763
37	36	-0.9884000613321916
38	36	-0.9719261095616578
39	36	-0.8748797370678839
40	36	-0.7557286393231859
26	37	-0.5588197748459411
27	37	-0.8746819824754587
28	37	-0.9719241597518933
29	37	-0.9884017398944003
30	37	-0.997054436550965
31	37	-0.9985965083692576
32	37	-0.9997161387967896
33	37	-0.9998736300305304
34	37	-0.9998913995543169
35	37	-0.9997328946995148
36	37	-0.9994877818185762
37	37	-0.9983055018490105
38	37	-0.9962960893859392
39	37	-0.9828128914001454
40	37	-0.9080538276254669
41	37	-0.8374415542579434
42	37	-0.5481095807083881
27	38	-0.4465204950476998
28	38	-0.8219227979218029
29	38	-0.8910387940123301
30	38	-0.9744437416298133
31	38	-0.9901323779275824
32	38	-0.9984025149466593
33	38	-0.9995005043421719
34	38	-0.9997290306074531
35	38	-0.9998920377901878
36	38	-0.9998809269005817
37	38	-0.9997051651390318
38	38	-0.9995028562468788
39	38	-0.9984023078425379
40	38	-0.9901327017941113
41	38	-0.9744395032882825
42	38	-0.8909986491833359
43	38	-0.7727017536498091
44	38	-0.4226604894942112
29	39	-0.6638566008274174
30	39	-0.8715513284714131
31	39	-0.9081194117803533
32	39	-0.9828043530215756
33	39	-0.9962823497977108
34	39	-0.9984807592629046
35	39	-0.9996947996173655
36	39	-0.9998722795815269
37	39	-0.9998906962515639
38	39	-0.9998763597283995
39	39	-0.999716493836063
40	39	-0.9985965696129053
41	39	-0.9970544032473881
42	39	-0.9884014927004977
43	39	-0.9719235755534327
44	39	-0.8746746116997384
45	39	-0.6879803979142529
31	40	-0.6729092259849265
32	40	-0.875057008740453
33	40	-0.9720290786908018
34	40	-0.9898116597515303
35	40	-0.9983584861517046
36	40	-0.9994952956774608
37	40	-0.999704055846525
38	40	-0.9998812415669511
39	40	-0.9998941043759371
40	40	-0.9997334154188788
41	40	-0.9994877590160605
42	40	-0.9983044294202092
43	40	-0.9962916278896192
44	40	-0.9827737730045043
45	40	-0.9070847297437071
46	40	-0.8182656736668621
47	40	-0.5192430282810607
32	41	-0.48386218905675504
33	41	-0.8207242579836971
34	41	-0.9070732192111108
35	41	-0.9827749567692095
36	41	-0.9962916309566722
37	41	-0.9983044298674602
38	41	-0.9994877589892982
39	41	-0.9997334154258146
40	41	-0.9998941043803456
41	41	-0.9998812416021787
42	41	-0.999704055849646
43	41	-0.9994952955979045
44	41	-0.9983584845464845
45	41	-0.9898110467871202
46	41	-0.9720298469844407
47	41	-0.8750642276776895
48	41	-0.778974027193241
34	42	-0.5837739334426925
35	42	-0.8746667780943435
36	42	-0.9719230405947428
37	42	-0.9884017791342039
38	42	-0.9970544051424713
39	42	-0.9985965701923283
40	42	-0.9997164938511898
41	42	-0.9998763597200393
42	42	-0.9998906962584831
43	42	-0.9998722796041357
44	42	-0.9996947996132426
45	42	-0.9984807584096403
46	42	-0.9962823412374693
47	42	-0.982802579448699
48	42	-0.9081378954782422
49	42	-0.8595469978210775
50	42	-0.613331566875037
35	43	-0.42350607822210495
36	43	-0.8008324399066735
37	43	-0.8910023390722848
38	43	-0.974439072566019
39	43	-0.990133132551358
40	43	-0.9984023091435412
41	43	-0.9995028562568135
42	43	-0.9997051651356411
43	43	-0.9998809268801556
44	43	-0.9998920377881002
45	43	-0.9997290305813509
46	43	-0.9995005043432081
47	43	-0.9984025072452787
48	43	-0.9901314694886454
49	43	-0.9744448215362977
50	43	-0.8910311759138902
51	43	-0.7972472745127475
52	43	-0.4651422619220974
37	44	-0.6154855473678866
38	44	-0.8577022609358075
39	44	-0.9080447379952186
40	44	-0.9828138128681112
41	44	-0.9962960906225719
42	44	-0.9983055022532801
43	44	-0.999487781822983
44	44	-0.999732894715551
45	44	-0.999891399532227
46	44	-0.999873630590789
47	44	-0.9997161382058664
48	44	-0.998596497837365
49	44	-0.9970544154635066
50	44	-0.9884002159754852
51	44	-0.9719257618807915
52	44	-0.8748687124828995
53	44	-0.7038897509056561
39	45	-0.6969324111532373
40	45	-0.8748675871975047
41	45	-0.9719255954843795
42	45	-0.9884003170860437
43	45	-0.9970544168236639
44	45	-0.9985964982531899
45	45	-0.9997161382173492
46	45	-0.9998736305760016
47	45	-0.9998913995444114
48	45	-0.9997328946886725
49	45	-0.9994877818169101
50	45	-0.9983055019316959
51	45	-0.9962960889045467
52	45	-0.9828134232513694
53	45	-0.9080469028110222
54	45	-0.8437318032663748
55	45	-0.5700324653029702
40	46	-0.48980965525995407
41	46	-0.8147327301638829
42	46	-0.8910345230389678
43	46	-0.9744446869497991
44	46	-0.9901316239215487
45	46	-0.9984025080984442
46	46	-0.9995005043222807
47	46	-0.9997290306079554
48	46	-0.9998920377840894
49	46	-0.9998809268903845
50	46	-0.9997051651230963
51	46	-0.9995028562569914
52	46	-0.9984023084073634
53	46	-0.9901329470933593
54	46	-0.9744392382738509
55	46	-0.8909940253550022
56	46	-0.7833385995912154
57	46	-0.40699435494640934
42	47	-0.6575960194622306
43	47	-0.8716757002409203
44	47	-0.9081353541644088
45	47	-0.9828029007232604
46	47	-0.9962823426830911
47	47	-0.9984807587041418
48	47	-0.9996947996409214
49	47	-0.9998722795852995
50	47	-0.9998906962616705
51	47	-0.9998763597342919
52	47	-0.9997164938330328
53	47	-0.9985965697478023
54	47	-0.9970544033781938
55	47	-0.9884016488070104
56	47	-0.9719232604577817
57	47	-0.8746666155666599
58	47	-0.6122303314654369
44	48	-0.7652550796060754
45	48	-0.8750610304175254
46	48	-0.9720296668424839
47	48	-0.9898112123333807
48	48	-0.9983584854058571
49	48	-0.9994952956216461
50	48	-0.9997040558517357
51	48	-0.9998812415813166
52	48	-0.9998941043816392
53	48	-0.9997334154215747
54	48	-0.9994877590030093
55	48	-0.998304429515124
56	48	-0.9962916290345492
57	48	-0.9827744175275046
58	48	-0.9070759506937903
59	48	-0.8139848849618027
60	48	-0.48307557967978787
45	49	-0.527923039195866
46	49	-0.8259042835467849
47	49	-0.9070814172299626
48	49	-0.9827740893963047
49	49	-0.9962916290564443
50	49	-0.9983044297708438
51	49	-0.9994877590227903
52	49	-0.999733415445131
53	49	-0.9998941043823575
54	49	-0.9998812415834574
55	49	-0.9997040558365958
56	49	-0.9994952956184493
57	49	-0.998358485489911
58	49	-0.9898113752325448
59	49	-0.972029412499852
60	49	-0.8750540535475468
61	49	-0.7027760604853098
47	50	-0.669990094717707
48	50	-0.8746697695504836
49	50	-0.971923425769841
50	50	-0.9884015821524219
51	50	-0.997054404117622
52	50	-0.9985965700391517
53	50	-0.9997164938421161
54	50	-0.9998763597219721
55	50	-0.9998906962489824
56	50	-0.9998722795903622
57	50	-0.9996947996007375
58	50	-0.9984807589107554
59	50	-0.9962823473589818
60	50	-0.9828036543613143
61	50	-0.9081212179408125
62	50	-0.8596385889866622
63	50	-0.6204878900360054
48	51	-0.4426769403326815
49	51	-0.7899093594358073
50	51	-0.8909942907740367
51	51	-0.9744393736717105
52	51	-0.9901328589490944
53	51	-0.998402308971843
54	51	-0.9995028562380415
55	51	-0.9997051651454613
56	51	-0.9998809268794484
57	51	-0.99989203778694
58	51	-0.9997290305768747
59	51	-0.9995005043152082
60	51	-0.9984025144705124
61	51	-0.9901320383004097
62	51	-0.97444407144768
63	51	-0.8910159131850619
64	51	-0.8032874440655733
65	51	-0.4353107302745206
50	52	-0.594323886567621
51	52	-0.8516746914112494
52	52	-0.9080495282697972
53	52	-0.9828132239950864
54	52	-0.9962960903411087
55	52	-0.9983055021785537
56	52	-0.9994877818307777
57	52	-0.9997328947138273
58	52	-0.9998913995408767
59	52	-0.9998736300481172
60	52	-0.9997161388011465
61	52	-0.9985965077972738
62	52	-0.9970544331757064
63	52	-0.9884014682700561
64	52	-0.9719246394407468
65	52	-0.8746793652964133
66	52	-0.6052945038295754
52	53	-0.751472950782605
53	53	-0.8748716960754205
54	53	-0.971925933816389
55	53	-0.9884001612066569
56	53	-0.9970544168288105
57	53	-0.9985964980422024
58	53	-0.999716138006923
59	53	-0.9998736299225282
60	53	-0.9998913930746719
61	53	-0.9997328632306076
62	53	-0.9994876739697922
63	53	-0.9983044153846069
64	53	-0.9962916387567446
65	53	-0.98277433203055
66	53	-0.9070820133989335
67	53	-0.826533957622481
68	53	-0.5051476090282306
53	54	-0.4962586016309807
54	54	-0.8034263774329
55	54	-0.8910329694252537
56	54	-0.9744450146052643
57	54	-0.9901313713664414
58	54	-0.9984025070948047
59	54	-0.9995005028089818
60	54	-0.9997290233274637
61	54	-0.9998919945290525
62	54	-0.9998806883741084
63	54	-0.9997039275281875
64	54	-0.9994952688948441
65	54	-0.9983584764703344
66	54	-0.9898114416331654
67	54	-0.9720295674721192
68	54	-0.8750676236657373
69	54	-0.7044935895921907
55	55	-0.6376211900934394
56	55	-0.8684362257732692
57	55	-0.9081410481149822
58	55	-0.9828023282059687
59	55	-0.9962823430794687
60	55	-0.9984807524435679
61	55	-0.9996947714480362
62	55	-0.9998721264733941
63	55	-0.9998899043011411
64	55	-0.9998721264874222
65	55	-0.9996947713943701
66	55	-0.9984807524024131
67	55	-0.996282342514474
68	55	-0.9828035556897602
69	55	-0.9081347692681299
70	55	-0.88023825081194
71	55	-0.694119192759397
57	56	-0.8317171304819027
58	56	-0.8750705032193282
59	56	-0.9720303009414832
60	56	-0.9898108801832399
61	56	-0.9983584769038096
62	56	-0.9994952688773379
63	56	-0.999703927550663
64	56	-0.9998806883881209
65	56	-0.99989199453981
66	56	-0.9997290232987719
67	56	-0.9995005028810915
68	56	-0.9984025060863864
69	56	-0.9901319678709914
70	56	-0.9744444091383693
71	56	-0.8910614122455773
72	56	-0.8331442900033412
73	56	-0.4938466688323191
58	57	-0.5598971122917782
59	57	-0.830088948093569
60	57	-0.9070907417656981
61	57	-0.9827732699146234
62	57	-0.9962916399121611
63	57	-0.9983044156724635
64	57	-0.999487673963733
65	57	-0.9997328632565523
66	57	-0.9998913930774748
67	57	-0.9998736299379845
68	57	-0.9997161379791291
69	57	-0.9985964979512649
70	57	-0.9970544184155017
71	57	-0.9884005969154073
72	57	-0.9719250780227084
73	57	-0.8748726704270524
74	57	-0.6408310272865877
60	58	-0.746995950842323
61	58	-0.8746882215236265
62	58	-0.9719252178378529
63	58	-0.9884011950336871
64	58	-0.9970544341389479
65	58	-0.9985965079861661
66	58	-0.9997161388180378
67	58	-0.9998736300274517
68	58	-0.9998913995503633
69	58	-0.9997328946997426
70	58	-0.9994877818484706
71	58	-0.9983055019715811
72	58	-0.9962960913291371
73	58	-0.9828151179695852
74	58	-0.9080409022063112
75	58	-0.8710866614966241
76	58	-0.6596572191869392
61	59	-0.46319371398232656
62	59	-0.7822516210671272
63	59	-0.8910159978824507
64	59	-0.9744445166738578
65	59	-0.9901315877828614
66	59	-0.998402514709797
67	59	-0.9995005042808724
68	59	-0.9997290306244708
69	59	-0.9998920377949546
70	59	-0.9998809268925777
71	59	-0.9997051651264431
72	59	-0.9995028563772838
73	59	-0.9984023078435325
74	59	-0.9901337707888156
75	59	-0.9744384338543866
76	59	-0.891045628175692
77	59	-0.8219365579756371
78	59	-0.40989371376710815
63	60	-0.5830289180656036
64	60	-0.8513414451911848
65	60	-0.9081313737117714
66	60	-0.9828027247264566
67	60	-0.9962823496834008
68	60	-0.998480758960399
69	60	-0.9996947996204462
70	60	-0.999872279578274
71	60	-0.9998906962430535
72	60	-0.999876359740357
73	60	-0.999716493821149
74	60	-0.9985965703022512
75	60	-0.9970544094489556
76	60	-0.9884023245614091
77	60	-0.9719220149548347
78	60	-0.874668859519257
79	60	-0.46944848460111077
65	61	-0.8281650295371892
66	61	-0.8750710203921825
67	61	-0.9720300943374789
68	61	-0.9898108532776744
69	61	-0.9983584850976019
70	61	-0.9994952956171222
71	61	-0.9997040558542358
72	61	-0.9998812415855219
73	61	-0.9998941043690728
74	61	-0.999733415397525
75	61	-0.9994877590549884
76	61	-0.9983044297266632
77	61	-0.9962916337404376
78	61	-0.9827776501782164
79	61	-0.9070607980574168
80	61	-0.8196121368297354
81	61	-0.42950792471065535
66	62	-0.5342772056951046
67	62	-0.8157699818380438
68	62	-0.907088795401153
69	62	-0.9827734259088363
70	62	-0.996291632041717
71	62	-0.9983044298009223
72	62	-0.9994877590070956
73	62	-0.9997334154325417
74	62	-0.9998941043849487
75	62	-0.9998812415922789
76	62	-0.9997040558267042
77	62	-0.9994952959168226
78	62	-0.9983584872638464
79	62	-0.9898131091448172
80	62	-0.9720271880469857
81	62	-0.8750637417197356
82	62	-0.5375524322140706
68	63	-0.745027601292819
69	63	-0.8746895585125117
70	63	-0.9719239061611005
71	63	-0.9884013589290335
72	63	-0.9970544066963021
73	63	-0.9985965697635107
74	63	-0.9997164938501947
75	63	-0.999876359723521
76	63	-0.9998906962578418
77	63	-0.9998722796097764
78	63	-0.9996947995132259
79	63	-0.9984807604714405
80	63	-0.9962823558745159
81	63	-0.9828089931223327
82	63	-0.9081042494393361
83	63	-0.8825569502403863
84	63	-0.7098866476223002
69	64	-0.4199949037701336
70	64	-0.7547633085374953
71	64	-0.8910209557312172
72	64	-0.9744397892480126
73	64	-0.9901323715052679
74	64	-0.9984023068526736
75	64	-0.9995028562065462
76	64	-0.9997051651474287
77	64	-0.9998809268855731
78	64	-0.9998920377878946
79	64	-0.9997290305673121
80	64	-0.9995005050439942
81	64	-0.9984025167804149
82	64	-0.9901346878933602
83	64	-0.9744412515592124
84	64	-0.8911651128443725
85	64	-0.8514738178437185
86	64	-0.3983556850689448
71	65	-0.5042731236436743
72	65	-0.8238005603342725
73	65	-0.9080654112815427
74	65	-0.9828122024024701
75	65	-0.9962960944666809
76	65	-0.9983055021015123
77	65	-0.9994877818054053
78	65	-0.9997328946946445
79	65	-0.9998913995209286
80	65	-0.9998736300525755
81	65	-0.9997161385664054
82	65	-0.9985965116944069
83	65	-0.9970544657504022
84	65	-0.9884041755655832
85	65	-0.9719197795081469
86	65	-0.8746397297191152
87	65	-0.32072211526557726
73	66	-0.7958795037860813
74	66	-0.8749081438208057
75	66	-0.9719266681590648
76	66	-0.9883998308366598
77	66	-0.9970544220071909
78	66	-0.9985964973862509
79	66	-0.9997161380040187
80	66	-0.9998736299291608
81	66	-0.9998913930919273
82	66	-0.9997328632229333
83	66	-0.9994876743512294
84	66	-0.9983044181616383
85	66	-0.9962916576461766
86	66	-0.9827903053624267
87	66	-0.906999222734775
88	66	-0.8296090312210875
89	66	-0.37810163673045727
74	67	-0.4534213958528621
75	67	-0.7626363170545365
76	67	-0.8910854065937522
77	67	-0.9744456919410184
78	67	-0.9901306132773993
79	67	-0.9984025020996237
80	67	-0.9995005027049486
81	67	-0.9997290233166203
82	67	-0.9998919945312662
83	67	-0.999880688394747
84	67	-0.9997039274370126
85	67	-0.9994952721141221
86	67	-0.9983585410735406
87	67	-0.9898202914516734
88	67	-0.972017748459735
89	67	-0.874936066926362
90	67	-0.3596083540694025
76	68	-0.5378840933825211
77	68	-0.8423696401790768
78	68	-0.9081713415013162
79	68	-0.9828007826376143
80	68	-0.9962823526662151
81	68	-0.998480751280691
82	68	-0.9996947714190191
83	68	-0.9998721264628371
84	68	-0.9998899043098393
85	68	-0.9998721265892717
86	68	-0.9996947702592286
87	68	-0.9984807781632425
88	68	-0.9962823742810624
89	68	-0.9828449537605319
90	68	-0.9079423988793622
91	68	-0.9381964101311705
92	68	-0.9454482505975654
78	69	-0.9178606359453001
79	69	-0.8751407304422603
80	69	-0.9720318670258989
81	69	-0.9898096477983331
82	69	-0.9983584680328712
83	69	-0.9994952687649319
84	69	-0.9997039275678332
85	69	-0.9998806883663027
86	69	-0.9998919945430478
87	69	-0.9997290228946034
88	69	-0.9995005131424917
89	69	-0.9984028490860525
90	69	-0.9901544497169525
91	69	-0.9744181581577864
92	69	-0.8917198188028912
93	69	-0.9803890342019452
94	69	-0.4681862710162008
79	70	-0.5708477464579991
80	70	-0.8183760877915739
81	70	-0.9071329483604254
82	70	-0.9827709717445837
83	70	-0.996291657204343
84	70	-0.9983044154860081
85	70	-0.9994876739832683
86	70	-0.9997328632383133
87	70	-0.9998913930589739
88	70	-0.9998736306282403
89	70	-0.9997161299320425
90	70	-0.9985966375486812
91	70	-0.9970552785852059
92	70	-0.9884386960030301
93	70	-0.9718603727705506
94	70	-0.8714035747806737
95	70	0.05385055205264963
81	71	-0.872220876431159
82	71	-0.8747833371801764
83	71	-0.9719272219795798
84	71	-0.9884004228736751
85	71	-0.9970544597983177
86	71	-0.9985965036173965
87	71	-0.9997161386820528
88	71	-0.9998736303091141
89	71	-0.9998913977438304
90	71	-0.9997328801945267
91	71	-0.9994877988595737
92	71	-0.9983054209231327
93	71	-0.9962952661906583
94	71	-0.9831819343099664
95	71	-0.9027871166294865
96	71	-1.0870889000648751
97	71	-1.1998064790885277
82	72	-0.441428944086237
83	72	-0.7322998593318182
84	72	-0.8911595120459324
85	72	-0.974446613556881
86	72	-0.9901293388930421
87	72	-0.9984024874741178
88	72	-0.9995005038620115
89	72	-0.9997290304799844
90	72	-0.9998920342734061
91	72	-0.9998809156592996
92	72	-0.9997050673406598
93	72	-0.999502083160331
94	72	-0.9984230253286996
95	72	-0.9902604350266464
96	72	-0.9717347626634341
97	72	-0.8405652560912704
98	72	-0.8344977573833117
99	72	9.023433919987873
84	73	-0.45883958388058327
85	73	-0.8166270431970954
86	73	-0.9082225379668738
87	73	-0.98279826201413
88	73	-0.9962824140733526
89	73	-0.9984807475188967
90	73	-0.9996947976118953
91	73	-0.999872264064861
92	73	-0.9998906748739844
93	73	-0.9998760832604806
94	73	-0.9997189733514615
95	73	-0.9986083691015971
96	73	-0.9966236488868971
97	73	-0.9775649248774062
98	73	-0.7420984794455564
99	73	3.150816249594809
100	73	69.330961037849
86	74	-0.9766729256745219
87	74	-0.875294210271168
88	74	-0.9720364945136766
89	74	-0.9898061781545731
90	74	-0.9983584146353843
91	74	-0.9994952757296642
92	74	-0.9997039536681533
93	74	-0.9998807426562064
94	74	-0.9998915649344466
95	74	-0.9997116469511519
96	74	-0.999121024927599
97	74	-0.9910947670294987
98	74	-0.8592184352075485
99	74	1.504067533567476
100	74	44.01942262619109
87	75	-0.548384658889456
88	75	-0.7918744626504006
89	75	-0.9072500398924249
90	75	-0.9827650276745599
91	75	-0.9962917841260589
92	75	-0.9983042697215974
93	75	-0.9994869068350141
94	75	-0.9997280073197956
95	75	-0.9998510020042937
96	75	-0.9994046704999273
97	75	-0.9926265115065236
98	75	-0.8825874685183717
99	75	1.0202036799442293
100	75	34.44230185579526
89	76	-0.9482327947812385
90	76	-0.8750690830908647
91	76	-0.9719352413021711
92	76	-0.98839864765722
93	76	-0.9970539148292095
94	76	-0.9985909195079938
95	76	-0.9996720027447847
96	76	-0.9994015444155215
97	76	-0.9931798650236061
98	76	-0.8930118231217141
99	76	0.794967107651851
100	76	29.818537368765565
90	77	-0.3302160044334914
91	77	-0.6324125139387011
92	77	-0.8916325546954877
93	77	-0.9744552595601867
94	77	-0.9901124517826618
95	77	-0.9983573984008521
96	77	-0.9990377643357378
97	77	-0.993218810351918
98	77	-0.8979408275391839
99	77	0.6879406698212008
100	77	27.594488615114795
92	78	-0.14652846848042617
93	78	-0.7006924913681105
94	78	-0.9087068366342315
95	78	-0.9827440904380733
96	78	-0.9958398636241463
97	78	-0.9918714080301916
98	78	-0.8984558852225544
99	78	0.6621714459846783
100	78	26.964698123013996
94	79	-0.9603970223381082
95	79	-0.8765257639991377
96	79	-0.971533436396272
97	79	-0.9819248449538596
98	79	-0.8924138555883923
99	79	0.7141639903784001
100	79	27.734164972646646
95	80	-0.08776878716311245
96	80	-0.43616376039732574
97	80	-0.8879057743702569
98	80	-0.8556658372554306
99	80	0.8775615708494438
100	80	30.123576595509448
97	81	0.5902448937042222
98	81	-0.051893107906885685
99	81	1.3562422700807728
100	81	34.98022868147032
99	82	3.356394517486896
100	82	45.227908075876584
100	83	72.72364983644168