-4.275076882965644
0.014327826613364859
-0.36967916722706085
-1.4668444285786009
0.13609682180571497
0.9035171888422302
0.8886294847063282
-1.9316408425234124
-2.657169175698665
0.8777098656326946
0.9224017615022291
0.8976018489741551
0.14730643711376928
-0.8085835873185772
-3.0458817787029377
0.8921255073634273
0.9323747622464286
0.9339324288660099
0.9002573978855808
-1.2942167990140039
-1.1728796371958614
0.19064463455223585
0.9000832040046262
0.9316168838521917
0.9008197126795582
0.28219725448086924
-0.6116824726464447
-1.7592310596443763
0.9004786856305228
0.9349045415447111
0.9349406948604624
0.9006847942684011
-1.1018685940367159
-0.7521699302671752
0.3101847143229176
0.9008795648623309
0.9318920884287192
0.9009258838381982
0.33647425138480375
-0.5460191410532476
-1.2659596237908257
0.9007212322071261
0.9349790108782756
0.9349757850173892
0.9007041194490432
-1.1005044928296737
-0.5575313720787926
0.3583407963454009
0.9009264382131421
0.9318995637838993
0.900923197972594
0.3433606041333498
-0.5827494907689006
-1.0487422938154745
0.9007028562524457
0.9349778102831511
0.9349779098347839
0.9007024993940643
-1.278710571122342
-0.5028305188752968
0.361221665601133
0.9009242972494841
0.9318965071198249
0.9009211781797932
0.30414831408047593
-0.7403629575402376
-1.006563735571618
0.9007036955260408
0.9349661312912455
0.93496692395093
0.9007019658937134
-1.7464614592456091
-0.5339893084384864
0.32664118440653256
0.9009005093282385
0.9318340130601905
0.9007557075778589
0.17987490171989037
-1.1725207476876278
-1.1182335783370787
0.9006084121517679
0.9347020735117186
0.9343710117189803
0.8993956971639938
-3.4772261454475197
-0.6717580622417909
0.23650584305322647
0.8999192078138174
0.92956174686733
0.8901458023489743
-0.4604159271168461
-1.8201930056515998
-1.455588529713626
0.8972502329557881
0.9258037010508355
0.9107189054508782
0.003521529858805472
-0.9629837071255859
0.04019893271638392
0.8685118671677949
-0.050137021113689575
-2.3685501488161957
-0.09779376806127538
-4.250122060579873