-4.848938723282848
-0.022638296162698163
-0.39055091932035246
-1.8078083265443992
0.07761329610485562
0.9077099573130235
0.8939136815846438
-0.144445273302102
-1.2575007039923265
-3.0340468155158753
0.8798917574825851
0.9264265264197467
0.9381258120196496
0.9091408958480847
-1.8423618741921537
-3.44273885731102
0.9018987215271833
0.9390932552531104
0.9358370827373517
0.9059482236308807
0.19884571901893483
-0.9250014123855856
-1.3830371181060883
0.11691250522524281
0.9042022746030729
0.9367618040459146
0.9443639710829943
0.9145445720706475
0.1829725330271867
-0.7891247137049007
-2.1532187250724006
0.9106745281111606
0.9426366265115265
0.9391215119414824
0.942707960647405
0.9109539646422491
-1.4401404784084795
-0.9435239085118133
0.22523779612155312
0.9145362880791407
0.9445181665973972
0.9370889510471458
0.9053401265110288
0.2780274670515733
-0.6911552636307843
-0.7749564047497076
0.32355255683283
0.9064266623313701
0.9370022239316903
0.942378730611106
0.9119297622483684
-1.3277426321828467
-1.2967861194788903
0.9119316255963166
0.9423787727932837
0.9370048519664125
0.9064463155591056
0.31153618682655265
-0.787682897737437
-0.6549200845051364
0.3003154295528253
0.9053476411863653
0.9371002370911371
0.9445378821926336
0.9146640828074487
0.22155093844956292
-0.9354656822504239
-1.3569437491382548
0.9109572883970598
0.9427471077455207
0.9391892365222274
0.9428533659119804
0.911439294390784
-2.142307467552254
-0.7189778693487393
0.22755749494360378
0.9146520837721187
0.9446121066903039
0.9372909623389754
0.9063964171076551
0.11348448320960833
-1.545854555977183
-0.8038016392993128
0.2577335708605994
0.9065648658268692
0.9370982872440792
0.9440107149086461
0.9130526337523164
-0.10668398462118495
-2.4832556737926135
-1.5527184722566796
0.9110092768878549
0.9418351817340317
0.9367198156533652
0.9365273758779101
0.8939452696670103
-3.8102253657542633
-0.9771908538154253
0.04061312252229338
0.9114583317073498
0.935218100050706
0.912122673741382
0.030156498376321415
-1.30861318276818
-0.011179934240277144
0.8734595463856596
-0.03517246187743215
-2.75122172279436
-0.09292862695175533
-4.900994191923671