1	12	-75.1160222774712
1	13	-43.56479827290035
2	13	-2.4396990896485837
3	13	-0.5376642020792413
1	14	-34.47298368401341
2	14	-1.4271008437397774
3	14	0.7590734575777758
4	14	1.2155026290508437
1	15	-30.093718800771992
2	15	-1.0929008844134889
3	15	0.8481458773401174
4	15	0.9099567452873167
5	15	0.49457309757754625
6	15	0.10930537930809214
1	16	-28.23675325144794
2	16	-0.9312903797468979
3	16	0.863670491005164
4	16	0.9774154816503589
5	16	0.9827673555970861
6	16	0.9114302638268027
7	16	1.026334852636786
1	17	-28.146292556096334
2	17	-0.9091016523902701
3	17	0.8735480648993714
4	17	0.9873568864035823
5	17	0.9886346714100692
6	17	0.9856987995896407
7	17	0.9206481614075026
8	17	0.6252109052111348
9	17	0.2578679785519814
1	18	-29.806703612258346
2	18	-1.011300470444522
3	18	0.8711426012010197
4	18	0.9894464495263097
5	18	0.9964550369312279
6	18	0.9910865466185388
7	18	0.9867816706220045
8	18	0.9837823112077222
9	18	0.9115508412872677
10	18	0.9276387470864649
1	19	-33.92765359401112
2	19	-1.2704479092256284
3	19	0.862407248166569
4	19	0.9894118289923926
5	19	0.9979568915698737
6	19	0.9978446339590968
7	19	0.9963784566707374
8	19	0.9896339164678297
9	19	0.9859008635726374
10	19	0.920634112334978
11	19	0.6792432148270413
12	19	0.32168992654221973
1	20	-43.36644787011149
2	20	-1.709529258817735
3	20	0.8451466954791482
4	20	0.9882580890639514
5	20	0.997705761783525
6	20	0.998730587730521
7	20	0.9985178819462883
8	20	0.9974537452395054
9	20	0.99128397630624
10	20	0.986841044852555
11	20	0.9838001714418625
12	20	0.9115128010096472
13	20	0.8703371184302291
1	21	-83.29548123422703
2	21	-2.527549061581352
3	21	0.8300947970371131
4	21	0.9766110245839043
5	21	0.9958197316233723
6	21	0.9978942709325639
7	21	0.9988391158795216
8	21	0.9988536521905012
9	21	0.9980252464492648
10	21	0.9964273908257544
11	21	0.9896497818819219
12	21	0.9859062426496574
13	21	0.9206050194211177
14	21	0.7098659377202985
15	21	0.35715637293348196
2	22	-5.331666463612086
3	22	0.5452091680511312
4	22	0.9765372425134655
5	22	0.985035330911334
6	22	0.9912026809564642
7	22	0.9974393654982275
8	22	0.9985495770174899
9	22	0.9988493240801186
10	22	0.998555671424141
11	22	0.9974651229341369
12	22	0.9912879067444735
13	22	0.9868431760363032
14	22	0.9838000163761698
15	22	0.9114933098930611
16	22	0.8324613776878406
3	23	-0.7266510267249741
4	23	1.047986865639238
5	23	0.9203020668098768
6	23	0.9858237608691294
7	23	0.9896213110151507
8	23	0.9964225593838214
9	23	0.9980262500247934
10	23	0.998861530922553
11	23	0.9988620786373847
12	23	0.9980278420477244
13	23	0.9964283224949819
14	23	0.9896500731989442
15	23	0.9859064430517911
16	23	0.9205892922685162
17	23	0.7298472139961358
18	23	0.37986926660494025
5	24	-0.4596477931326295
6	24	0.9113529339968873
7	24	0.983787176822047
8	24	0.9868457136510169
9	24	0.9912862274742051
10	24	0.9974652012547722
11	24	0.9985561147879651
12	24	0.9988515606699253
13	24	0.99855629007275
14	24	0.9974653536913858
15	24	0.9912879806473723
16	24	0.9868435701694842
17	24	0.9837997631756775
18	24	0.9114829917389704
19	24	0.8051828708758481
6	25	0.40296037077561675
7	25	0.9517610713190572
8	25	0.9207296974993346
9	25	0.9859129916648555
10	25	0.9896493596659832
11	25	0.9964282777099734
12	25	0.9980278623581951
13	25	0.9988622112558581
14	25	0.9988622281709189
15	25	0.998027897144694
16	25	0.9964283432579479
17	25	0.9896500773860486
18	25	0.9859065085944603
19	25	0.9205801999060064
20	25	0.7441205106872668
21	25	0.3958272455058642
8	26	0.1331744456718616
9	26	0.9114866461702091
10	26	0.9837966236668864
11	26	0.986846785401515
12	26	0.9912879445246228
13	26	0.9974653600143109
14	26	0.9985562967168855
15	26	0.9988516092040294
16	26	0.9985563016612211
17	26	0.9974653598513509
18	26	0.9912879826048098
19	26	0.9868437585213883
20	26	0.9837996293387168
21	26	0.9114769544082815
22	26	0.7842777018716421
9	27	0.48157975439738265
10	27	0.9130382348864317
11	27	0.9206374618014377
12	27	0.9859086019977963
13	27	0.9896500616290143
14	27	0.9964283425228548
15	27	0.9980278977710071
16	27	0.9988622302372353
17	27	0.9988622307882065
18	27	0.998027898506149
19	27	0.996428343884953
20	27	0.989650077001031
21	27	0.9859065492582797
22	27	0.9205745013271185
23	27	0.7549909809006716
24	27	0.40780413060679976
11	28	0.33141754650026956
12	28	0.9114871915473335
13	28	0.9837982114226425
14	28	0.9868453724720614
15	28	0.991287981618298
16	28	0.9974653603149396
17	28	0.9985563016982846
18	28	0.9988516104253633
19	28	0.9985563018599846
20	28	0.9974653600579029
21	28	0.991287982790752
22	28	0.9868438646299162
23	28	0.9837995528359496
24	28	0.9114731502394271
25	28	0.7674779904352096
12	29	0.49628132604333364
13	29	0.8888385509411769
14	29	0.9206044811449889
15	29	0.9859074934306066
16	29	0.9896500770929233
17	29	0.9964283438486217
18	29	0.9980278985256565
19	29	0.9988622307989964
20	29	0.998862230826663
21	29	0.9980278985448149
22	29	0.9964283439040453
23	29	0.9896500767663245
24	29	0.9859065762914967
25	29	0.9205707127738796
26	29	0.7636813739134134
27	29	0.41725432836088594
14	30	0.4304574343891201
15	30	0.9114810537711626
16	30	0.983798769561042
17	30	0.9868447817750561
18	30	0.9912879829339949
19	30	0.9974653601790011
20	30	0.9985563018353956
21	30	0.9988516104660905
22	30	0.9985563018758723
23	30	0.9974653600699301
24	30	0.9912879828623709
25	30	0.9868439298377678
26	30	0.983799505335619
27	30	0.9114706222950955
28	30	0.7534544471169382
15	31	0.4971469201866156
16	31	0.8722527923715815
17	31	0.9205881602436915
18	31	0.9859070900617122
19	31	0.9896500772279877
20	31	0.9964283438837933
21	31	0.998027898530697
22	31	0.998862230807469
23	31	0.9988622308297102
24	31	0.9980278985570974
25	31	0.9964283439037109
26	31	0.9896500766290519
27	31	0.9859065951155122
28	31	0.9205680848794631
29	31	0.77090270315553
30	31	0.4250138050530362
17	32	0.4898970434197029
18	32	0.9114763296783991
19	32	0.9837990198037088
20	32	0.9868445077906827
21	32	0.9912879831568575
22	32	0.9974653601457049
23	32	0.9985563018485746
24	32	0.9988516104491745
25	32	0.9985563018654142
26	32	0.9974653600741523
27	32	0.991287982901488
28	32	0.986843972797798
29	32	0.9837994738058342
30	32	0.9114688775409654
31	32	0.7413721539658917
18	33	0.4942095633861049
19	33	0.8600000421342379
20	33	0.9205789776905822
21	33	0.9859069092047223
22	33	0.989650077030235
23	33	0.9964283438709765
24	33	0.998027898517885
25	33	0.9988622308186706
26	33	0.9988622308191422
27	33	0.9980278985634555
28	33	0.9964283439056049
29	33	0.9896500765676487
30	33	0.9859066088561012
31	33	0.920566207285526
32	33	0.7770988214796951
33	33	0.4315984063978515
20	34	0.5297931714921353
21	34	0.9114730122567025
22	34	0.9837991492162431
23	34	0.9868443628399612
24	34	0.991287983248234
25	34	0.9974653601094061
26	34	0.9985563018448216
27	34	0.9988516104607417
28	34	0.9985563018505421
29	34	0.9974653600701104
30	34	0.9912879829131437
31	34	0.9868440027823159
32	34	0.9837994516005151
33	34	0.9114676423107341
34	34	0.7306756852082512
21	35	0.49018715701905136
22	35	0.8504302417834055
23	35	0.9205733446059221
24	35	0.9859068158403437
25	35	0.9896500769226766
26	35	0.9964283439024542
27	35	0.9980278985062039
28	35	0.9988622308237163
29	35	0.9988622308300481
30	35	0.9980278985531623
31	35	0.9964283439090844
32	35	0.9896500765356921
33	35	0.9859066193049971
34	35	0.9205648409569571
35	35	0.7825634454169346
36	35	0.43734543587409364
23	36	0.5587090662049221
24	36	0.9114706790389
25	36	0.9837992236603015
26	36	0.9868442780746136
27	36	0.9912879832981945
28	36	0.9974653601336252
29	36	0.9985563018453467
30	36	0.998851610463726
31	36	0.9985563018783995
32	36	0.9974653600723209
33	36	0.991287982919109
34	36	0.9868440248872786
35	36	0.9837994350399852
36	36	0.9114667558306733
37	36	0.7209761949055475
24	37	0.4859378524047372
25	37	0.8426232766019788
26	37	0.9205696758049917
27	37	0.9859067623903812
28	37	0.9896500768384261
29	37	0.9964283438859873
30	37	0.9980278985187072
31	37	0.9988622308164607
32	37	0.9988622308368578
33	37	0.9980278985537601
34	37	0.9964283439088006
35	37	0.9896500764879363
36	37	0.9859066276824968
37	37	0.9205638400939611
38	37	0.7875011699214037
39	37	0.4424868122216501
26	38	0.5808902940978917
27	38	0.9114690105492969
28	38	0.9837992701096807
29	38	0.9868442244535647
30	38	0.9912879833435816
31	38	0.997465360117326
32	38	0.9985563018535553
33	38	0.998851610456727
34	38	0.9985563018622994
35	38	0.9974653600740152
36	38	0.9912879829397829
37	38	0.9868440419934779
38	38	0.9837994221825712
39	38	0.9114661195608404
40	38	0.7119878551147216
27	39	0.481742286938155
28	39	0.8360244032120052
29	39	0.9205671850245046
30	39	0.9859067292243758
31	39	0.9896500767925289
32	39	0.9964283438932978
33	39	0.9980278985112543
34	39	0.998862230804426
35	39	0.998862230825651
36	39	0.998027898550174
37	39	0.996428343914857
38	39	0.9896500765003173
39	39	0.9859066346556391
40	39	0.9205631130908647
41	39	0.7920616013523563
42	39	0.4471895881454312
29	40	0.5986754172747257
30	40	0.9114677988599467
31	40	0.9837993010876894
32	40	0.9868441882438719
33	40	0.9912879833586861
34	40	0.9974653601168253
35	40	0.9985563018590842
36	40	0.9988516104660174
37	40	0.9985563018760533
38	40	0.9974653600795316
39	40	0.9912879829412761
40	40	0.9868440559113083
41	40	0.9837994116298762
42	40	0.9114656713584551
43	40	0.7034897933717534
30	41	0.4776787149273376
31	41	0.8302772705991152
32	41	0.9205654477142344
33	41	0.9859067072095576
34	41	0.9896500767693008
35	41	0.9964283438857019
36	41	0.9980278984874904
37	41	0.9988622308036273
38	41	0.9988622308355373
39	41	0.9980278985551482
40	41	0.9964283439057842
41	41	0.9896500764822461
42	41	0.9859066407303364
43	41	0.9205626015267052
44	41	0.7963596827100679
45	41	0.4515797858060792
32	42	0.6134585150039134
33	42	0.911466910772929
34	42	0.9837993230343312
35	42	0.9868441623414637
36	42	0.9912879833639267
37	42	0.997465360133375
38	42	0.9985563018529486
39	42	0.9988516104562448
40	42	0.9985563018527331
41	42	0.9974653600733121
42	42	0.9912879829290872
43	42	0.9868440677846936
44	42	0.9837994024646233
45	42	0.9114653716268621
46	42	0.6953018367566217
33	43	0.4737493121784804
34	43	0.8251401766862881
35	43	0.9205642195195707
36	43	0.9859066917160911
37	43	0.9896500767462284
38	43	0.9964283438724177
39	43	0.998027898508665
40	43	0.9988622308017439
41	43	0.9988622308401907
42	43	0.9980278985363147
43	43	0.9964283439121735
44	43	0.9896500764669486
45	43	0.985906646358949
46	43	0.9205622689558444
47	43	0.800488570967183
48	43	0.45575724577606913
35	44	0.6261244432472476
36	44	0.9114662605156567
37	44	0.9837993393888312
38	44	0.9868441428265984
39	44	0.9912879833709798
40	44	0.9974653600990342
41	44	0.9985563018671435
42	44	0.9988516104617011
43	44	0.9985563018921124
44	44	0.9974653600786507
45	44	0.9912879829517574
46	44	0.9868440784642774
47	44	0.9837993941187526
48	44	0.9114651957182662
49	44	0.6872679010786232
36	45	0.4699266034107572
37	45	0.8204408036983208
38	45	0.9205633531912387
39	45	0.9859066802373475
40	45	0.9896500767490051
41	45	0.9964283439087596
42	45	0.9980278985227509
43	45	0.9988622308122044
44	45	0.998862230823306
45	45	0.9980278985429372
46	45	0.9964283438929639
47	45	0.9896500764336654
48	45	0.985906651768182
49	45	0.9205620942627598
50	45	0.8045283949506518
51	45	0.459805468395735
38	46	0.637265150862812
39	46	0.9114657922295941
40	46	0.9837993522538543
41	46	0.9868441274087305
42	46	0.9912879833725705
43	46	0.997465360112122
44	46	0.9985563018651871
45	46	0.998851610438078
46	46	0.9985563018585495
47	46	0.9974653600852277
48	46	0.9912879829758905
49	46	0.9868440885906282
50	46	0.9837993861836569
51	46	0.9114651295118097
52	46	0.6792435106373386
39	47	0.4661711937759796
40	47	0.8160501202153151
41	47	0.920562757208045
42	47	0.9859066712827713
43	47	0.9896500767299486
44	47	0.9964283438755956
45	47	0.9980278984872115
46	47	0.99886223080452
47	47	0.9988622308510274
48	47	0.9980278985561051
49	47	0.9964283438790179
50	47	0.9896500764413918
51	47	0.9859066572932935
52	47	0.9205620685043386
53	47	0.8085527794522375
54	47	0.4637986519867955
41	48	0.6472955776976692
42	48	0.9114654694910231
43	48	0.9837993627886037
44	48	0.9868441145028654
45	48	0.9912879833716965
46	48	0.9974653601243157
47	48	0.9985563018663128
48	48	0.998851610442603
49	48	0.9985563018283479
50	48	0.9974653600973871
51	48	0.9912879829444108
52	48	0.9868440986605764
53	48	0.9837993781894123
54	48	0.9114651669499474
55	48	0.6710852092586388
42	49	0.4624382509808338
43	49	0.8118663911872532
44	49	0.9205623740508091
45	49	0.9859066639060851
46	49	0.9896500767243932
47	49	0.9964283438831127
48	49	0.9980278985036296
49	49	0.998862230812105
50	49	0.998862230869513
51	49	0.9980278985448088
52	49	0.9964283439198086
53	49	0.9896500764507512
54	49	0.9859066631773163
55	49	0.9205621935616377
56	49	0.8126343271303162
57	49	0.46780725927802513
44	50	0.6565197821120586
45	50	0.9114652695945105
46	50	0.9837993719942542
47	50	0.9868441031890995
48	50	0.9912879833861536
49	50	0.9974653601247871
50	50	0.9985563018554827
51	50	0.9988516104544172
52	50	0.9985563018682126
53	50	0.9974653600776728
54	50	0.9912879829432268
55	50	0.9868441092944211
56	50	0.983799369542419
57	50	0.9114653094962007
58	50	0.6626401683284915
45	51	0.45867919417154124
46	51	0.8078047257464565
47	51	0.9205621683955607
48	51	0.98590665759119
49	51	0.9896500767056033
50	51	0.9964283438767649
51	51	0.9980278985083314
52	51	0.9988622308046993
53	51	0.9988622308563477
54	51	0.9980278985536557
55	51	0.9964283439020378
56	51	0.9896500764468101
57	51	0.9859066698979293
58	51	0.9205624824612648
59	51	0.8168499515027889
60	51	0.47190302698539327
47	52	0.6651708567324037
48	52	0.9114651795262221
49	52	0.9837993803536081
50	52	0.9868440927523061
51	52	0.9912879833727036
52	52	0.997465360097334
53	52	0.9985563018460257
54	52	0.9988516104173407
55	52	0.9985563018630571
56	52	0.9974653600759914
57	52	0.9912879829687888
58	52	0.9868441210779602
59	52	0.9837993599076532
60	52	0.9114655657500192
61	52	0.6537343591603657
48	53	0.4548410761427002
49	53	0.8037896852387599
50	53	0.9205621207159571
51	53	0.9859066518719177
52	53	0.9896500767182466
53	53	0.99642834388876
54	53	0.9980278985043013
55	53	0.99886223083266
56	53	0.9988622308238453
57	53	0.9980278985666655
58	53	0.9964283438932999
59	53	0.9896500764617795
60	53	0.9859066777816855
61	53	0.9205629615460265
62	53	0.8212869139061951
63	53	0.4761641854636115
50	54	0.6734364030352181
51	54	0.9114651943488019
52	54	0.9837993883781389
53	54	0.9868440825318199
54	54	0.9912879833585386
55	54	0.9974653601146412
56	54	0.9985563018467778
57	54	0.9988516104657748
58	54	0.9985563018440691
59	54	0.9974653600846257
60	54	0.991287982935383
61	54	0.986844134837525
62	54	0.9837993486108285
63	54	0.9114659530807586
64	54	0.6441572658153398
51	55	0.4508645614105786
52	55	0.7997494844430061
53	55	0.9205622237206865
54	55	0.9859066463586197
55	55	0.9896500767482528
56	55	0.9964283438924346
57	55	0.9980278985073037
58	55	0.9988622308173791
59	55	0.9988622308452619
60	55	0.9980278985541371
61	55	0.9964283439100048
62	55	0.989650076458724
63	55	0.9859066876022629
64	55	0.9205636754829611
65	55	0.826050624122247
66	55	0.48068171337067545
53	56	0.6814758431377821
54	56	0.9114653163469957
55	56	0.9837993966731571
56	56	0.986844072031053
57	56	0.9912879833846073
58	56	0.9974653601264285
59	56	0.9985563018580934
60	56	0.9988516104855376
61	56	0.9985563018645478
62	56	0.9974653600820664
63	56	0.9912879829424179
64	56	0.9868441517782509
65	56	0.9837993344574198
66	56	0.9114665000880711
67	56	0.6336401010992507
54	57	0.44668067487524066
55	57	0.7956107983650416
56	57	0.9205624810277272
57	57	0.9859066407940993
58	57	0.9896500767196831
59	57	0.9964283438843072
60	57	0.9980278985318405
61	57	0.998862230800311
62	57	0.9988622308637243
63	57	0.9980278985694004
64	57	0.9964283439090751
65	57	0.9896500764678411
66	57	0.985906700545927
67	57	0.9205646953129794
68	57	0.8312758021655307
69	57	0.48556773833662603
56	58	0.689433159638833
57	58	0.9114655557386971
58	58	0.9837994054906624
59	58	0.9868440606236566
60	58	0.9912879833952023
61	58	0.9974653601152039
62	58	0.9985563018182384
63	58	0.9988516104397581
64	58	0.9985563018917316
65	58	0.997465360079733
66	58	0.9912879829317701
67	58	0.9868441735758322
68	58	0.9837993160706495
69	58	0.9114672512975533
70	58	0.6218223725800128
57	59	0.4422060521649032
58	59	0.7912933596473586
59	59	0.9205629079256905
60	59	0.9859066349069459
61	59	0.989650076708185
62	59	0.9964283438821437
63	59	0.9980278985197246
64	59	0.9988622308053289
65	59	0.9988622308320352
66	59	0.9980278985670216
67	59	0.9964283438835649
68	59	0.9896500764861115
69	59	0.9859067183454238
70	59	0.9205661344880212
71	59	0.8371437484097317
72	59	0.49096783362360374
59	60	0.6974473167623305
60	60	0.9114659320951275
61	60	0.9837994154144156
62	60	0.9868440475840539
63	60	0.9912879833415383
64	60	0.9974653601283312
65	60	0.9985563018368979
66	60	0.9988516104459246
67	60	0.9985563018665913
68	60	0.9974653600814081
69	60	0.9912879829296999
70	60	0.986844203222067
71	60	0.983799290913891
72	60	0.911468275203885
73	60	0.6081972966407
60	61	0.4373360006111494
61	61	0.7867034826332139
62	61	0.920563533541702
63	61	0.9859066282838393
64	61	0.9896500767492666
65	61	0.99642834387822
66	61	0.9980278984885566
67	61	0.9988622308043515
68	61	0.9988622308496509
69	61	0.9980278985661795
70	61	0.9964283439050612
71	61	0.9896500765563399
72	61	0.9859067443046143
73	61	0.9205681776355102
74	61	0.8439108701122249
75	61	0.4970802472301981
62	62	0.705661994134259
63	62	0.911466477620426
64	62	0.983799427314277
65	62	0.9868440318808388
66	62	0.9912879833552113
67	62	0.9974653601361199
68	62	0.9985563018615442
69	62	0.9988516104528602
70	62	0.998556301837398
71	62	0.9974653600863719
72	62	0.9912879828923346
73	62	0.9868442456234703
74	62	0.9837992544202505
75	62	0.9114696777024405
76	62	0.5920172633875701
63	63	0.43193408764565977
64	63	0.7817253519968683
65	63	0.9205644056454271
66	63	0.9859066205352781
67	63	0.9896500767940695
68	63	0.9964283439108879
69	63	0.998027898509641
70	63	0.9988622307886856
71	63	0.9988622308657708
72	63	0.9980278985727185
73	63	0.9964283439111178
74	63	0.9896500766354472
75	63	0.9859067845396496
76	63	0.9205711372106667
77	63	0.8519588693986959
78	63	0.5041876991966224
65	64	0.7142360937519396
66	64	0.9114672433731483
67	64	0.9837994422284831
68	64	0.9868440120740551
69	64	0.9912879833557013
70	64	0.997465360125274
71	64	0.9985563018599566
72	64	0.9988516104569747
73	64	0.9985563018599988
74	64	0.9974653600894459
75	64	0.9912879828504229
76	64	0.9868443100952813
77	64	0.9837991982762192
78	64	0.9114716253363739
79	64	0.5721193575181236
66	65	0.4258159526806594
67	65	0.7762082432133851
68	65	0.9205655997207602
69	65	0.9859066110014983
70	65	0.9896500768308418
71	65	0.9964283438682233
72	65	0.9980278985006871
73	65	0.9988622308169368
74	65	0.9988622308255586
75	65	0.998027898550183
76	65	0.9964283438934958
77	65	0.9896500766796589
78	65	0.9859068513404372
79	65	0.9205755717352301
80	65	0.8618893538694379
81	65	0.5127127815722947
68	66	0.7233566886515419
69	66	0.9114683098430378
70	66	0.9837994617262797
71	66	0.9868439857220419
72	66	0.991287983337814
73	66	0.9974653601169812
74	66	0.9985563018379711
75	66	0.9988516104795465
76	66	0.9985563018707819
77	66	0.9974653600937626
78	66	0.9912879827872322
79	66	0.9868444153452696
80	66	0.9837991053701791
81	66	0.9114743829989074
82	66	0.546578343283417
69	67	0.41872310725254136
70	67	0.7699464674586829
71	67	0.9205672350924147
72	67	0.9859065987403391
73	67	0.9896500768796096
74	67	0.9964283438728297
75	67	0.9980278984843637
76	67	0.9988622308011537
77	67	0.998862230842271
78	67	0.9980278985463996
79	67	0.9964283439045041
80	67	0.9896500768525747
81	67	0.9859069728319931
82	67	0.9205825555177429
83	67	0.8747175484096363
84	67	0.5233194974269573
71	68	0.7332567536901808
72	68	0.9114698067900132
73	68	0.9837994889287933
74	68	0.9868439488539511
75	68	0.991287983303903
76	68	0.9974653601191196
77	68	0.9985563018317993
78	68	0.9988516104501239
79	68	0.9985563018672678
80	68	0.9974653601319607
81	68	0.9912879826488906
82	68	0.9868446022782804
83	68	0.9837989371569431
84	68	0.911478361126589
85	68	0.5119491108107188
72	69	0.41027858157049946
73	69	0.762645989146363
74	69	0.9205695046782374
75	69	0.9859065823367279
76	69	0.9896500769826853
77	69	0.9964283438758217
78	69	0.9980278985099538
79	69	0.9988622308066946
80	69	0.998862230829768
81	69	0.998027898558375
82	69	0.9964283439029032
83	69	0.9896500770657943
84	69	0.9859072207430203
85	69	0.9205943724341004
86	69	0.8923129941933541
87	69	0.5371071421548244
74	70	0.7442414316260155
75	70	0.9114719504036177
76	70	0.983799528737086
77	70	0.9868438943296471
78	70	0.9912879832587335
79	70	0.997465360102963
80	70	0.9985563018426609
81	70	0.9988516104598327
82	70	0.9985563018293335
83	70	0.9974653601280118
84	70	0.9912879823136209
85	70	0.9868449739275889
86	70	0.9837985935398079
87	70	0.9114840753681671
88	70	0.4613984470965159
75	71	0.39990785261711204
76	71	0.7538654888846125
77	71	0.9205727327225047
78	71	0.9859065591004823
79	71	0.9896500771720855
80	71	0.9964283438960853
81	71	0.9980278985021682
82	71	0.9988622307848174
83	71	0.998862230830913
84	71	0.998027898519469
85	71	0.9964283435083479
86	71	0.9896500767436067
87	71	0.9859078142080381
88	71	0.9206165882261856
89	71	0.918556749886387
90	71	0.5559764785273632
77	72	0.756729371512371
78	72	0.9114751207844346
79	72	0.9837995911661626
80	72	0.9868438081134256
81	72	0.9912879831485379
82	72	0.9974653600826886
83	72	0.998556301794582
84	72	0.9988516103082454
85	72	0.9985563015920562
86	72	0.9974653587798519
87	72	0.9912879791673446
88	72	0.9868458361289357
89	72	0.9837977287873143
90	72	0.911491055804328
91	72	0.3792241088427718
78	73	0.3866889491927444
79	73	0.7429052494970434
80	73	0.9205774950545002
81	73	0.9859065249734771
82	73	0.989650077478805
83	73	0.9964283438296337
84	73	0.9980278983159105
85	73	0.998862230238653
86	73	0.9988622299752756
87	73	0.9980278946902964
88	73	0.996428326888682
89	73	0.9896500565329922
90	73	0.9859094658585947
91	73	0.920666074534424
92	73	0.9630499994345905
93	73	0.5830592128570116
80	74	0.7713211540607936
81	74	0.9114800312707583
82	74	0.9837996965105344
83	74	0.9868436607710926
84	74	0.9912879827493024
85	74	0.9974653596960951
86	74	0.9985562998385271
87	74	0.9988516054023728
88	74	0.9985562909408134
89	74	0.9974652927977733
90	74	0.9912878647179995
91	74	0.9868482625264904
92	74	0.9837938640010069
93	74	0.9114879199451595
94	74	0.21984330141409322
81	75	0.3690461092666529
82	75	0.7285805454485319
83	75	0.9205848921569564
84	75	0.9859064719965644
85	75	0.9896500775549708
86	75	0.9964283423357646
87	75	0.998027893032801
88	75	0.9988622103782405
89	75	0.99886219378502
90	75	0.9980277331473342
91	75	0.9964276439197136
92	75	0.9896493195539882
93	75	0.9859104076677055
94	75	0.920720088686338
95	75	1.059775015273293
96	75	0.6098205666530911
83	76	0.7889176114049355
84	76	0.9114881415497988
85	76	0.9837998922265604
86	76	0.9868433804885739
87	76	0.9912879766692846
88	76	0.9974653445724373
89	76	0.9985562392319061
90	76	0.9988514387407947
91	76	0.9985558661855336
92	76	0.9974628689728535
93	76	0.991282280595247
94	76	0.9868532527131202
95	76	0.9834835142307019
96	76	0.9106478847363384
97	76	-0.19386012760973412
84	77	0.34406122032461006
85	77	0.7087112429896043
86	77	0.9205972400632392
87	77	0.9859063810455209
88	77	0.989650058843615
89	77	0.9964282874054439
90	77	0.9980277173829826
91	77	0.9988616323055377
92	77	0.9988607871532449
93	77	0.9980222040356452
94	77	0.9963945992289309
95	77	0.989591492247373
96	77	0.9838042211059314
97	77	0.9125409464372805
98	77	0.9139062991111916
99	77	0.19825799771381644
86	78	0.810931173170437
87	78	0.9115027996494178
88	78	0.9838002814877205
89	78	0.9868426974110966
90	78	0.9912877459419771
91	78	0.9974646712339301
92	78	0.9985542168186385
93	78	0.9988453021090187
94	78	0.9985412746845936
95	78	0.9973410203088032
96	78	0.9907726691747345
97	78	0.9753612697174052
98	78	0.8255657239455305
99	78	-2.500039963693616
100	78	-76.06027422729373
87	79	0.30571843197240034
88	79	0.678808956620083
89	79	0.9206200214239515
90	79	0.9859058872327986
91	79	0.9896490228295893
92	79	0.9964251180087547
93	79	0.998018695271947
94	79	0.9988311620292962
95	79	0.9987703897628779
96	79	0.9972351731373766
97	79	0.9876106379491054
98	79	0.8452654413429253
99	79	-1.7189098024987284
100	79	-43.48032212237363
89	80	0.839663778681479
90	80	0.9115326025659982
91	80	0.9837997309960171
92	80	0.9868365487639624
93	80	0.9912732771900103
94	80	0.9974203579213918
95	80	0.9983846162252283
96	80	0.9980068923675877
97	80	0.9893183684080251
98	80	0.8624474874119719
99	80	-1.2725930793702471
100	80	-33.934309718099016
90	81	0.23957737618137903
91	81	0.6280071174875674
92	81	0.9206641966768319
93	81	0.9858882096993911
94	81	0.9895927464290917
95	81	0.996231221791197
96	81	0.9970335041903136
97	81	0.9898313983165273
98	81	0.871611649041844
99	81	-1.007989005798335
100	81	-29.74878077987306
92	82	0.8788265490122442
93	82	0.9115902414777748
94	82	0.9837438285342577
95	82	0.9866222408342298
96	82	0.9902733468332339
97	82	0.9884504283626064
98	82	0.8748126231344306
99	82	-0.9008727956527753
100	82	-28.031547299430553
93	83	0.1012783061489046
94	83	0.5219216025879096
95	83	0.9205703146635429
96	83	0.9848238758154946
97	83	0.9804203984079263
98	83	0.8699734952495142
99	83	-0.9163394419058675
100	83	-28.05282297889613
95	84	0.9336713007518538
96	84	0.9108904056315481
97	84	0.9733498592712406
98	84	0.8511676709594638
99	84	-1.0670187377217986
100	84	-29.80482493223214
96	85	-0.3113585246771826
97	85	0.1952561601645741
98	85	0.7673097668278386
99	85	-1.3908937377216055
100	85	-34.01423242332906
98	86	0.7503732834748764
99	86	-2.273759097851515
100	86	-42.99516420889469
99	87	-7.408511523427442
100	87	-83.62675907272043