1	4	24.16874063086254
1	5	18.235507071178397
2	5	5.9737936156280025
3	5	6.653163660954968
1	6	11.576928479895614
2	6	7.434431742040031
3	6	2.4346099481995456
4	6	2.387506206795387
1	7	24.428460025790063
2	7	7.431397422299041
3	7	3.608306452773576
4	7	0.8191370379223241
5	7	1.3389545968429946
6	7	0.7369950872583731
2	8	6.768759453825739
3	8	4.416401383877022
4	8	1.7666931596284852
5	8	0.0736661061391286
6	8	0.1748453571141022
7	8	-0.89690837335559
3	9	7.16817599684056
4	9	1.280730511790929
5	9	0.9029470116978277
6	9	-0.28782680598158006
7	9	-0.2724898273283769
8	9	-0.4275207585112497
9	9	0.11481890088191482
5	10	5.46959795212664
6	10	0.2074827740612774
7	10	-0.48651460862812246
8	10	-0.540984152003328
9	10	-0.7490978408021103
10	10	-0.8964417158437137
6	11	0.30609861647806136
7	11	-0.24662146327820367
8	11	-0.6159778128604048
9	11	-0.6731417543447997
10	11	-0.7984275990846942
11	11	-0.553321787850706
12	11	-0.32936761840434714
8	12	-0.20455225811234543
9	12	-0.7160680015058196
10	12	-0.7504085082018617
11	12	-0.8136177123967945
12	12	-0.8147210762252926
13	12	-1.007556600208957
9	13	-0.25885895760769084
10	13	-0.8524314356645626
11	13	-0.7977964976462446
12	13	-0.8209275294515123
13	13	-0.831136249716536
14	13	-0.6510466039622242
15	13	-0.4484557591497625
11	14	-0.1852558986509889
12	14	-0.837192634552467
13	14	-0.8367003528040766
14	14	-0.8333188625537866
15	14	-0.8650756074822722
16	14	-0.9732120660829635
12	15	-0.6584809411835993
13	15	-0.8343862256452584
14	15	-0.8565563603933519
15	15	-0.8335439315672045
16	15	-0.8595834181937829
17	15	-0.682073494961717
18	15	-0.510603012148932
14	16	-0.5581979686451675
15	16	-0.8718005311723935
16	16	-0.8455087722257588
17	16	-0.8475830873361665
18	16	-0.8722358002388453
19	16	-0.9455445744556741
15	17	-0.632670198212514
16	17	-0.8441884040268315
17	17	-0.8621263113501765
18	17	-0.8408491974637167
19	17	-0.8626492115821363
20	17	-0.7005999308199097
21	17	-0.537703198030353
17	18	-0.5626245952420118
18	18	-0.8758475446194317
19	18	-0.8495009771237236
20	18	-0.8490498526190343
21	18	-0.8761183547608407
22	18	-0.9157466074247365
18	19	-0.6544583840273315
19	19	-0.8253735521773469
20	19	-0.8647755713808312
21	19	-0.841614592387468
22	19	-0.8646295435522344
23	19	-0.7122917664423427
24	19	-0.5539447282589989
20	20	-0.6277206829134092
21	20	-0.8771871673838783
22	20	-0.8499564456244042
23	20	-0.8499948727406076
24	20	-0.8769515134095256
25	20	-0.8918355862192231
21	21	-0.6424802734750166
22	21	-0.8155585111804511
23	21	-0.8649913151889315
24	21	-0.8420701890894022
25	21	-0.8649667376066102
26	21	-0.7209856135513097
27	21	-0.564704265714884
23	22	-0.6475170247852123
24	22	-0.8773855834089801
25	22	-0.8501883810612471
26	22	-0.8501487261905893
27	22	-0.877305514324501
28	22	-0.8720750181210244
24	23	-0.6399114125631203
25	23	-0.805633986145418
26	23	-0.8651435220126455
27	23	-0.8421417216804157
28	23	-0.8651215458936976
29	23	-0.7280290295066658
30	23	-0.5728661579905292
26	24	-0.6724642824561404
27	24	-0.8774366342228265
28	24	-0.8502257179888806
29	24	-0.8502229017103644
30	24	-0.8774007084784825
31	24	-0.8558198291989814
27	25	-0.6338096065173312
28	25	-0.798110687130118
29	25	-0.8651563484776812
30	25	-0.842176336249101
31	25	-0.8651550473235349
32	25	-0.7340160823305043
33	25	-0.5795120267887057
29	26	-0.6885858681373087
30	26	-0.8774535471522
31	26	-0.8502427163596129
32	26	-0.8502395644155742
33	26	-0.8774374309823083
34	26	-0.8420808506633422
30	27	-0.6294768947883125
31	27	-0.7914921191996604
32	27	-0.8651678411245133
33	27	-0.8421838981904128
34	27	-0.8651669305631391
35	27	-0.7392992641078722
36	27	-0.5852048185341665
32	28	-0.7035446045721669
33	28	-0.8774546017792586
34	28	-0.8502465723860844
35	28	-0.8502460982420104
36	28	-0.8774489370667371
37	28	-0.8302040683632511
33	29	-0.6248851837648199
34	29	-0.7857962796957216
35	29	-0.8651688025222235
36	29	-0.842186954930326
37	29	-0.8651695304197633
38	29	-0.7440784631615024
39	29	-0.5902547064666424
35	30	-0.7158042781856713
36	30	-0.877456535897652
37	30	-0.8502481050851671
38	30	-0.8502478931335041
39	30	-0.8774534510361538
40	30	-0.8196810605314883
36	31	-0.6207433911487487
37	31	-0.7806604487470106
38	31	-0.8651698267143457
39	31	-0.8421877883383784
40	31	-0.8651701222144161
41	31	-0.748499769695937
42	31	-0.5948569735605034
38	32	-0.7268740918896581
39	32	-0.8774563229382238
40	32	-0.8502485567853801
41	32	-0.8502485281218711
42	32	-0.8774550922202631
43	32	-0.810150030646289
39	33	-0.6166770269098911
40	33	-0.7759596391411119
41	33	-0.8651698434876218
42	33	-0.8421880995813174
43	33	-0.8651701218298544
44	33	-0.7526690300389127
45	33	-0.5991475119876809
41	34	-0.736789883879245
42	34	-0.8774565518888295
43	34	-0.850248728985691
44	34	-0.8502487286942313
45	34	-0.8774558052989365
46	34	-0.8013365341969769
42	35	-0.6127447689347729
43	35	-0.7715484171303035
44	35	-0.8651699088538989
45	35	-0.8421881999969388
46	35	-0.8651700269018865
47	35	-0.7566726008351901
48	35	-0.6032279790708253
44	36	-0.7459945506629024
45	36	-0.8774564760244513
46	36	-0.8502487917878953
47	36	-0.8502487981239342
48	36	-0.8774561096561799
49	36	-0.7930300754819899
45	37	-0.6088352380019713
46	37	-0.7673305433106361
47	37	-0.8651698767992851
48	37	-0.8421882381667624
49	37	-0.8651699530678207
50	37	-0.7605834831788494
51	37	-0.6071808429149488
47	38	-0.7546594404832292
48	38	-0.8774564845754207
49	38	-0.8502488172759477
50	38	-0.8502488223891571
51	38	-0.877456267789698
52	38	-0.7850578409288972
48	39	-0.6049073603813298
49	39	-0.7632173432201614
50	39	-0.8651698740333917
51	39	-0.8421882526743953
52	39	-0.8651699111925937
53	39	-0.7644686113586783
54	39	-0.6110768544661208
50	40	-0.7629958266593694
51	40	-0.8774564429783978
52	40	-0.8502488285096466
53	40	-0.8502488306829401
54	40	-0.8774563312241672
55	40	-0.7772767553930913
51	41	-0.6008885603097108
52	41	-0.7591316446893113
53	41	-0.8651698786931621
54	41	-0.842188258447345
55	41	-0.8651699178945793
56	41	-0.7683922471834346
57	41	-0.6149833788851393
53	42	-0.7711567833812587
54	42	-0.8774564142474774
55	42	-0.8502488340152199
56	42	-0.8502488331411853
57	42	-0.8774564092958561
58	42	-0.7695459627115375
54	43	-0.5967115253700251
55	43	-0.754997415917943
56	43	-0.8651699120683035
57	43	-0.8421882612946432
58	43	-0.865169929825129
59	43	-0.772423111699426
60	43	-0.6189637987980765
56	44	-0.7792972682844295
57	44	-0.8774563608268295
58	44	-0.8502488358769953
59	44	-0.850248833362613
60	44	-0.8774563377908426
61	44	-0.7617561507032103
57	45	-0.5922923383640846
58	45	-0.7507357023904118
59	45	-0.8651699643444941
60	45	-0.8421882610691949
61	45	-0.8651700510550955
62	45	-0.7766320158133093
63	45	-0.6230956263917272
59	46	-0.7875660438976082
60	46	-0.8774563247246507
61	46	-0.8502488393342778
62	46	-0.8502488286467128
63	46	-0.8774565745633515
64	46	-0.753725489927358
60	47	-0.5875311517594756
61	47	-0.746257632897386
62	47	-0.8651700643739741
63	47	-0.8421882590528302
64	47	-0.8651700022034847
65	47	-0.781116640492594
66	47	-0.6274423251998075
62	48	-0.7961258017234796
63	48	-0.8774562091192735
64	48	-0.850248825182387
65	48	-0.8502488128749142
66	48	-0.8774559160591919
67	48	-0.7454260684054614
63	49	-0.582298118978903
64	49	-0.7414572301539317
65	49	-0.8651701481019911
66	49	-0.8421882286347437
67	49	-0.8651704708571399
68	49	-0.7859582033990627
69	49	-0.6321434529700505
65	50	-0.805161589710929
66	50	-0.8774562226023763
67	50	-0.8502488071582079
68	50	-0.8502487077800271
69	50	-0.8774572203922734
70	50	-0.736384363159932
66	51	-0.5764230137976954
67	51	-0.7361995173961308
68	51	-0.865170341467179
69	51	-0.8421880920600535
70	51	-0.8651692758011253
71	51	-0.7913698810145086
72	51	-0.6372125624269878
68	52	-0.8149050429754646
69	52	-0.8774557135299921
70	52	-0.8502484973798357
71	52	-0.8502481513074096
72	52	-0.877451622957226
73	52	-0.7271395348297184
69	53	-0.5696603058363712
70	53	-0.7303051626346485
71	53	-0.8651699683487508
72	53	-0.8421871833707424
73	53	-0.8651700066182104
74	53	-0.7973433227259268
75	53	-0.6430824578842914
71	54	-0.8256491419837795
72	54	-0.877455749156955
73	54	-0.8502472427835468
74	54	-0.8502449062914359
75	54	-0.8774539935703289
76	54	-0.7154767210600478
72	55	-0.5616765744056126
73	55	-0.7235216251149394
74	55	-0.8651685706302479
75	55	-0.8421823205133556
76	55	-0.8651500962767229
77	55	-0.8046591127088917
78	55	-0.6492237422539211
74	56	-0.8378226887538835
75	56	-0.8774498715367289
76	56	-0.8502385279240432
77	56	-0.8502263095512901
78	56	-0.877378010486213
79	56	-0.7058842803034784
75	57	-0.5518913391611516
76	57	-0.7154707696870226
77	57	-0.8651540731154783
78	57	-0.8421531449921489
79	57	-0.8650957372469616
80	57	-0.8121833919509188
81	57	-0.6575795411010238
77	58	-0.8519803516700919
78	58	-0.8774342973689004
79	58	-0.8501919460822553
80	58	-0.850119973031864
81	58	-0.8771836091305303
82	58	-0.6844904055601582
78	59	-0.5395829014651019
79	59	-0.705579395554346
80	59	-0.8650798739023405
81	59	-0.8419888408306382
82	59	-0.8646164025658257
83	59	-0.8238749682011925
84	59	-0.6622879092522781
80	60	-0.8691536295294549
81	60	-0.8772923757891404
82	60	-0.8499119824115253
83	60	-0.8495082998732797
84	60	-0.8754458027017467
85	60	-0.6819065243123339
81	61	-0.5227876109022287
82	61	-0.6926830007090772
83	61	-0.864607085065138
84	61	-0.8410307613842503
85	61	-0.8623423768062833
86	61	-0.8268819377995589
87	61	-0.6692754140103652
83	62	-0.8903282258473331
84	62	-0.8765946262708951
85	62	-0.8483153392088418
86	62	-0.8460233331742322
87	62	-0.8673545915488969
88	62	-0.5900314959902923
84	63	-0.49988186655611894
85	63	-0.6748011882712955
86	63	-0.8619028592699088
87	63	-0.8355635783248716
88	63	-0.848176797413402
89	63	-0.8354793021706457
90	63	-0.5979197108056611
86	64	-0.9183493584424589
87	64	-0.8719636876677695
88	64	-0.8389916374077173
89	64	-0.8261099587692746
90	64	-0.8173513329865105
91	64	-0.5740320592651882
87	65	-0.45828751238943066
88	65	-0.64269728531486
89	65	-0.845637880367381
90	65	-0.8040112475804597
91	65	-0.7722074896001232
92	65	-0.6745027948171689
93	65	-0.30697283082723803
89	66	-0.9466910543532521
90	66	-0.8452370287239284
91	66	-0.7849150685833295
92	66	-0.7136539535298976
93	66	-0.5528353193158673
94	66	0.5824769707208304
90	67	-0.3879826941144795
91	67	-0.5677282312589988
92	67	-0.748622907073486
93	67	-0.6240911245774052
94	67	-0.33757238773011444
95	67	-0.08176321234524181
96	67	1.8515830391803045
92	68	-0.9562040692467155
93	68	-0.6737977056928461
94	68	-0.47046936072710893
95	68	-0.07706873826415292
96	68	0.8962932394500551
97	68	3.574439612236108
93	69	-0.08011365140783394
94	69	-0.2123378232348181
95	69	-0.16007801076592823
96	69	0.4138092550291361
97	69	1.9473125391334332
98	69	4.166652425193307
99	69	8.363469202753787
95	70	-0.5139500654178146
96	70	0.4048222170570457
97	70	1.4008870759841399
98	70	3.3477851759547095
99	70	8.286697709938037
100	70	21.4865193827887
96	71	1.0605226228479272
97	71	1.8519189628794073
98	71	3.6616689704525376
99	71	6.145433744601614
100	71	12.414777140930164
98	72	2.263603484065076
99	72	8.730646604867195
100	72	12.465597707768946
99	73	14.0092725491809
100	73	27.34821024414363