1	4	0.0186808751977015
1	5	0.015898093837912415
2	5	0.0018384076913482922
3	5	0.025078393237680643
1	6	0.017088338401645146
2	6	-0.026849230089253884
3	6	-0.02067158560040188
4	6	0.02121505701303912
1	7	0.03032947863485963
2	7	-0.01604401611189915
3	7	-0.033382321485367336
4	7	-0.023310778595855227
5	7	0.006675304891160616
6	7	0.036443011349975976
2	8	0.027631340998811402
3	8	-0.016752266997176135
4	8	-0.03203567646661881
5	8	-0.03153941665107741
6	8	-0.01603902503264698
7	8	0.02788042578497471
3	9	0.03415814788216531
4	9	0.005902553280952939
5	9	-0.02124867756643909
6	9	-0.031964783728754956
7	9	-0.02044273045583635
8	9	0.009222695048600883
9	9	0.038677247505657944
5	10	0.02745954942433636
6	10	-0.015432151324519059
7	10	-0.03024553372753469
8	10	-0.029983687568485486
9	10	-0.014671747719267509
10	10	0.0291249368295153
6	11	0.03777195101311777
7	11	0.0088318143827821
8	11	-0.019986733791440295
9	11	-0.031051112476284184
10	11	-0.019722067001446825
11	11	0.009740239542172173
12	11	0.03911475228070054
8	12	0.028927172620802064
9	12	-0.014584802283529836
10	12	-0.029664426508350397
11	12	-0.029593026361453275
12	12	-0.014370484708314306
13	12	0.02938652957058969
9	13	0.03887907034610262
10	13	0.009629425368567437
11	13	-0.019624863787744043
12	13	-0.030819437691501403
13	13	-0.019555610574976692
14	13	0.009854232423040796
15	13	0.03921382502121232
11	14	0.02933526477320742
12	14	-0.014354082043265572
13	14	-0.029517009044555072
14	14	-0.02949898434325058
15	14	-0.014299825388943484
16	14	0.029449222078915427
12	15	0.039158412963639415
13	15	0.009827136269259094
14	15	-0.019532511523495756
15	15	-0.030762095527214903
16	15	-0.01951531794058175
17	15	0.009881744401113213
18	15	0.03923923009749299
14	16	0.02943869157004582
15	16	-0.014295307555027278
16	16	-0.02948012181490034
17	16	-0.02947566768311823
18	16	-0.014282035085573285
19	16	0.02946596647980228
15	17	0.03922716215671447
16	17	0.009875737817446129
17	17	-0.019509191918983707
18	17	-0.03074761171274522
19	17	-0.01950501413491144
20	17	0.009888964669991483
21	17	0.03924643856842695
17	18	0.029464475020642186
18	18	-0.014280428996622381
19	18	-0.02947074100602529
20	18	-0.029469646978696893
21	18	-0.014277239832117154
22	18	0.029470849943698266
18	19	0.03924409042849542
19	19	0.00988779564321249
20	19	-0.01950322693728364
21	19	-0.03074383187668682
22	19	-0.019502225488831685
23	19	0.009891008893070442
24	19	0.039248652641528214
20	20	0.029470926732347774
21	20	-0.014276615274254719
22	20	-0.0294682872905012
23	20	-0.029468018475137393
24	20	-0.014275860438272375
25	20	0.029472377058334633
21	21	0.039248304284783896
22	21	0.009890842230582578
23	21	-0.019501662699406598
24	21	-0.030742804487405514
25	21	-0.0195014258684241
26	21	0.009891627982182502
27	21	0.039249374723794764
23	22	0.029472564763859913
24	22	-0.01427561416845417
25	22	-0.029467621232351714
26	22	-0.029467554901400492
27	22	-0.01427543889125793
28	22	0.029472880976494024
24	23	0.03924937306207811
25	23	0.009891632520863662
26	23	-0.019501238112927543
27	23	-0.030742511736850282
28	23	-0.019501183158083864
29	23	0.00989182657880008
30	23	0.03924962086550734
26	24	0.02947299056362282
27	24	-0.014275342429241937
28	24	-0.02946743217687374
29	24	-0.029467415687991813
30	24	-0.01427530296142978
31	24	0.029473054115084704
27	25	0.03924965148651577
28	25	0.009891844754594089
29	25	-0.019501117837470345
30	25	-0.03074242394250512
31	25	-0.01950110548745193
32	25	0.009891893345906698
33	25	0.03924970750870405
29	26	0.029473104903715956
30	26	-0.014275265509389911
31	26	-0.029467375781815644
32	26	-0.029467371638746086
33	26	-0.01427525711272996
34	26	0.02947311540488038
30	27	0.039249726614127955
31	27	0.009891904234586335
32	27	-0.01950108207402225
33	27	-0.030742396229642553
34	27	-0.019501079461453085
35	27	0.009891916630044365
36	27	0.039249738724960084
32	28	0.029473136891064886
33	28	-0.014275242664945148
34	28	-0.02946735808161683
35	28	-0.029467357025789474
36	28	-0.014275241085050195
37	28	0.02947313758026944
33	29	0.03924974777951537
34	29	0.009891921737013695
35	29	-0.01950107089118832
36	29	-0.03074238706027549
37	29	-0.019501070407591997
38	29	0.00989192497711825
39	29	0.03924975016377571
35	30	0.02947314627490605
36	30	-0.014275235532382441
37	30	-0.0294673522551549
38	30	-0.029467351981273066
39	30	-0.014275235326748226
40	30	0.02947314573372088
36	31	0.03924975404127288
37	31	0.009891927157696948
38	31	-0.019501067223163523
39	31	-0.030742383901304862
40	31	-0.019501067164810516
41	31	0.00989192803126087
42	31	0.039249754408143905
38	32	0.02947314917062919
39	32	-0.014275233195934899
40	32	-0.029467350256514903
41	32	-0.0294673501835606
42	32	-0.014275233215566875
43	32	0.029473148767202813
39	33	0.039249755990776916
40	33	0.00989192892092564
41	33	-0.01950106596877033
42	33	-0.030742382778194924
43	33	-0.019501065978497455
44	33	0.0098919291650068
45	33	0.03924975599781904
41	34	0.02947315010888899
42	34	-0.014275232398321756
43	34	-0.029467349548710744
44	34	-0.029467349528523538
45	34	-0.014275232429981279
46	34	0.02947314990608637
42	35	0.03924975662780482
43	35	0.009891929519578702
44	35	-0.019501065525129115
45	35	-0.03074238236828683
46	35	-0.019501065536957435
47	35	0.009891929590783399
48	35	0.039249756597378865
44	36	0.029473150426563274
45	36	-0.014275232116203075
46	36	-0.029467349291044696
47	36	-0.0294673492851367
48	36	-0.014275232134556117
49	36	0.02947315033654222
45	37	0.03924975684507538
46	37	0.009891929730465304
47	37	-0.01950106536406037
48	37	-0.030742382216279444
49	37	-0.019501065370631822
50	37	0.009891929751300883
51	37	0.03924975682395769
47	38	0.029473150538129468
48	38	-0.014275232013823844
49	38	-0.02946734919520897
50	38	-0.029467349194121195
51	38	-0.014275232023450638
52	38	0.029473150498640348
48	39	0.0392497569216251
49	39	0.009891929806467067
50	39	-0.019501065305019813
51	39	-0.030742382160219447
52	39	-0.019501065309150974
53	39	0.009891929810027848
54	39	0.03924975690671538
50	40	0.029473150577778703
51	40	-0.01427523197679379
52	40	-0.029467349160435696
53	40	-0.029467349160985777
54	40	-0.014275231984278583
55	40	0.02947315055470317
51	41	0.039249756948845235
52	41	0.009891929833626693
53	41	-0.019501065284426217
54	41	-0.03074238214178291
55	41	-0.0195010652910789
56	41	0.009891929821618912
57	41	0.03924975692292143
53	42	0.029473150590945612
54	42	-0.014275231965581198
55	42	-0.02946734915243015
56	42	-0.029467349157062613
57	42	-0.014275231983043419
58	42	0.029473150551884396
54	43	0.03924975695644147
55	43	0.009891929839682758
56	43	-0.01950106528379142
57	43	-0.030742382146652817
58	43	-0.019501065305435
59	43	0.00989192978209142
60	43	0.039249756866183996
56	44	0.029473150589122976
57	44	-0.014275231972938531
58	44	-0.02946734916779887
59	44	-0.029467349188552636
60	44	-0.014275232039069753
61	44	0.029473150452239805
57	45	0.039249756949664635
58	45	0.009891929826050024
59	45	-0.019501065313249508
60	45	-0.030742382198285303
61	45	-0.0195010653976722
62	45	0.009891929586468728
63	45	0.039249756584778875
59	46	0.02947315056104472
60	46	-0.014275232021664176
61	46	-0.029467349249411322
62	46	-0.02946734933522656
63	46	-0.01427523229098499
64	46	0.02947315000703015
60	47	0.039249756907285514
61	47	0.00989192975462403
62	47	-0.019501065445167956
63	47	-0.030742382421773184
64	47	-0.019501065792987056
65	47	0.009891928767360794
66	47	0.03924975540498976
62	48	0.029473150435763422
63	48	-0.014275232232951147
64	48	-0.029467349596962646
65	48	-0.029467349948310427
66	48	-0.014275233338247255
67	48	0.029473148156200373
63	49	0.0392497567237636
64	49	0.009891929451076767
65	49	-0.01950106599762057
66	49	-0.030742383348038096
67	49	-0.019501067425431253
68	49	0.009891925376917757
69	49	0.0392497505145384
65	50	0.029473149906942338
66	50	-0.01427523311401193
67	50	-0.02946735103701561
68	50	-0.029467352481475265
69	50	-0.014275237660583055
70	50	0.02947314049193213
66	51	0.03924975594572198
67	51	0.00989192817758485
68	51	-0.0195010682955993
69	51	-0.030742387184805507
70	51	-0.019501074174006247
71	51	0.009891911318931332
72	51	0.03924973020296574
68	52	0.02947314767073108
69	52	-0.014275236801233458
70	52	-0.02946735702649477
71	52	-0.02946736297869084
72	52	-0.014275255544136941
73	52	0.029473108686877858
69	53	0.03924975262792942
70	53	0.009891922802308571
71	53	-0.01950107790834166
72	53	-0.030742403130276198
73	53	-0.01950110213958555
74	53	0.009891852859048155
75	53	0.0392496456023481
71	54	0.029473138128632045
72	54	-0.014275252326416275
73	54	-0.029467382037413524
74	54	-0.029467406601575423
75	54	-0.01427532968208807
76	54	0.02947297638285832
72	55	0.03924973832771589
73	55	0.009891899939262963
74	55	-0.01950111833529518
75	55	-0.03074246963799539
76	55	-0.01950121830968049
77	55	0.009891609037638312
78	55	0.039249292237063735
74	56	0.029473096983453358
75	56	-0.014275318169014969
76	56	-0.029467486980809095
77	56	-0.02946758841979473
78	56	-0.014275637532233683
79	56	0.029472424948671243
75	57	0.03924967591208267
76	57	0.009891801764698328
77	57	-0.01950128943918629
78	57	-0.03074274803779136
79	57	-0.01950170176147699
80	57	0.009890589478103833
81	57	0.039247812697974394
77	58	0.029472917325194324
78	58	-0.014275599702521374
79	58	-0.02946792947596752
80	58	-0.029468348083534105
81	58	-0.014276916620117604
82	58	0.029470124121406076
78	59	0.03924939939332417
79	59	0.009891375509266088
80	59	-0.01950201875678466
81	59	-0.030743917264798457
82	59	-0.019503715231128677
83	59	0.009886317877391162
84	59	0.03924160752430869
80	60	0.029472120921442874
81	60	-0.014276815041351552
82	60	-0.029469804708336454
83	60	-0.029471526754069693
84	60	-0.01428222389437553
85	60	0.02946052966465993
81	61	0.03924815220404963
82	61	0.009889500344752035
83	61	-0.01950515196647514
84	61	-0.030748839803107872
85	61	-0.019512088914503796
86	61	0.009868412009222002
87	61	0.039215578392207885
83	62	0.029468525069653147
84	62	-0.01428212002992571
85	62	-0.029477789063867596
86	62	-0.029484817079082612
87	62	-0.014304126071735436
88	62	0.029420679133938615
84	63	0.039242403310655094
85	63	0.009881120785548508
86	63	-0.019518727486585195
87	63	-0.030769567228529165
88	63	-0.01954669555381739
89	63	0.009793551663503902
90	63	0.03910672295522048
86	64	0.029451914319048093
87	64	-0.01430557615381843
88	64	-0.02951188771289802
89	64	-0.02954003934383394
90	64	-0.014393169701145406
91	64	0.029257099670593957
87	65	0.039215178412891426
88	65	0.009842959274045722
89	65	-0.019578039415096872
90	65	-0.030856309224550127
91	65	-0.019687071642381516
92	65	0.009483973659417584
93	65	0.03865654667859494
89	66	0.02937289599167521
90	66	-0.014410795204810176
91	66	-0.02965709254386635
92	66	-0.02976451326309853
93	66	-0.01474001854793475
94	66	0.028608338814394764
90	67	0.03908166662598621
91	67	0.00966511924097303
92	67	-0.019838392115039637
93	67	-0.031209789738297834
94	67	-0.020223595288781454
95	67	0.008252836092942407
96	67	0.03686579838280553
92	68	0.028981615527704375
93	68	-0.014889253141763939
94	68	-0.030259494574066147
95	68	-0.03060368746720632
96	68	-0.0158834508190649
97	68	0.026358839846227063
93	69	0.03839425796807838
94	69	0.008813306672158273
95	69	-0.0209622499895906
96	69	-0.03248141205919776
97	69	-0.02174037463061087
98	69	0.004289473573624605
99	69	0.03120586157000784
95	70	0.02692147353642048
96	70	-0.017045519903956464
97	70	-0.03231606996583089
98	70	-0.03196579073833446
99	70	-0.014110334254035496
100	70	0.03185434335630269
96	71	0.03457970356038141
97	71	0.0047291667069414055
98	71	-0.024132930809993035
99	71	-0.02746696067664752
100	71	0.018997324856436668
98	72	0.01600977078582741
99	72	-0.017819770930864044
100	72	0.01386269358577628
99	73	0.01938785196269946
100	73	0.023602221844656407