-217.98041972829492
1.1164631886395624
-4.148934903861879
12.727194951943574
13.442162777492367
15.708123307867606
16.117854242788354
16.54537948459439
16.681828473046984
16.78179498193256
16.8231565686585
16.849605643054474
16.86201010209606
16.86952568127993
16.873289845000293
16.875519004325014
16.876672876744703
16.87733771421371
16.877667439355555
16.877814536018924
16.877814536020754
16.877667439350223
16.877337714221156
16.876672876738322
16.875519004324648
16.873289845007026
16.869525681276897
16.862010102096228
16.849605643061633
16.823156568652706
16.781794981927206
16.681828473052907
16.54537948458691
16.11785424278243
15.708123307873738
13.442162777501327
12.727194951934191
-4.148934903855537
1.1164631886551963
-217.98041972831126
-18.12640127451007
-4.531994225895301
-3.591639000594252
-1.58126889680638
-0.42156909208524285
-0.01301305216164523
0.35327195830384994
0.46081618024299137
0.5620321706464193
0.5938707202463134
0.6218055910814198
0.6316329534263085
0.6395639646284816
0.642648748594846
0.6449732180117711
0.6459498702772423
0.6466461689189587
0.6469499796188879
0.6471460779872205
0.6472148036545928
0.6472148036537195
0.6471460779892649
0.646949979616501
0.6466461689163918
0.6459498702805713
0.644973218007373
0.6426487485955013
0.639563964629652
0.6316329534257441
0.6218055910837754
0.5938707202470168
0.5620321706480632
0.4608161802431512
0.3532719583009095
-0.013013052157683884
-0.42156909209063664
-1.5812688968053221
-3.5916390005933883
-4.531994225897458
-18.12640127451028
-1.6363105797367912
-1.153724654143442
-2.063162267346773
-1.1631452159932048
-1.156461890824025
-0.8619379396849614
-0.8178988680722428
-0.7287137991162085
-0.7091528420441462
-0.6824604293930782
-0.6753845209749811
-0.6673676766676659
-0.6649521363792653
-0.662519079443962
-0.6617115920857217
-0.6609642568806015
-0.6606987815215745
-0.6604716767611312
-0.6603923512855099
-0.6603416625649565
-0.6603416625652538
-0.6603923512856361
-0.660471676761587
-0.6606987815218994
-0.6609642568809642
-0.661711592086063
-0.6625190794436682
-0.6649521363791955
-0.6673676766678351
-0.6753845209741322
-0.6824604293929952
-0.7091528420436892
-0.7287137991159902
-0.817898868073967
-0.8619379396855571
-1.1564618908248696
-1.1631452159921127
-2.0631622673473906
-1.1537246541435944
-1.6363105797361688
7.9762467397688
-0.42534903044149597
-0.48924946588749973
-0.9652141233129419
-0.9394357780814184
-0.9693926308894603
-0.9389480227819139
-0.9362016112089977
-0.9218546181696963
-0.9191596589929862
-0.913746257326423
-0.9125390827294059
-0.9106640398114769
-0.9102011402242803
-0.9095748334957883
-0.9094086522541438
-0.9092039201720796
-0.9091480119496359
-0.9090870890369938
-0.9090739438239306
-0.9090739438239683
-0.9090870890371858
-0.9091480119497694
-0.9092039201721036
-0.909408652254224
-0.9095748334959121
-0.9102011402239666
-0.91066403981155
-0.9125390827294755
-0.9137462573262396
-0.919159658992845
-0.9218546181695899
-0.9362016112087861
-0.938948022781326
-0.9693926308899867
-0.9394357780811504
-0.9652141233128695
-0.48924946588800705
-0.42534903044135297
7.976246739768243
11.390095143105388
-0.006039223980877618
0.08756434803517217
-0.7491390474637227
-0.8332840817766457
-0.9273616717592376
-0.9531565337324288
-0.9643317756683563
-0.9702183460445041
-0.97088804396365
-0.9720889405925539
-0.9717570059764749
-0.9719789918632713
-0.9717579679902495
-0.9717924111564498
-0.9716958474252546
-0.9716990345527212
-0.971663032337259
-0.9716626703957055
-0.9716537332636179
-0.9716537332634103
-0.9716626703957858
-0.9716630323372758
-0.9716990345525218
-0.9716958474252431
-0.9717924111566518
-0.9717579679902522
-0.9719789918633084
-0.9717570059766598
-0.9720889405923798
-0.9708880439633711
-0.9702183460446889
-0.96433177566809
-0.9531565337320664
-0.9273616717594493
-0.8332840817769238
-0.7491390474638351
0.08756434803493582
-0.006039223980934862
11.390095143105267
13.143777647191092
0.17146898247370057
0.4100552210937713
-0.6523909596249191
-0.7506346875973662
-0.9012333397372898
-0.938820177035234
-0.9678431318647771
-0.9780438699853535
-0.9846707743792433
-0.987198633163527
-0.9888580520200325
-0.9894640168590592
-0.9899050252332882
-0.9900476456107503
-0.9901705639969564
-0.9902033693930934
-0.9902384383589853
-0.9902454294091685
-0.9902530311735778
-0.9902530311732451
-0.9902454294092875
-0.9902384383592046
-0.9902033693929244
-0.990170563996928
-0.9900476456106335
-0.9899050252328523
-0.989464016858463
-0.9888580520200213
-0.9871986331629841
-0.9846707743791818
-0.9780438699857266
-0.9678431318652763
-0.9388201770355925
-0.9012333397381862
-0.7506346875977986
-0.6523909596253413
0.4100552210933923
0.17146898247303477
13.14377764719087
13.948340440970586
0.26438418596018753
0.5604622553263012
-0.595666193077164
-0.7096875255496342
-0.8808216792222665
-0.929315725572891
-0.964183570953743
-0.9789972246666974
-0.9874187541688415
-0.9916689502744629
-0.993877635179484
-0.9950959551064988
-0.9957009358126175
-0.9960567489773107
-0.9962269535357162
-0.996332869014096
-0.9963807672887321
-0.9964105013347395
-0.9964206461645868
-0.9964206461648186
-0.996410501334458
-0.9963807672885676
-0.996332869013935
-0.9962269535354235
-0.9960567489773635
-0.9957009358126032
-0.9950959551067264
-0.9938776351799827
-0.9916689502744056
-0.9874187541690088
-0.978997224666629
-0.9641835709534639
-0.9293157255727194
-0.8808216792220719
-0.7096875255496883
-0.5956661930771826
0.5604622553260639
0.2643841859593848
13.94834044097103
14.358986096495546
0.30982008309521525
0.6398424048009583
-0.5672943860416048
-0.6860949560273488
-0.8698256613602202
-0.9223450969924525
-0.9613925212121822
-0.9779136751768762
-0.9878514297226566
-0.9927181008868058
-0.9954800720622492
-0.996904573742283
-0.9977089690212224
-0.9981301722834344
-0.9983713334571771
-0.998496899624902
-0.9985691392551507
-0.9986041190769528
-0.99862013279276
-0.9986201327928543
-0.9986041190766554
-0.9985691392554621
-0.9984968996247305
-0.9983713334580271
-0.9981301722823808
-0.997708969020963
-0.9969045737420668
-0.9954800720623584
-0.9927181008868475
-0.9878514297227174
-0.9779136751769937
-0.9613925212122197
-0.9223450969924023
-0.869825661360501
-0.6860949560274356
-0.5672943860418491
0.6398424047991759
0.3098200830950783
14.35898609649463
14.56301485056649
0.3334884873145879
0.6798279826648812
-0.5518852226776914
-0.6738482516163382
-0.8633505071087901
-0.9184243320462702
-0.9593096422098496
-0.97699967704869
-0.9875838564121044
-0.9929208607332314
-0.995910497006905
-0.9975144005313021
-0.9983966024320657
-0.9988842732111107
-0.9991509543285412
-0.9993005099108567
-0.9993805904104307
-0.9994233045614321
-0.9994410329189433
-0.9994410329188179
-0.9994233045617822
-0.9993805904102468
-0.9993005099112819
-0.9991509543281668
-0.9988842732111516
-0.9983966024317987
-0.9975144005308242
-0.9959104970069872
-0.9929208607328859
-0.9875838564122121
-0.976999677048876
-0.9593096422101474
-0.9184243320464764
-0.8633505071089793
-0.6738482516164579
-0.55188522267745
0.67982798266707
0.3334884873154067
14.563014850565953
14.668331131762177
0.34562507123371067
0.7008497776734899
-0.5438668093751488
-0.6671635058407204
-0.8598613249488787
-0.9161105067180023
-0.9580809657035149
-0.9763115844986546
-0.9873086782367111
-0.9928614018311199
-0.9960106319460462
-0.9976950879403237
-0.9986381649698968
-0.9991544988149725
-0.999443937634763
-0.9996031909307184
-0.9996913751317626
-0.9997369844264665
-0.9997567072254618
-0.9997567072256726
-0.9997369844258059
-0.9996913751310113
-0.9996031909303283
-0.9994439376350903
-0.9991544988140211
-0.9986381649729369
-0.9976950879415503
-0.9960106319466159
-0.9928614018314017
-0.9873086782366043
-0.9763115844985548
-0.9580809657028606
-0.9161105067171753
-0.859861324948329
-0.6671635058395831
-0.5438668093748196
0.7008497776746492
0.34562507123435127
14.668331131761455
14.722444326234019
0.3519957820994495
0.7117718684695586
-0.5395716296444124
-0.6636249796906515
-0.857923938577063
-0.9148368730835559
-0.9573438042800444
-0.9758916313354682
-0.9870913013939444
-0.992777903486092
-0.9960047853661205
-0.9977429560586883
-0.9987151705704843
-0.9992523877434909
-0.999552383904984
-0.9997194850832278
-0.9998112569947899
-0.9998594667590825
-0.9998800362096483
-0.9998800362100086
-0.9998594667592995
-0.9998112569950409
-0.9997194850837283
-0.999552383905006
-0.999252387743865
-0.9987151705706199
-0.9977429560582305
-0.9960047853657888
-0.9927779034856834
-0.9870913013939906
-0.9758916313358245
-0.9573438042799896
-0.9148368730843499
-0.8579239385770532
-0.663624979690644
-0.539571629644608
0.7117718684700356
0.35199578209926274
14.722444326234234
14.750704912860536
0.3553322394707815
0.7175449558438454
-0.5372986388048653
-0.6617167241688855
-0.8568777178404337
-0.9141242544252899
-0.9569285125875022
-0.9756367501260248
-0.9869530995799708
-0.9927075393284481
-0.9959813772388911
-0.9977467030869356
-0.9987376293574632
-0.9992852948423995
-0.9995925816373429
-0.9997635248918277
-0.9998579806380883
-0.9999074280056797
-0.9999286706978898
-0.9999286706980093
-0.9999074280058211
-0.9998579806382649
-0.9997635248918768
-0.9995925816374844
-0.9992852948419992
-0.9987376293577412
-0.9977467030868264
-0.9959813772387125
-0.9927075393287799
-0.9869530995798471
-0.9756367501264291
-0.9569285125869842
-0.914124254425732
-0.8568777178402867
-0.6617167241687419
-0.5372986388052936
0.7175449558453191
0.35533223947074966
14.750704912860996
14.765482199640113
0.35709784734116845
0.7205907183417625
-0.536081632637363
-0.6606972155822077
-0.8563065534197647
-0.913734773705692
-0.9566932800917705
-0.9754906914901769
-0.9868676336074103
-0.9926609272174938
-0.9959592015708172
-0.9977407032707772
-0.9987413648219139
-0.9992955672312798
-0.9996066238879808
-0.9997801128680857
-0.99987593838187
-0.999926251933215
-0.9999478338004777
-0.9999478338005454
-0.9999262519329212
-0.9998759383815943
-0.999780112868015
-0.9996066238879504
-0.999295567231292
-0.9987413648224175
-0.9977407032709901
-0.9959592015712119
-0.9926609272176099
-0.9868676336076426
-0.9754906914897232
-0.9566932800915507
-0.9137347737056318
-0.8563065534199583
-0.6606972155818589
-0.5360816326439528
0.7205907183295721
0.35709784734223426
14.765482199638813
14.773272374425458
0.35803326593080553
0.7222105254796192
-0.5354319454223385
-0.6601482868844863
-0.85599767686193
-0.9135206931899458
-0.956562990230636
-0.9754072074262938
-0.9868177359692507
-0.9926315288132881
-0.9959437124525266
-0.997733787264732
-0.9987401790540084
-0.999297853340814
-0.9996112204256888
-0.999786058539037
-0.9998827606287825
-0.9999335306188982
-0.9999553365398166
-0.9999553365400486
-0.9999335306190886
-0.9998827606288048
-0.9997860585393024
-0.9996112204255625
-0.9992978533402239
-0.998740179053456
-0.9977337872637724
-0.9959437124516745
-0.9926315288127976
-0.986817735969402
-0.9754072074272339
-0.9565629902318535
-0.9135206931914523
-0.8559976768629405
-0.6601482868858237
-0.5354319454240684
0.7222105254846927
0.35803326593007956
14.773272374429524
14.777388443368714
0.35853145461004854
0.723072578516514
-0.5350832831611894
-0.659853526413551
-0.8558299368639074
-0.9134040621918464
-0.9564907548785907
-0.9753605102562355
-0.986788900136099
-0.9926140679683466
-0.9959336871940521
-0.9977286267319032
-0.9987380979600611
-0.999297798196327
-0.9996124114287699
-0.9997880624992681
-0.9998852377794363
-0.9999362910807381
-0.9999582178357633
-0.9999582178358106
-0.9999362910801659
-0.9998852377789664
-0.9997880624991597
-0.9996124114284779
-0.9992977981966391
-0.9987380979604492
-0.9977286267324479
-0.9959336871945282
-0.9926140679687196
-0.9867889001376067
-0.9753605102601004
-0.9564907548756825
-0.913404062191876
-0.8558299368625556
-0.6598535264136979
-0.5350832831609713
0.7230725785163701
0.3585314546094936
14.777388443369002
14.779571714833898
0.3587970406673052
0.7235329545481062
-0.5348963529120969
-0.6596947954494501
-0.8557392160897602
-0.9133404455700462
-0.9564511026017328
-0.97533447180395
-0.9867726148077661
-0.9926038795674941
-0.9959276218277786
-0.9977251847661022
-0.9987363972318062
-0.9992971965575748
-0.9996125310666135
-0.9997886252636143
-0.9998860811948703
-0.9999372893351903
-0.9999592890144926
-0.9999592890148399
-0.9999372893349742
-0.9998860811949577
-0.999788625263547
-0.9996125310663582
-0.9992971965575153
-0.9987363972318701
-0.9977251847662741
-0.9959276218274398
-0.9926038795678955
-0.9867726148081281
-0.9753344718028152
-0.9564511026022906
-0.913340445569079
-0.8557392160894376
-0.6596947954486281
-0.534896352911667
0.7235329545435012
0.3587970406667237
14.779571714830267
14.780728686579717
0.3589386055008704
0.7237783419074573
-0.5347961829912101
-0.659609637353577
-0.8556902232825283
-0.9133059851459571
-0.9564294158620662
-0.9753201391054184
-0.9867635015763765
-0.9925980934115494
-0.9959240539585713
-0.9977230677356635
-0.9987352228038247
-0.9992966401557721
-0.9996123675205054
-0.9997887156165484
-0.9998863251817109
-0.9999376235525141
-0.9999596632669681
-0.9999596632670826
-0.9999376235528286
-0.9998863251819866
-0.9997887156168055
-0.9996123675203379
-0.9992966401554881
-0.9987352228033564
-0.9977230677353566
-0.9959240539578884
-0.9925980934117451
-0.9867635015766043
-0.9753201391053821
-0.956429415862341
-0.9133059851466514
-0.8556902232814739
-0.6596096373542368
-0.534796182982102
0.7237783419095394
0.3589386054986853
14.780728686579995
14.781336215694143
0.35901326108479703
0.7239078651108011
-0.534743139253931
-0.6595644302131943
-0.8556641262559208
-0.9132875409505433
-0.9564177550020283
-0.9753123665905598
-0.9867585201741775
-0.9925948790850525
-0.9959220368695301
-0.9977218253297871
-0.998734495122741
-0.9992962444133084
-0.9996121893010741
-0.9997886745425901
-0.9998863703940026
-0.9999377177161216
-0.9999597801397053
-0.9999597801396303
-0.9999377177155706
-0.9998863703933611
-0.9997886745427053
-0.9996121893011984
-0.9992962444142495
-0.9987344951238826
-0.9977218253311665
-0.9959220368703379
-0.9925948790855923
-0.9867585201744752
-0.9753123665891811
-0.9564177550013606
-0.9132875409491743
-0.8556641262540101
-0.6595644302119774
-0.5347431392524162
0.723907865109613
0.35901326108580267
14.781336215691905
14.781641738059516
0.3590509551341283
0.7239732686109199
-0.5347162652361066
-0.659541505194504
-0.8556508415721014
-0.9132781323502719
-0.9564117751682322
-0.9753083650832146
-0.9867559336429801
-0.9925931969622808
-0.995920964021313
-0.997721152049847
-0.9987340849720636
-0.9992960071145981
-0.9996120637365641
-0.9997886211617808
-0.9998863615287037
-0.9999377348608554
-0.9999598090326043
-0.999959809032727
-0.9999377348610166
-0.9998863615290324
-0.9997886211621683
-0.9996120637366178
-0.9992960071142416
-0.9987340849716628
-0.9977211520491344
-0.9959209640201381
-0.9925931969623729
-0.9867559336430103
-0.9753083650830818
-0.9564117751692192
-0.9132781323509026
-0.8556508415720314
-0.6595415051948119
-0.534716265235722
0.7239732686108242
0.3590509551358849
14.781641738058472
14.781768920997475
0.3590666839077459
0.7240005712727804
-0.534705027519387
-0.6595319071438654
-0.8556452702323523
-0.9132741775291644
-0.9564092561968531
-0.9753066728381747
-0.9867548360226641
-0.9925924781157213
-0.9959205023952389
-0.9977208581959024
-0.9987339028533939
-0.9992958977792776
-0.9996120021762849
-0.9997885900804016
-0.9998863496156015
-0.9999377339538856
-0.9999598132087819
-0.999959813209083
-0.9999377339535854
-0.9998863496156297
-0.9997885900806851
-0.999612002176089
-0.9992958977790618
-0.9987339028532919
-0.9977208581960699
-0.9959205023947957
-0.9925924781163369
-0.9867548360230571
-0.9753066728374813
-0.9564092561972711
-0.9132741775293081
-0.8556452702314818
-0.6595319071441432
-0.53470502751923
0.7240005712723393
0.3590666839082929
14.781768920996907
14.78176892099841
0.3590666839083308
0.7240005712725226
-0.5347050275190488
-0.6595319071441188
-0.8556452702325147
-0.9132741775297191
-0.956409256196985
-0.9753066728380713
-0.9867548360224636
-0.992592478115403
-0.995920502394873
-0.9977208581956857
-0.9987339028532273
-0.9992958977793933
-0.9996120021762891
-0.9997885900805481
-0.9998863496158843
-0.9999377339539128
-0.9999598132090726
-0.9999598132089788
-0.9999377339534286
-0.999886349615626
-0.9997885900802904
-0.999612002176256
-0.9992958977793035
-0.9987339028540675
-0.9977208581963675
-0.9959205023952418
-0.9925924781164741
-0.9867548360226583
-0.9753066728372588
-0.9564092561969908
-0.9132741775289434
-0.855645270232338
-0.6595319071442886
-0.5347050275196776
0.7240005712723201
0.35906668390815877
14.781768920998836
14.781641738055889
0.3590509551357993
0.723973268611511
-0.534716265234471
-0.6595415051932236
-0.8556508415712178
-0.913278132349673
-0.9564117751675565
-0.9753083650831844
-0.9867559336432272
-0.9925931969627884
-0.9959209640220446
-0.9977211520504334
-0.9987340849728732
-0.9992960071148386
-0.9996120637367871
-0.9997886211615299
-0.9998863615285709
-0.9999377348607389
-0.9999598090325325
-0.9999598090327745
-0.9999377348611184
-0.9998863615289587
-0.9997886211619498
-0.9996120637362569
-0.9992960071140351
-0.9987340849712939
-0.9977211520491049
-0.9959209640206813
-0.9925931969622678
-0.9867559336433971
-0.9753083650833732
-0.9564117751694869
-0.9132781323513338
-0.8556508415722137
-0.6595415051951885
-0.5347162652361065
0.7239732686108344
0.3590509551348463
14.781641738056571
14.78133621569642
0.3590132610862762
0.7239078651091528
-0.5347431392516285
-0.6595644302120822
-0.8556641262556263
-0.9132875409502741
-0.9564177550018631
-0.9753123665907073
-0.9867585201745297
-0.9925948790851729
-0.995922036869762
-0.9977218253301059
-0.9987344951225823
-0.9992962444136255
-0.9996121893010098
-0.9997886745431193
-0.9998863703941794
-0.9999377177163884
-0.9999597801400256
-0.9999597801398856
-0.9999377177156461
-0.9998863703934795
-0.9997886745423976
-0.999612189300833
-0.9992962444136865
-0.9987344951236861
-0.9977218253309946
-0.9959220368699614
-0.9925948790861576
-0.986758520174598
-0.9753123665900373
-0.9564177550017394
-0.9132875409495064
-0.8556641262545033
-0.6595644302120189
-0.5347431392527657
0.7239078651091324
0.35901326108549636
14.781336215696207
14.7807286865792
0.3589386054986391
0.723778341908886
-0.5347961829813851
-0.6596096373538898
-0.8556902232818923
-0.9133059851463122
-0.9564294158618654
-0.9753201391054549
-0.9867635015762399
-0.9925980934113094
-0.9959240539584624
-0.99772306773548
-0.9987352228036708
-0.9992966401560377
-0.9996123675207005
-0.9997887156169885
-0.9998863251817991
-0.9999376235527682
-0.9999596632667007
-0.999959663266875
-0.9999376235523441
-0.9998863251819827
-0.9997887156168968
-0.9996123675206483
-0.9992966401560048
-0.9987352228037651
-0.9977230677355222
-0.9959240539579863
-0.9925980934114997
-0.9867635015760657
-0.9753201391053195
-0.9564294158620236
-0.913305985146479
-0.8556902232813921
-0.6596096373541785
-0.5347961829823811
0.723778341909125
0.35893860549899137
14.780728686579046
14.779571714832915
0.35879704066627893
0.7235329545447764
-0.5348963529100988
-0.6596947954480293
-0.8557392160897594
-0.9133404455686639
-0.9564511026018203
-0.9753344718027982
-0.9867726148081993
-0.9926038795678938
-0.9959276218282358
-0.9977251847665928
-0.9987363972321095
-0.9992971965576012
-0.999612531066348
-0.9997886252633454
-0.9998860811947301
-0.9999372893350531
-0.9999592890146491
-0.9999592890150402
-0.9999372893353599
-0.9998860811952663
-0.9997886252636607
-0.9996125310663607
-0.9992971965572016
-0.9987363972312853
-0.9977251847658755
-0.9959276218275869
-0.9926038795684358
-0.9867726148082533
-0.9753344718030863
-0.9564511026028145
-0.9133404455691922
-0.8557392160898804
-0.659694795448152
-0.5348963529112106
0.7235329545433717
0.35879704066787876
14.77957171483072
14.777388443367652
0.35853145460892655
0.7230725785137931
-0.5350832831611536
-0.6598535264144012
-0.855829936864436
-0.9134040621929294
-0.9564907548760995
-0.9753605102604903
-0.9867889001367411
-0.9926140679677868
-0.9959336871934227
-0.9977286267313273
-0.9987380979595311
-0.9992977981962055
-0.9996124114286117
-0.9997880624992979
-0.9998852377793441
-0.9999362910806056
-0.9999582178355813
-0.9999582178354879
-0.999936291080215
-0.9998852377788434
-0.9997880624990119
-0.9996124114289988
-0.9992977981970974
-0.9987380979614555
-0.9977286267336669
-0.9959336871952849
-0.9926140679687072
-0.9867889001366633
-0.975360510259351
-0.9564907548746225
-0.9134040621905597
-0.8558299368604162
-0.659853526412471
-0.5350832831604967
0.7230725785164596
0.35853145461129354
14.777388443366355
14.773272374429954
0.3580332659297467
0.7222105254777829
-0.5354319454224035
-0.6601482868849359
-0.8559976768629333
-0.9135206931901678
-0.956562990231405
-0.9754072074263858
-0.9868177359695854
-0.992631528811605
-0.9959437124522026
-0.9977337872646441
-0.9987401790539054
-0.9992978533408198
-0.9996112204257168
-0.9997860585390909
-0.9998827606288964
-0.999933530618708
-0.9999553365400429
-0.9999553365403108
-0.9999335306192128
-0.9998827606294931
-0.9997860585397864
-0.9996112204258827
-0.9992978533404604
-0.9987401790529222
-0.9977337872635941
-0.9959437124510575
-0.9926315288123775
-0.9868177359693717
-0.9754072074272468
-0.9565629902319867
-0.9135206931915608
-0.8559976768644956
-0.6601482868854591
-0.5354319454227012
0.7222105254794108
0.35803326593134943
14.773272374428839
14.765482199637443
0.3570978473413452
0.7205907183406187
-0.5360816326371427
-0.6606972155821949
-0.8563065534199379
-0.9137347737054351
-0.9566932800916066
-0.9754906914900878
-0.9868676336073583
-0.9926609272181398
-0.9959592015709646
-0.9977407032709198
-0.9987413648217456
-0.9992955672313426
-0.9996066238878484
-0.9997801128678461
-0.9998759383816727
-0.9999262519328653
-0.9999478338003063
-0.9999478338002312
-0.9999262519328428
-0.9998759383817831
-0.9997801128677779
-0.9996066238879896
-0.9992955672309034
-0.9987413648221151
-0.9977407032706623
-0.9959592015708797
-0.9926609272179158
-0.9868676336075224
-0.9754906914906503
-0.9566932800914638
-0.9137347737056621
-0.8563065534211887
-0.6606972155816353
-0.5360816326382871
0.7205907183416582
0.3570978473408261
14.765482199636352
14.750704912862217
0.3553322394710541
0.7175449558442424
-0.5372986388044172
-0.6617167241686592
-0.8568777178407478
-0.9141242544257306
-0.9569285125879802
-0.9756367501263692
-0.9869530995800407
-0.9927075393299598
-0.995981377238504
-0.997746703086726
-0.9987376293575931
-0.9992852948423498
-0.9995925816378017
-0.999763524892159
-0.9998579806385929
-0.9999074280060876
-0.999928670698305
-0.9999286706980653
-0.9999074280055892
-0.9998579806379917
-0.9997635248917802
-0.999592581637345
-0.9992852948424151
-0.9987376293581959
-0.9977467030873062
-0.9959813772392367
-0.9927075393286595
-0.9869530995798439
-0.9756367501256211
-0.956928512586562
-0.9141242544253972
-0.8568777178399279
-0.661716724169118
-0.5372986388053754
0.7175449558440152
0.355332239469533
14.750704912864363
14.722444326231525
0.35199578210094895
0.711771868470152
-0.5395716296425337
-0.6636249796895197
-0.8579239385760999
-0.9148368730825751
-0.9573438042797849
-0.9758916313354905
-0.987091301394571
-0.9927779034868187
-0.9960047853674636
-0.9977429560597022
-0.9987151705710122
-0.9992523877439727
-0.9995523839051625
-0.9997194850828893
-0.9998112569951442
-0.9998594667590073
-0.9998800362104425
-0.9998800362098548
-0.9998594667598102
-0.9998112569950328
-0.9997194850830933
-0.9995523839043656
-0.9992523877425921
-0.9987151705694751
-0.997742956057519
-0.9960047853656415
-0.9927779034858415
-0.9870913013944227
-0.975891631336521
-0.9573438042819853
-0.9148368730849401
-0.8579239385787116
-0.6636249796911419
-0.5395716296452178
0.7117718684690062
0.35199578209815763
14.722444326233134
14.668331131760855
0.3456250712349527
0.7008497776756386
-0.5438668093746343
-0.6671635058401381
-0.8598613249483223
-0.9161105067178545
-0.9580809657036208
-0.9763115844986452
-0.9873086782364242
-0.9928614018310205
-0.9960106319455968
-0.9976950879402092
-0.9986381649699454
-0.9991544988152457
-0.9994439376353104
-0.9996031909319152
-0.9996913751351895
-0.9997369844570969
-0.9997567072299653
-0.9997567072262341
-0.9997369844261026
-0.9996913751312223
-0.999603190930922
-0.99944393763499
-0.9991544988154935
-0.998638164971018
-0.9976950879409618
-0.9960106319469471
-0.9928614018314407
-0.9873086782368554
-0.9763115844978325
-0.9580809657033562
-0.9161105067168522
-0.8598613249475406
-0.667163505840122
-0.543866809374995
0.7008497776741617
0.3456250712337392
14.66833113176159
14.563014850567075
0.33348848731532177
0.6798279826679304
-0.5518852226780466
-0.6738482516167392
-0.8633505071091495
-0.9184243320465123
-0.959309642210245
-0.9769996770490275
-0.9875838564121764
-0.9929208607328602
-0.9959104970066719
-0.9975144005307075
-0.9983966024316326
-0.9988842732106457
-0.9991509543289956
-0.9993005099097563
-0.9993805904135722
-0.9994233045472907
-0.9994410329224389
-0.9994410329173518
-0.9994233045626055
-0.9993805904100488
-0.9993005099109864
-0.9991509543282628
-0.9988842732108723
-0.9983966024315454
-0.9975144005305916
-0.9959104970067973
-0.9929208607328208
-0.9875838564119668
-0.9769996770488683
-0.9593096422103555
-0.9184243320465255
-0.8633505071095388
-0.6738482516168626
-0.551885222677285
0.6798279826665174
0.33348848731534875
14.563014850567559
14.35898609648989
0.3098200830954747
0.639842404797924
-0.567294386043121
-0.6860949560272398
-0.8698256613591249
-0.9223450969921383
-0.9613925212113621
-0.9779136751766557
-0.987851429722588
-0.992718100887708
-0.9954800720632502
-0.9969045737431064
-0.9977089690218448
-0.998130172282869
-0.9983713334571994
-0.9984968996259089
-0.9985691392526337
-0.9986041190773742
-0.99862013279027
-0.9986201327946966
-0.9986041190759967
-0.9985691392564554
-0.9984968996250156
-0.998371333458236
-0.9981301722824909
-0.9977089690213621
-0.9969045737418301
-0.9954800720627954
-0.9927181008866983
-0.9878514297234204
-0.9779136751775451
-0.961392521212548
-0.922345096993048
-0.869825661359884
-0.686094956027655
-0.5672943860414711
0.6398424048009621
0.30982008309564313
14.358986096487966
13.948340440973507
0.26438418595793056
0.5604622553251632
-0.5956661930794392
-0.7096875255517212
-0.880821679224143
-0.9293157255744426
-0.9641835709549271
-0.9789972246670685
-0.9874187541685189
-0.9916689502734546
-0.9938776351780942
-0.9950959551050123
-0.9957009358116324
-0.9960567489762762
-0.9962269535362362
-0.9963328690131659
-0.9963807672905706
-0.9964105013334259
-0.9964206461669282
-0.996420646163894
-0.9964105013356312
-0.9963807672882975
-0.9963328690142141
-0.99622695353597
-0.9960567489781016
-0.9957009358130416
-0.9950959551072186
-0.9938776351805265
-0.991668950274283
-0.9874187541683817
-0.9789972246656644
-0.9641835709524557
-0.9293157255712663
-0.8808216792216267
-0.7096875255494774
-0.5956661930768028
0.5604622553259057
0.26438418596015034
13.948340440972624
13.143777647185713
0.1714689824735624
0.4100552210948636
-0.652390959625979
-0.7506346875973982
-0.9012333397364535
-0.9388201770349152
-0.9678431318642231
-0.9780438699852259
-0.9846707743790954
-0.987198633163727
-0.9888580520205592
-0.9894640168595934
-0.9899050252342441
-0.9900476456114573
-0.9901705639963563
-0.990203369394157
-0.9902384383565876
-0.9902454294111307
-0.9902530311718775
-0.9902530311757629
-0.9902454294083558
-0.9902384383601173
-0.9902033693936911
-0.9901705639973868
-0.990047645610705
-0.9899050252331958
-0.98946401685835
-0.9888580520197077
-0.9871986331626867
-0.9846707743790662
-0.9780438699859739
-0.9678431318651389
-0.9388201770360346
-0.9012333397377406
-0.7506346875976055
-0.6523909596253524
0.41005522109463466
0.17146898247427167
13.143777647185559
11.390095143112475
-0.0060392239816071495
0.08756434803532351
-0.7491390474639008
-0.8332840817769361
-0.9273616717593693
-0.9531565337323908
-0.9643317756690061
-0.9702183460447578
-0.9708880439639891
-0.9720889405929514
-0.9717570059764078
-0.9719789918629492
-0.9717579679896219
-0.9717924111558147
-0.9716958474253576
-0.9716990345513055
-0.9716630323387085
-0.971662670392688
-0.9716537332782987
-0.9716537332607832
-0.9716626703972409
-0.9716630323368329
-0.9716990345524139
-0.9716958474245866
-0.9717924111562497
-0.9717579679892578
-0.9719789918630997
-0.9717570059764447
-0.9720889405925954
-0.9708880439640099
-0.9702183460452067
-0.9643317756690597
-0.9531565337324774
-0.9273616717596378
-0.8332840817770821
-0.7491390474630057
0.08756434803437489
-0.0060392239814980216
11.390095143112113
7.976246739759491
-0.4253490304424459
-0.48924946588630847
-0.9652141233140183
-0.939435778081336
-0.9693926308891907
-0.9389480227820115
-0.9362016112090088
-0.9218546181698318
-0.9191596589928981
-0.9137462573262951
-0.912539082729313
-0.9106640398110497
-0.9102011402246126
-0.909574833495845
-0.9094086522541367
-0.9092039201723372
-0.9091480119492727
-0.9090870890331002
-0.909073943845822
-0.9090739438197002
-0.9090870890361651
-0.9091480119485109
-0.9092039201715862
-0.9094086522541407
-0.9095748334960883
-0.9102011402252519
-0.9106640398122912
-0.9125390827306514
-0.9137462573266073
-0.9191596589929493
-0.9218546181692591
-0.9362016112082404
-0.9389480227806205
-0.9693926308890488
-0.9394357780809223
-0.9652141233132479
-0.4892494658874384
-0.4253490304416824
7.9762467397609615
-1.6363105797329838
-1.1537246541431
-2.063162267345654
-1.1631452159914657
-1.1564618908223459
-0.8619379396833408
-0.8178988680710376
-0.7287137991155677
-0.7091528420437534
-0.6824604293932992
-0.6753845209759122
-0.6673676766687134
-0.6649521363805551
-0.6625190794445173
-0.6617115920858545
-0.6609642568802203
-0.6606987815208437
-0.6604716767605419
-0.6603923512844703
-0.6603416625646078
-0.6603416625645409
-0.660392351285564
-0.660471676761757
-0.6606987815212093
-0.6609642568801886
-0.6617115920849603
-0.6625190794419209
-0.6649521363780004
-0.6673676766668815
-0.6753845209741176
-0.6824604293934998
-0.7091528420450657
-0.728713799117964
-0.8178988680733632
-0.8619379396869973
-1.1564618908259514
-1.1631452159929276
-2.063162267348373
-1.1537246541454431
-1.6363105797326825
-18.126401274513015
-4.5319942258947075
-3.5916390005933017
-1.5812688968062272
-0.4215690920854839
-0.01301305216154068
0.35327195830350955
0.4608161802426758
0.5620321706471378
0.5938707202468929
0.6218055910832647
0.6316329534274683
0.6395639646304128
0.6426487485963001
0.6449732180104999
0.6459498702784421
0.6466461689168939
0.6469499796174485
0.647146077986924
0.647214803653777
0.6472148036538692
0.6471460779879481
0.6469499796167635
0.6466461689170194
0.6459498702781548
0.6449732180089316
0.6426487485945812
0.6395639646295115
0.6316329534269827
0.6218055910844031
0.5938707202495366
0.5620321706501137
0.46081618024579396
0.3532719583063668
-0.01301305216033946
-0.42156909208685245
-1.581268896808289
-3.591639000595663
-4.531994225898568
-18.126401274510336
-217.98041972829543
1.1164631886397496
-4.148934903861697
12.727194951943277
13.442162777491635
15.708123307867247
16.117854242787423
16.545379484594015
16.681828473047176
16.781794981932777
16.823156568659737
16.84960564305483
16.8620101020975
16.869525681280575
16.873289844999576
16.87551900432608
16.876672876743996
16.877337714212114
16.877667439355967
16.877814536018953
16.877814536020104
16.87766743934869
16.87733771422117
16.876672876738798
16.87551900432125
16.873289845007804
16.869525681276677
16.862010102094867
16.849605643062542
16.82315656865404
16.78179498193235
16.681828473052605
16.54537948459028
16.117854242784347
15.708123307872832
13.442162777504311
12.72719495193289
-4.148934903856888
1.1164631886571166
-217.9804197283226