134.37426408866344
-3.0644696817871955
-0.1312818121405075
-10.668162080386898
-11.156673442506712
-12.56883001559095
-12.829640878570398
-13.095854593530794
-13.18154989625557
-13.243739903544952
-13.26957070995779
-13.285986032857743
-13.293660066378028
-13.298210283910226
-13.300337014173182
-13.301304513571154
-13.301304513570496
-13.300337014170486
-13.298210283908675
-13.29366006637869
-13.285986032864468
-13.26957070995869
-13.243739903539826
-13.181549896251337
-13.095854593536359
-12.829640878582179
-12.568830015580282
-11.156673442491385
-10.668162080403231
-0.13128181214082857
-3.0644696818038515
134.37426408868853
9.10394429573384
2.838165223887107
2.1474357467507947
1.0473992789322182
0.3203134107890205
0.08393954156956168
-0.14178576976877694
-0.20538722514772884
-0.2671762573080153
-0.28613594318001057
-0.3030773661375575
-0.3089229312040036
-0.3136808823680727
-0.31546255012484686
-0.316737907322009
-0.317135363351986
-0.3171353633516648
-0.3167379073219701
-0.31546255012457863
-0.3136808823680698
-0.30892293120470415
-0.30307736613794456
-0.28613594317867563
-0.267176257307876
-0.20538722514925442
-0.1417857697692229
0.08393954157028627
0.32031341078992537
1.0473992789330255
2.147435746748859
2.8381652238864112
9.1039442957361
-1.2562536705214624
0.8072083453874781
1.3370957150217109
0.9739058309634984
0.9885535034983269
0.8340806181568579
0.8144402086991267
0.7649076855880617
0.7551965582668807
0.7401029425591334
0.736463605388141
0.731909492873463
0.7306621581272077
0.7293116362935469
0.7289341898838066
0.7286382967635353
0.7286382967634306
0.7289341898837367
0.7293116362936374
0.7306621581272961
0.7319094928732979
0.7364636053879927
0.7401029425591492
0.7551965582666968
0.764907685588107
0.8144402086992006
0.8340806181570463
0.9885535034986648
0.9739058309633548
1.3370957150213187
0.8072083453868565
-1.2562536705225067
-7.311523752153457
0.3671301891113066
0.3739102694582232
0.8813591108203198
0.8894849947736455
0.940763928616964
0.9316544831875544
0.9370336470024728
0.9311931151585728
0.9313860622835228
0.9289433165401642
0.9287446800186505
0.927862298088632
0.9277543787079132
0.927479773073967
0.9274505073387487
0.9274505073386758
0.9274797730739562
0.9277543787079234
0.9278622980887219
0.9287446800185742
0.9289433165401089
0.9313860622833605
0.9311931151584225
0.9370336470024461
0.9316544831875906
0.9407639286170502
0.889484994773701
0.88135911082028
0.37391026945822026
0.3671301891114789
-7.31152375215383
-9.462267142328521
0.10821677319543466
0.017877538348287366
0.7537290169812159
0.8319417422245303
0.924224732319587
0.9508287290854811
0.9652189447262999
0.9722387759219536
0.97461632562638
0.9763973013320215
0.9767530667977776
0.9772136015800954
0.9772457726468597
0.9773620148555318
0.9773596513816705
0.9773596513816434
0.9773620148556149
0.9772457726468203
0.9772136015799976
0.9767530667979345
0.9763973013319724
0.9746163256263447
0.972238775921773
0.9652189447264692
0.9508287290855053
0.9242247323195656
0.8319417422240305
0.7537290169814465
0.0178775383481918
0.1082167731962028
-9.462267142328468
-10.565887027486085
-0.001444727947709445
-0.18227107662461683
0.6956185034604021
0.7829971482764484
0.9108574134613411
0.9449684927235171
0.9706178500904555
0.98036293700354
0.9865168444983283
0.9891203904759173
0.9907477431546061
0.9914346781948924
0.9918829430351965
0.9920541453795042
0.9921490847792225
0.992149084779337
0.992054145379553
0.9918829430350746
0.9914346781947749
0.9907477431548465
0.9891203904760268
0.9865168444981208
0.9803629370033744
0.9706178500907173
0.9449684927237496
0.9108574134609672
0.7829971482755295
0.6956185034607654
-0.1822710766244907
-0.0014447279465939703
-10.565887027486394
-11.07191515536784
-0.05903007282191136
-0.27571142331328014
0.6610307718169963
0.758399895585327
0.8991324405631678
0.9401177878820937
0.9694157378953244
0.9820717375539374
0.9893338371938856
0.9930297132563831
0.9949873907684195
0.9960629679836954
0.9966034631345154
0.9968977324140887
0.9970113207609812
0.9970113207611055
0.9968977324141127
0.9966034631342362
0.996062967983682
0.9949873907688231
0.9930297132564828
0.989333837193396
0.9820717375537826
0.9694157378956532
0.9401177878826504
0.8991324405624107
0.7583998955840743
0.6610307718177875
-0.2757114233132447
-0.05903007282041619
-11.071915155369084
-11.33009060564002
-0.08718486018527251
-0.3250907316483932
0.6436711246794378
0.7440454891308019
0.8926726465838686
0.9361684768997742
0.968086879077201
0.9817989939059528
0.990014537235042
0.9940859028361595
0.9963927214678459
0.9975897616543064
0.9982528204376094
0.9985812631571929
0.9987247569836488
0.9987247569836764
0.9985812631571612
0.9982528204372974
0.9975897616544063
0.9963927214682504
0.9940859028361229
0.9900145372344171
0.9817989939058896
0.9680868790777319
0.9361684769002375
0.8926726465828878
0.7440454891297297
0.643671124680491
-0.3250907316482517
-0.08718486018379418
-11.330090605641573
-11.458329907113363
-0.10187148181396943
-0.34997013798337473
0.6341989641810496
0.7365646052237039
0.8887926452024056
0.9338887504002817
0.9669463896123022
0.981390399775105
0.9900026989468591
0.9943689136752591
0.9968129364542283
0.9981215758309694
0.9988291876033448
0.9991945605962265
0.9993481922608741
0.9993481922608471
0.9991945605960184
0.9988291876031345
0.9981215758311707
0.9968129364546017
0.9943689136750831
0.9900026989463999
0.9813903997751074
0.9669463896127816
0.9338887504005795
0.8887926452015427
0.7365646052229188
0.6341989641823498
-0.3499701379832012
-0.10187148181286008
-11.458329907114717
-11.524539508660885
-0.10940436174436245
-0.3630633602083775
0.6292622371161228
0.7324606328424056
0.8866868609954462
0.932512732723608
0.9662474728014715
0.981024757665802
0.9898945005079205
0.9943922173576871
0.9969354254623894
0.9982919365070801
0.9990359250261058
0.9994163836450858
0.9995791227513472
0.9995791227512536
0.9994163836449321
0.9990359250260272
0.9982919365073442
0.996935425462512
0.9943922173574873
0.989894500507579
0.9810247576660137
0.9662474728016252
0.9325127327237734
0.8866868609948995
0.7324606328421601
0.6292622371172634
-0.36306336020818375
-0.10940436174430485
-11.524539508661551
-11.55856031356771
-0.11336260960594859
-0.36986801835631616
0.6266111582863348
0.7302840116078544
0.8855083986041081
0.9317483901695418
0.9658153193036279
0.9807899680727551
0.9897840747461076
0.9943648154961221
0.9969549928072017
0.9983442729710801
0.9991050151161123
0.9994966680957139
0.9996634985137118
0.9996634985135598
0.9994966680956328
0.9991050151160406
0.9983442729712666
0.9969549928070454
0.9943648154959314
0.9897840747457719
0.9807899680729109
0.9658153193036618
0.9317483901695398
0.8855083986038659
0.7302840116081699
0.6266111582866305
-0.3698680183560465
-0.11336260960633104
-11.558560313567778
-11.576322846592078
-0.11543508034893199
-0.37346522219065303
0.6252077449441434
0.7291077816550184
0.884870238656687
0.9313170340251794
0.9655687817129512
0.9806422256920766
0.989708560389944
0.9943306679279755
0.9969496507341263
0.9983550797397418
0.9991267390106977
0.9995238278330795
0.9996934491489802
0.9996934491489062
0.999523827833084
0.9991267390106144
0.998355079739701
0.9969496507340918
0.9943306679277353
0.9897085603899969
0.9806422256919904
0.9655687817130338
0.9313170340251149
0.8848702386566724
0.7291077816550527
0.6252077449442446
-0.373465222190639
-0.11543508034878094
-11.576322846592232
-11.585578855393756
-0.1165286077268726
-0.3753564630154911
0.624458024952884
0.7284810710810297
0.8845218196938738
0.9310811909714574
0.9654280186099411
0.9805564613011404
0.9896598267156662
0.9943057317425019
0.9969394230986823
0.9983545310503854
0.9991317290088707
0.9995322077852238
0.9997032362972673
0.9997032362974828
0.999532207785383
0.9991317290088066
0.9983545310501614
0.9969394230986055
0.9943057317426913
0.9896598267156919
0.9805564613010649
0.9654280186099491
0.9310811909715482
0.8845218196938449
0.728481071080546
0.6244580249529481
-0.3753564630156241
-0.11652860772648113
-11.58557885539436
-11.590386400373784
-0.11709919941721993
-0.37634720517589454
0.6240638779931655
0.728148496279829
0.8843361340048053
0.9309531202447208
0.9653509227523178
0.9805076098955294
0.9896312650683455
0.994289403858617
0.9969313812252554
0.9983514607569512
0.9991318754091787
0.9995340913625762
0.9997059556088774
0.9997059556091473
0.9995340913628339
0.9991318754090182
0.9983514607566122
0.9969313812251862
0.9942894038590435
0.9896312650679036
0.9805076098954669
0.965350922752349
0.930953120245229
0.8843361340046265
0.7281484962786172
0.6240638779933975
-0.37634720517599374
-0.11709919941608629
-11.590386400374154
-11.592780829262619
-0.11738548783908176
-0.37684365969859157
0.6238647162187454
0.7279804867208186
0.8842412017188049
0.9308874987005943
0.9653106302936285
0.9804818570430414
0.9896155931592128
0.9942801364291046
0.9969262310911117
0.9983489677163173
0.9991309798153365
0.9995341426010738
0.9997064214974098
0.999706421497657
0.9995341426011914
0.9991309798151055
0.9983489677160343
0.996926231091362
0.9942801364292656
0.9896155931588021
0.9804818570427147
0.9653106302941042
0.9308874987013038
0.8842412017183192
0.7279804867192541
0.623864716219563
-0.37684365969855016
-0.11738548783758487
-11.592780829262269
-11.593772369940396
-0.11750436034200151
-0.3770501592237018
0.6237817190392224
0.7279101728193212
0.8842013954459877
0.9308597526247424
0.9652935392107991
0.9804707563083965
0.9896087777979345
0.9942759597805696
0.9969238281037339
0.9983476585438953
0.9991303687952329
0.9995339208129852
0.9997063828315365
0.9997063828315778
0.9995339208129517
0.9991303687950246
0.9983476585439539
0.996923828104046
0.9942759597805331
0.9896087777974225
0.9804707563082244
0.9652935392114598
0.9308597526253268
0.8842013954451049
0.7279101728181236
0.6237817190403722
-0.3770501592234733
-0.11750436034071807
-11.593772369941911
-11.593772369949818
-0.11750436034136819
-0.3770501592242074
0.6237817190390671
0.7279101728189741
0.8842013954460672
0.9308597526246749
0.9652935392105891
0.980470756308254
0.9896087777979379
0.994275959780641
0.9969238281036221
0.9983476585437709
0.9991303687952118
0.9995339208130831
0.999706382831418
0.9997063828314129
0.9995339208129002
0.9991303687952071
0.9983476585440061
0.9969238281038209
0.9942759597803954
0.9896087777973582
0.9804707563085123
0.9652935392111863
0.930859752624967
0.8842013954452994
0.727910172818508
0.6237817190404867
-0.3770501592239333
-0.11750436034079262
-11.59377236995276
-11.5927808292648
-0.11738548783765829
-0.37684365969888073
0.6238647162185917
0.727980486720097
0.8842412017189967
0.9308874987005742
0.9653106302934122
0.9804818570426946
0.9896155931594166
0.9942801364293801
0.9969262310909711
0.998348967715907
0.9991309798153856
0.9995341426014439
0.9997064214973457
0.9997064214973133
0.999534142601042
0.9991309798156103
0.9983489677163138
0.9969262310909772
0.994280136429009
0.9896155931590155
0.9804818570431466
0.9653106302936919
0.9308874987005604
0.8842412017186323
0.7279804867203236
0.6238647162197153
-0.37684365969871314
-0.11738548783786415
-11.592780829265791
-11.590386400365558
-0.11709919941629471
-0.37634720517575543
0.624063877992882
0.7281484962792306
0.8843361340049251
0.9309531202447237
0.9653509227520685
0.9805076098953579
0.9896312650685637
0.9942894038590134
0.9969313812250329
0.9983514607565025
0.9991318754092696
0.9995340913630243
0.9997059556089731
0.9997059556087131
0.9995340913627788
0.9991318754092954
0.998351460756838
0.99693138122498
0.9942894038585237
0.9896312650684012
0.9805076098955039
0.9653509227522061
0.9309531202447582
0.8843361340046764
0.7281484962796443
0.6240638779933416
-0.3763472051755521
-0.11709919941661935
-11.590386400365269
-11.58557885539771
-0.11652860772624742
-0.37535646301592424
0.6244580249528745
0.7284810710808114
0.8845218196939596
0.9310811909713632
0.965428018609858
0.9805564613010116
0.9896598267157598
0.994305731742605
0.9969394230985935
0.9983545310501809
0.9991317290088626
0.9995322077854041
0.9997032362973399
0.9997032362972607
0.9995322077855673
0.9991317290088544
0.9983545310502663
0.9969394230986472
0.9943057317424524
0.9896598267158662
0.9805564613010409
0.965428018609884
0.9310811909713792
0.8845218196938296
0.7284810710809304
0.6244580249527873
-0.3753564630155374
-0.11652860772683288
-11.585578855397507
-11.576322846597973
-0.11543508034927644
-0.3734652221910868
0.6252077449443407
0.7291077816553122
0.884870238656664
0.9313170340250655
0.9655687817129959
0.9806422256920657
0.9897085603897962
0.994330667927525
0.9969496507341833
0.998355079739778
0.9991267390106209
0.9995238278327654
0.9996934491488101
0.999693449149032
0.999523827833227
0.9991267390104321
0.9983550797395839
0.9969496507342672
0.9943306679280306
0.9897085603897977
0.9806422256919117
0.965568781713015
0.9313170340252352
0.8848702386566367
0.7291077816547287
0.6252077449440524
-0.37346522219094724
-0.11543508034859162
-11.576322846598426
-11.558560313557766
-0.11336260960760489
-0.3698680183557384
0.6266111582865719
0.7302840116083984
0.885508398603942
0.931748390169542
0.9658153193038472
0.9807899680730849
0.9897840747457802
0.9943648154956881
0.9969549928072498
0.9983442729712971
0.99910501511592
0.9994966680952823
0.9996634985136015
0.9996634985140793
0.9994966680956243
0.999105015115624
0.9983442729708658
0.9969549928076564
0.9943648154961209
0.9897840747456939
0.9807899680726782
0.9658153193039271
0.9317483901701542
0.8855083986037209
0.7302840116069396
0.6266111582866252
-0.3698680183562403
-0.11336260960562927
-11.558560313558374
-11.524539508663297
-0.1094043617454845
-0.36306336020861296
0.6292622371163661
0.7324606328428925
0.8866868609952341
0.9325127327236455
0.9662474728017151
0.9810247576658682
0.9898945005076757
0.9943922173573359
0.9969354254624607
0.9982919365073414
0.9990359250259213
0.9994163836447316
0.9995791227514235
0.9995791227515807
0.9994163836450758
0.9990359250255497
0.9982919365071419
0.9969354254629716
0.9943922173576795
0.9898945005074661
0.9810247576656457
0.966247472802038
0.9325127327244085
0.8866868609946548
0.7324606328411422
0.6292622371168868
-0.36306336020890906
-0.10940436174412232
-11.524539508663503
-11.45832990711921
-0.10187148181409916
-0.34997013798357335
0.6341989641811185
0.7365646052239185
0.8887926452022459
0.9338887504002225
0.9669463896122675
0.981390399775043
0.9900026989467773
0.9943689136750873
0.9968129364542544
0.9981215758311492
0.9988291876032229
0.9991945605962105
0.9993481922609508
0.9993481922609047
0.9991945605962319
0.9988291876029441
0.9981215758313928
0.9968129364548517
0.9943689136752183
0.9900026989462758
0.9813903997750326
0.9669463896128844
0.9338887504008824
0.8887926452013631
0.7365646052228201
0.6341989641821508
-0.3499701379830198
-0.10187148181301392
-11.458329907120117
-11.33009060563296
-0.08718486018437809
-0.32509073164822355
0.643671124679172
0.744045489130465
0.8926726465840504
0.9361684768997874
0.9680868790768931
0.9817989939057932
0.9900145372352023
0.9940859028362022
0.9963927214678812
0.9975897616540856
0.9982528204375591
0.9985812631574742
0.9987247569836148
0.9987247569835009
0.998581263156987
0.9982528204376147
0.9975897616545706
0.9963927214681627
0.9940859028358211
0.9900145372346083
0.9817989939061165
0.9680868790776394
0.9361684768998917
0.8926726465830621
0.7440454891304047
0.6436711246808235
-0.32509073164753644
-0.08718486018378796
-11.33009060563504
-11.071915155366089
-0.059030072820917566
-0.2757114233132748
0.6610307718164171
0.7583998955845019
0.8991324405632903
0.9401177878820528
0.9694157378949662
0.9820717375537464
0.9893338371940918
0.9930297132566421
0.9949873907682774
0.9960629679831391
0.9966034631345599
0.9968977324144153
0.9970113207609654
0.9970113207606045
0.9968977324139761
0.9966034631346292
0.9960629679838318
0.9949873907684852
0.9930297132560479
0.9893338371937368
0.9820717375541147
0.9694157378955383
0.9401177878819966
0.8991324405627368
0.7583998955850579
0.6610307718179526
-0.27571142331322007
-0.05903007282074331
-11.071915155367916
-10.565887027498395
-0.0014447279465189648
-0.18227107662520195
0.6956185034601114
0.7829971482758536
0.9108574134614311
0.9449684927234544
0.970617850090217
0.9803629370031743
0.9865168444985473
0.9891203904762444
0.9907477431545265
0.9914346781946337
0.9918829430353056
0.9920541453798772
0.9921490847793144
0.9921490847788148
0.9920541453796801
0.9918829430355285
0.9914346781950005
0.9907477431546348
0.9891203904757195
0.9865168444985268
0.9803629370035056
0.9706178500905025
0.9449684927232597
0.9108574134614236
0.7829971482763172
0.6956185034608348
-0.1822710766249298
-0.001444727947240147
-10.565887027498292
-9.462267142322236
0.10821677319617859
0.01787753834876385
0.753729016981318
0.8319417422245525
0.9242247323195685
0.9508287290852631
0.9652189447261756
0.9722387759218387
0.974616325626573
0.9763973013319962
0.9767530667977526
0.9772136015800102
0.9772457726469139
0.9773620148557172
0.9773596513817391
0.9773596513815215
0.9773620148558022
0.9772457726468131
0.9772136015801376
0.976753066797736
0.9763973013320033
0.9746163256265109
0.9722387759218114
0.9652189447261377
0.9508287290855403
0.9242247323196694
0.8319417422247106
0.7537290169813129
0.017877538348936153
0.10821677319573275
-9.462267142321503
-7.311523752147287
0.36713018911051765
0.3739102694586031
0.8813591108203056
0.8894849947738583
0.9407639286168618
0.9316544831874911
0.9370336470025626
0.9311931151590432
0.9313860622834251
0.9289433165397996
0.9287446800186254
0.9278622980886932
0.927754378708028
0.9274797730736561
0.9274505073385418
0.9274505073389104
0.9274797730738469
0.9277543787077949
0.9278622980884565
0.9287446800186512
0.9289433165401959
0.9313860622834474
0.9311931151584325
0.9370336470024823
0.9316544831879694
0.9407639286170637
0.8894849947731855
0.8813591108199598
0.3739102694585794
0.3671301891119233
-7.311523752147226
-1.256253670530116
0.807208345386202
1.337095715021258
0.9739058309639796
0.9885535034987941
0.8340806181566744
0.8144402086989306
0.7649076855882795
0.7551965582671584
0.7401029425590688
0.7364636053876916
0.7319094928734018
0.7306621581274609
0.7293116362935409
0.7289341898833333
0.7286382967634426
0.7286382967636533
0.7289341898838173
0.729311636293202
0.7306621581268093
0.7319094928736236
0.7364636053883151
0.7401029425591218
0.7551965582664497
0.7649076855881749
0.8144402086995564
0.8340806181572562
0.9885535034978992
0.9739058309626913
1.337095715020621
0.807208345386921
-1.256253670530406
9.103944295733609
2.8381652238862642
2.1474357467510976
1.0473992789327002
0.32031341078947995
0.08393954156932146
-0.14178576976904977
-0.20538722514790017
-0.26717625730792616
-0.28613594317996044
-0.30307736613801867
-0.30892293120394076
-0.31368088236766867
-0.3154625501245272
-0.31673790732195944
-0.3171353633518088
-0.317135363351753
-0.3167379073217027
-0.3154625501245705
-0.31368088236867464
-0.3089229312043398
-0.3030773661374927
-0.2861359431791708
-0.2671762573084284
-0.2053872251499385
-0.14178576976829776
0.08393954157081425
0.320313410789842
1.047399278932512
2.1474357467481404
2.838165223886554
9.103944295735829
134.37426408867367
-3.0644696817874326
-0.13128181213983792
-10.66816208038679
-11.156673442506477
-12.568830015591038
-12.829640878570517
-13.095854593530778
-13.181549896255461
-13.243739903545002
-13.269570709957556
-13.285986032858021
-13.293660066377765
-13.298210283909821
-13.300337014173083
-13.30130451357088
-13.301304513570841
-13.300337014170125
-13.298210283908533
-13.29366006637893
-13.285986032863805
-13.26957070995889
-13.243739903540177
-13.181549896251287
-13.095854593536465
-12.829640878582238
-12.568830015579532
-11.15667344249113
-10.66816208040403
-0.13128181213968373
-3.0644696818040975
134.37426408869692