-418.3452253398167
-21.498250612971017
-22.33552651208604
11.577951567433885
16.586800458318216
22.073303965883433
23.906903524585292
25.12600553484842
25.67808759452966
25.995402581240377
26.15667231801455
26.2457310327305
26.293112224691377
26.31909019482403
26.33319548715818
26.34094678907819
26.345201244053193
26.34754963557166
26.348847464009296
26.349567053452624
26.349966712286438
26.350189181051363
26.350313216936428
26.350382483013405
26.35042120250347
26.350442845275552
26.350454900714613
26.35046152171407
26.35046497952777
26.35046645652167
26.350466456531237
26.350464979559845
26.35046152171821
26.350454900784182
26.350442845343917
26.350421202572594
26.350382483082825
26.350313216944087
26.35018918106927
26.34996671228317
26.349567053372272
26.348847463966404
26.347549635502418
26.345201243996655
26.340946789011277
26.333195487050673
26.319090194866227
26.293112224670125
26.245731032750108
26.156672318072935
25.99540258129149
25.678087594630323
25.126005534957304
23.906903524696048
22.073303965989258
16.58680045832127
11.577951567464027
-22.335526512198918
-21.4982506129409
-418.345225339938
-108.4660251224146
-6.844814539212663
-13.326571898179214
-2.8775090348269003
-1.9911557078568198
-0.18778066126741325
0.36787673778891006
0.7985016293869526
0.9947307027023706
1.1150935493245966
1.1777163141175921
1.2136074161546535
1.233157002717229
1.2441536527461898
1.250246704692593
1.253661190567072
1.2555672866126892
1.2566361452825685
1.2572352752891807
1.2575718485828984
1.2577610360772464
1.2578675230395282
1.2579275069722242
1.2579613254136395
1.2579803980982653
1.2579911468878038
1.2579971792718605
1.258000514355264
1.258002265541383
1.2580030162583382
1.2580030162582336
1.2580022655457666
1.2580005143572586
1.257997179282676
1.257991146898006
1.2579803981019788
1.2579613254241595
1.2579275069729254
1.25786752303329
1.2577610360703488
1.2575718485731104
1.257235275278684
1.256636145270111
1.2555672866073746
1.253661190565226
1.250246704691427
1.244153652754321
1.2331570027239875
1.213607416169062
1.1777163141275495
1.1150935493352194
0.9947307027121493
0.7985016293911483
0.3678767377865871
-0.18778066127157617
-1.9911557078657767
-2.8775090348320957
-13.3265718981897
-6.844814539224245
-108.46602512242909
-28.83880170587348
-2.0481162301144638
-5.287611635573038
-1.8812304599847471
-1.8018370186249681
-1.1786452174403217
-1.0111484202331387
-0.8543082683780244
-0.7836545435179901
-0.7368633168501022
-0.7120124748422716
-0.6971325424485255
-0.6888140521266991
-0.683987690369421
-0.6812474768544128
-0.6796738167647428
-0.6787763375958235
-0.6782627098583324
-0.677969420889913
-0.677801771789555
-0.6777060099552694
-0.6776512924676603
-0.6776200351968205
-0.6776021798632887
-0.6775919857858912
-0.6775861748211461
-0.6775828793425523
-0.6775810404613538
-0.6775800676034496
-0.6775796484401448
-0.6775796484392773
-0.6775800676016768
-0.6775810404588878
-0.677582879338407
-0.6775861748152314
-0.6775919857811288
-0.6776021798589197
-0.6776200351939923
-0.6776512924676372
-0.6777060099569088
-0.6778017717934155
-0.6779694208942416
-0.6782627098640008
-0.6787763376009963
-0.6796738167696226
-0.681247476857489
-0.6839876903706088
-0.6888140521253182
-0.6971325424463497
-0.7120124748386814
-0.7368633168458496
-0.7836545435135307
-0.8543082683735813
-1.0111484202296832
-1.1786452174393731
-1.8018370186293946
-1.8812304599922232
-5.287611635588528
-2.048116230122498
-28.838801705925874
0.32246258513090953
-0.2523997784457195
-1.5119759399573445
-1.0329547438605495
-1.1574376512236855
-1.0404915760600646
-1.0243830172887356
-0.989379146667739
-0.9742901907680636
-0.9620420377021295
-0.955269242910717
-0.9508158653449532
-0.9482016968986375
-0.946593577391728
-0.9456401718106668
-0.9450685716706582
-0.9447304818441347
-0.9445302417580631
-0.9444123422382412
-0.944343001752117
-0.944302348270454
-0.9442785498720814
-0.944264646890044
-0.9442565374678338
-0.9442518169258882
-0.9442490772913293
-0.9442474979425783
-0.9442466038667805
-0.944246125306927
-0.944245917505433
-0.9442459175043408
-0.9442461253052994
-0.9442466038647018
-0.9442474979405358
-0.944249077288233
-0.9442518169241692
-0.9442565374656771
-0.9442646468894056
-0.9442785498716
-0.9443023482708839
-0.9443430017530483
-0.9444123422408504
-0.9445302417610388
-0.9447304818475653
-0.9450685716750882
-0.9456401718139335
-0.9465935773929294
-0.948201696899458
-0.9508158653440223
-0.9552692429084865
-0.9620420376996024
-0.9742901907659419
-0.9893791466642643
-1.0243830172873674
-1.0404915760611915
-1.1574376512277404
-1.0329547438659066
-1.5119759399693957
-0.2523997784535932
0.32246258508683895
12.35782754420326
0.5331769173208655
0.2209032695758974
-0.600107254244898
-0.7865993123204836
-0.901653712537876
-0.9497121393687474
-0.9715956718148556
-0.9820438661526677
-0.9864139740593562
-0.9884162233733166
-0.9891721139235252
-0.9894561710051024
-0.9895203774991641
-0.9895125570589716
-0.9894816354015086
-0.9894507091184243
-0.9894255529580397
-0.9894072370982205
-0.9893945893455249
-0.9893861858044943
-0.9893807364169906
-0.9893772696474231
-0.9893750951072955
-0.9893737474914848
-0.989372921677298
-0.9893724227481981
-0.9893721289665016
-0.9893719668269287
-0.9893718950124066
-0.9893718950124832
-0.9893719668269405
-0.9893721289663449
-0.9893724227487104
-0.9893729216778844
-0.9893737474913822
-0.9893750951066808
-0.9893772696473133
-0.9893807364176923
-0.9893861858040256
-0.9893945893452324
-0.9894072370979963
-0.9894255529584174
-0.9894507091186941
-0.9894816354007492
-0.9895125570600485
-0.9895203774991945
-0.9894561710062282
-0.9891721139232921
-0.9884162233742819
-0.9864139740599661
-0.982043866152955
-0.9715956718143878
-0.9497121393693688
-0.9016537125397044
-0.7865993123246268
-0.6001072542485715
0.22090326956745576
0.5331769173153011
12.357827544176896
17.61681439994145
0.8976403315517456
1.0245044843311373
-0.3899215672635964
-0.5993591850145206
-0.823543245818889
-0.9004810307838236
-0.9495626225945137
-0.9720604409923693
-0.9845235083958911
-0.9908139090684591
-0.9941688177272037
-0.9959144889798766
-0.9968363483145264
-0.9973199906042443
-0.9975743957789607
-0.9977078442174989
-0.997777737349841
-0.9978142312585454
-0.9978332146256392
-0.9978430432421668
-0.9978481016544418
-0.9978506862086673
-0.997851994717686
-0.9978526497141949
-0.9978529728767636
-0.9978531293681409
-0.9978532031757128
-0.9978532362988248
-0.9978532488416259
-0.9978532488427105
-0.9978532362994006
-0.9978532031772032
-0.9978531293704936
-0.9978529728792116
-0.9978526497148488
-0.9978519947178911
-0.9978506862092309
-0.9978481016550228
-0.9978430432407128
-0.9978332146249955
-0.9978142312566735
-0.9977777373488343
-0.9977078442157126
-0.9975743957761389
-0.9973199906044202
-0.9968363483141889
-0.9959144889802524
-0.9941688177281789
-0.9908139090706019
-0.9845235083984001
-0.9720604409930291
-0.9495626225954785
-0.9004810307843927
-0.8235432458177293
-0.5993591850138746
-0.38992156726061866
1.0245044843322728
0.8976403315541138
17.61681439993876
19.989396420350985
1.0703379781225262
1.4015713688310518
-0.2882453112544783
-0.5074739298709551
-0.7836133055042275
-0.8740578955787413
-0.9363033261628569
-0.9645954479029906
-0.9810322116863355
-0.9894326814825319
-0.9940853189699779
-0.996566024841219
-0.9979244780831693
-0.9986606937410127
-0.9990634178702664
-0.9992832158900817
-0.9994036023935533
-0.9994695315490045
-0.9995056910701399
-0.9995255283942538
-0.9995364181265043
-0.9995423969688734
-0.9995456798844534
-0.9995474818442234
-0.9995484696723808
-0.9995490089257514
-0.9995492992600377
-0.9995494482281579
-0.9995495110607328
-0.9995495110614535
-0.999549448228322
-0.9995492992617357
-0.9995490089274286
-0.999548469673366
-0.9995474818452165
-0.9995456798839151
-0.9995423969695778
-0.9995364181258457
-0.9995255283926754
-0.999505691069892
-0.9994695315472997
-0.9994036023925337
-0.9992832158881635
-0.9990634178688877
-0.9986606937410034
-0.9979244780841081
-0.9965660248411803
-0.9940853189714582
-0.9894326814838883
-0.9810322116873957
-0.964595447902758
-0.9363033261622773
-0.8740578955766687
-0.7836133055007466
-0.507473929866085
-0.28824531124808955
1.401571368839297
1.0703379781284614
19.989396420362585
21.081752409805425
1.152953111682974
1.5802145674664283
-0.23893125161056927
-0.46267603415555003
-0.7637215811478054
-0.86062422207757
-0.9292801565409798
-0.9603917337883229
-0.9787885277324342
-0.9882325258826327
-0.9935336970555229
-0.9963837162801181
-0.9979635216849753
-0.9988286971897179
-0.9993078059561655
-0.9995724300749266
-0.9997192562825257
-0.9998007297282359
-0.9998460395262336
-0.9998712555962683
-0.9998853069635023
-0.9998931424468829
-0.9998975149147686
-0.999899955366294
-0.9999013163819819
-0.9999020723138078
-0.9999024861459369
-0.999902701602662
-0.9999027934204683
-0.9999027934197314
-0.9999027016021534
-0.999902486145914
-0.9999020723138542
-0.9999013163809591
-0.9998999553664887
-0.9998975149139118
-0.9998931424463894
-0.9998853069633618
-0.9998712555958509
-0.9998460395264479
-0.9998007297286808
-0.9997192562826573
-0.9995724300749315
-0.9993078059573497
-0.9988286971901348
-0.9979635216868591
-0.9963837162801452
-0.9935336970551862
-0.9882325258819091
-0.9787885277305601
-0.9603917337869075
-0.9292801565379314
-0.8606242220747511
-0.7637215811451543
-0.4626760341509306
-0.23893125160613454
1.5802145674729822
1.1529531116874787
21.08175240981346
21.591850883946428
1.1927058866215712
1.6655003190296462
-0.21494026557702345
-0.440845320196963
-0.7538890621380103
-0.8539174321033591
-0.925705427580626
-0.958198310108636
-0.9775639482309808
-0.9875254868434116
-0.9931507756756788
-0.9961862108256996
-0.9978779184041908
-0.9988086512663571
-0.9993268515562395
-0.9996145598380791
-0.9997750944705699
-0.999864681438912
-0.9999148007952526
-0.9999428639413587
-0.9999586008726056
-0.9999674333637929
-0.9999723951975753
-0.9999751835495418
-0.9999767493756879
-0.9999776250527335
-0.9999781075722631
-0.9999783602062167
-0.9999784682901974
-0.999978468289189
-0.9999783602053831
-0.9999781075709542
-0.9999776250508823
-0.9999767493743349
-0.9999751835481483
-0.9999723951969067
-0.9999674333624651
-0.9999586008737332
-0.9999428639420834
-0.9999148007959131
-0.9998646814413046
-0.999775094471439
-0.9996145598400592
-0.9993268515586192
-0.9988086512669662
-0.9978779184051121
-0.9961862108253756
-0.9931507756730835
-0.9875254868418556
-0.9775639482288321
-0.9581983101066192
-0.9257054275786383
-0.8539174321024514
-0.7538890621376063
-0.44084532019703343
-0.2149402655773805
1.665500319027426
1.1927058866196827
21.591850883939436
21.832563607855977
1.211918527391194
1.7064667474298272
-0.20323733685017115
-0.4301923979715453
-0.7490393727388924
-0.8505910821764521
-0.9239125962503398
-0.9570848354420358
-0.9769298051700465
-0.9871483636904572
-0.9929355447125596
-0.996063972537182
-0.9978121099947075
-0.9987760545012635
-0.9993141652850666
-0.99961369053264
-0.9997812810799261
-0.9998750668591683
-0.9999276893256757
-0.9999572427070416
-0.9999738671027039
-0.9999832276568258
-0.999988503539841
-0.9999914784001196
-0.9999931546906896
-0.9999940953309906
-0.9999946153151642
-0.9999948883197969
-0.999995005344035
-0.9999950053441168
-0.9999948883191829
-0.999994615314098
-0.9999940953289408
-0.9999931546901066
-0.9999914783986852
-0.9999885035391531
-0.9999832276570115
-0.9999738671034814
-0.9999572427078505
-0.999927689326624
-0.9998750668608739
-0.999781281080908
-0.9996136905339448
-0.9993141652860593
-0.9987760545021562
-0.9978121099940955
-0.9960639725364647
-0.9929355447112655
-0.9871483636895554
-0.9769298051698245
-0.9570848354409471
-0.9239125962512766
-0.850591082178058
-0.749039372741059
-0.43019239797582576
-0.20323733685456608
1.7064667474220443
1.211918527384099
21.832563607844843
21.94707969529459
1.2212380590807022
1.726243333687639
-0.19751522953054196
-0.4249842697456332
-0.7466479230351376
-0.8489451391127381
-0.9230187563249821
-0.9565258920468368
-0.976608111672476
-0.986954381306215
-0.9928223614207643
-0.9959973744958934
-0.9977739053118
-0.9987546263651975
-0.9993028390167694
-0.9996083849871584
-0.9997795866981514
-0.9998755310217832
-0.9999294463156816
-0.999959773030842
-0.9999768602073926
-0.9999864974920469
-0.9999919387853884
-0.9999950123800565
-0.9999967474467035
-0.9999977228248503
-0.9999982629331936
-0.9999985469236459
-0.9999986687817155
-0.999998668781648
-0.9999985469237962
-0.9999982629334463
-0.9999977228246147
-0.9999967474464143
-0.999995012380167
-0.9999919387853912
-0.9999864974931427
-0.9999768602068704
-0.9999597730318585
-0.999929446315896
-0.9998755310213568
-0.9997795866983967
-0.9996083849871632
-0.9993028390169998
-0.9987546263650955
-0.9977739053103845
-0.9959973744958155
-0.9928223614206342
-0.9869543813065007
-0.9766081116730092
-0.9565258920474795
-0.9230187563274488
-0.8489451391145777
-0.7466479230378273
-0.4249842697488492
-0.1975152295345361
1.7262433336819398
1.2212380590728096
21.947079695291357
22.001912775971142
1.225772977491409
1.735830216748937
-0.1947116390160129
-0.42243311803395417
-0.7454680962357527
-0.848131167526367
-0.9225742064186926
-0.9562466850867295
-0.9764463730969422
-0.9868561154787805
-0.9927643921527451
-0.995962717226087
-0.9977535076625732
-0.9987426828402726
-0.9992960046756395
-0.999604606548748
-0.9997776480318734
-0.9998746961890532
-0.9999292751868698
-0.9999600004824347
-0.9999773271516684
-0.9999871082424561
-0.9999926358581935
-0.9999957612010357
-0.9999975272058358
-0.9999985209464742
-0.9999990717340246
-0.9999993615733362
-0.9999994860106897
-0.9999994860098329
-0.9999993615738354
-0.9999990717352076
-0.9999985209473424
-0.9999975272065449
-0.9999957612025213
-0.9999926358587381
-0.9999871082430007
-0.9999773271510415
-0.999960000482412
-0.9999292751860207
-0.9998746961871963
-0.9997776480314415
-0.9996046065478077
-0.9992960046751332
-0.9987426828392372
-0.997753507661521
-0.9959627172268921
-0.9927643921533194
-0.9868561154805786
-0.9764463730969937
-0.9562466850881906
-0.922574206420007
-0.8481311675263439
-0.7454680962366154
-0.4224331180329858
-0.19471163901631822
1.7358302167509074
1.225772977491172
22.00191277597984
22.02830713511525
1.2279857787927053
1.74049383634155
-0.19333544859708263
-0.4211811420926771
-0.7448855848535276
-0.8477285650078586
-0.9223533174761427
-0.9561075210877982
-0.9763653925992566
-0.9868066853993773
-0.9927350478160784
-0.9959450282139215
-0.9977429692927462
-0.9987363964476241
-0.999292295806554
-0.9996024440249348
-0.99977641940695
-0.999874029664696
-0.9999289477478672
-0.9999598773559961
-0.9999773272122152
-0.9999871825318021
-0.9999927548638577
-0.9999959071114337
-0.9999976892612521
-0.9999986926171017
-0.9999992490172955
-0.9999995419364278
-0.9999996677350267
-0.9999996677349705
-0.9999995419366179
-0.9999992490181239
-0.9999986926176652
-0.9999976892623055
-0.9999959071121094
-0.9999927548645805
-0.9999871825313971
-0.9999773272124308
-0.9999598773552675
-0.9999289477469342
-0.9998740296634541
-0.9997764194066115
-0.9996024440237619
-0.9992922958058804
-0.9987363964470728
-0.9977429692927472
-0.9959450282154232
-0.9927350478166277
-0.986806685400464
-0.9763653925992694
-0.9561075210876764
-0.9223533174762018
-0.847728565007054
-0.7448855848524361
-0.42118114209001956
-0.19333544859497734
1.74049383634561
1.2279857787983952
22.028307135123963
22.041068154112118
1.2290681383646156
1.74276928123608
-0.19265878592309035
-0.42056567746939005
-0.7445977366686709
-0.8475293317403021
-0.9222435882541888
-0.9560382247457728
-0.9763249283517248
-0.9867819063921088
-0.9927202770062313
-0.995936080855117
-0.9977376035964496
-0.9987331660347301
-0.9992903631473884
-0.9996012919663362
-0.999775740046136
-0.999873635581549
-0.999928726237828
-0.9999597601210941
-0.9999772730321614
-0.9999871664598772
-0.9999927618180373
-0.9999959279635077
-0.9999977184792443
-0.9999987268311156
-0.9999992861568503
-0.999999580683756
-0.9999997071953074
-0.9999997071956643
-0.9999995806837454
-0.9999992861566824
-0.9999987268306975
-0.9999977184788695
-0.9999959279633681
-0.9999927618183384
-0.9999871664590748
-0.999977273032591
-0.9999597601203893
-0.9999287262374791
-0.9998736355823599
-0.9997757400454896
-0.9996012919661275
-0.9992903631473977
-0.9987331660343057
-0.9977376035975483
-0.9959360808553023
-0.9927202770060185
-0.9867819063916389
-0.9763249283511972
-0.9560382247446182
-0.9222435882550226
-0.8475293317398933
-0.7445977366674421
-0.4205656774686529
-0.19265878592219748
1.7427692812375453
1.2290681383668662
22.041068154109723
22.047260684436008
1.2295987018040098
1.7438823701148984
-0.19232556628617137
-0.42026264025696425
-0.7444553705281394
-0.8474306743223277
-0.9221890733624646
-0.9560037307317484
-0.9763047291883333
-0.9867695067889354
-0.9927128634148934
-0.9959315755692397
-0.9977348908314888
-0.9987315243525039
-0.9992893738770408
-0.9996006960112704
-0.999775382809456
-0.9998734227495029
-0.9999286009662793
-0.9999596878852473
-0.9999772329461183
-0.9999871458529115
-0.9999927530110826
-0.999995926298744
-0.9999977211229429
-0.9999987320561207
-0.9999992928957522
-0.9999995882582171
-0.9999997151394003
-0.9999997151396904
-0.999999588258061
-0.999999292895382
-0.9999987320562366
-0.9999977211215603
-0.999995926299031
-0.9999927530107695
-0.9999871458526031
-0.9999772329458692
-0.999959687885156
-0.9999286009671761
-0.9998734227501657
-0.9997753828093601
-0.9996006960122277
-0.9992893738774097
-0.9987315243520541
-0.9977348908313162
-0.9959315755691599
-0.992712863414687
-0.9867695067879637
-0.976304729187233
-0.9560037307324676
-0.9221890733629594
-0.847430674322281
-0.7444553705284931
-0.42026264025732474
-0.1923255662865928
1.7438823701142292
1.2295987018008772
22.047260684425268
22.050275259073132
1.2298592797171657
1.7444280903993499
-0.19216124407684618
-0.4201132179633499
-0.7443848963343208
-0.8473817859176342
-0.9221619820091131
-0.9559865608301603
-0.9762946506618113
-0.9867633076933973
-0.9927091482895798
-0.9959293124949042
-0.9977335243527059
-0.9987306946919892
-0.9992888718261359
-0.9996003918541301
-0.9997751989976296
-0.9998733118826524
-0.9999285344195491
-0.9999596482396966
-0.9999772096416744
-0.999987132471581
-0.9999927456539752
-0.9999959225966408
-0.9999977196294569
-0.9999987318896069
-0.999999293509392
-0.9999995893026155
-0.9999997163751442
-0.9999997163752831
-0.999999589302834
-0.9999992935093593
-0.999998731889739
-0.9999977196282774
-0.9999959225968162
-0.9999927456535829
-0.9999871324712339
-0.9999772096418559
-0.9999596482393918
-0.9999285344200348
-0.9998733118826811
-0.9997751989975802
-0.9996003918548492
-0.9992888718258863
-0.9987306946918537
-0.9977335243527703
-0.9959293124958075
-0.9927091482888646
-0.9867633076935687
-0.9762946506612301
-0.9559865608310807
-0.9221619820085447
-0.8473817859168009
-0.7443848963343639
-0.42011321796179363
-0.19216124407651963
1.7444280904015095
1.2298592797170858
22.05027525907281
22.051746800279766
1.2299874787774392
1.7446961733438697
-0.1920801072342782
-0.42003944334463345
-0.7443499805097604
-0.847357542350434
-0.9221485137655998
-0.955978012910567
-0.9762896227197821
-0.9867602099715231
-0.9927072881826027
-0.9959281772726338
-0.997732837432389
-0.9987302766627131
-0.9992886181684667
-0.9996002376574997
-0.999775105390067
-0.9998732550631009
-0.9999284999931056
-0.9999596274269904
-0.999977197115629
-0.9999871249868956
-0.9999927412349453
-0.9999959200408541
-0.9999977182028252
-0.9999987311417615
-0.9999992931626908
-0.9999995891761182
-0.9999997163480832
-0.9999997163482091
-0.9999995891765321
-0.9999992931632689
-0.9999987311416659
-0.9999977182030033
-0.9999959200413453
-0.9999927412345037
-0.99998712498621
-0.9999771971163764
-0.9999596274262978
-0.9999284999925591
-0.9998732550636769
-0.9997751053901744
-0.9996002376577499
-0.9992886181675592
-0.9987302766636044
-0.9977328374333168
-0.9959281772730261
-0.9927072881817249
-0.9867602099716717
-0.9762896227198105
-0.9559780129098836
-0.922148513763821
-0.8473575423482109
-0.744349980507578
-0.42003944334175997
-0.19208010723226082
1.7446961733483386
1.2299874787849505
22.051746800297245
22.05246683902719
1.230050647734791
1.7448280989806344
-0.19203999745229605
-0.4200029745349474
-0.7443326676755215
-0.8473455114531616
-0.9221418152517835
-0.9559737562769545
-0.9762871143692422
-0.9867586623542463
-0.9927063573119802
-0.9959276082708837
-0.9977324925374289
-0.9987300664004577
-0.9992884903260713
-0.9996001597636455
-0.9997750579699385
-0.9998732261747685
-0.9999284824017347
-0.9999596167145397
-0.9999771905979524
-0.999987121023554
-0.9999927388285372
-0.99999591858149
-0.9999977173193971
-0.9999987306039915
-0.9999992928301114
-0.9999995889562615
-0.9999997161783745
-0.9999997161792638
-0.9999995889561779
-0.9999992928300191
-0.9999987306039364
-0.9999977173193935
-0.9999959185817535
-0.9999927388276628
-0.9999871210237745
-0.9999771905978361
-0.9999596167144338
-0.9999284824017713
-0.9998732261753156
-0.9997750579712321
-0.9996001597641168
-0.9992884903265684
-0.9987300664010361
-0.997732492538211
-0.9959276082700099
-0.9927063573107926
-0.9867586623532753
-0.9762871143701787
-0.9559737562756639
-0.9221418152506298
-0.8473455114517858
-0.7443326676730071
-0.42000297453438773
-0.19203999745122297
1.7448280989817864
1.2300506477351998
22.05246683903644
22.052819901806632
1.230081817174768
1.7448931221342607
-0.19202014784856464
-0.41998492710530555
-0.7443240765314032
-0.8473395369563766
-0.9221384821826955
-0.9559716359094184
-0.9762858628493458
-0.9867578892081332
-0.9927058915887537
-0.995927323208938
-0.9977323194976391
-0.9987299607532216
-0.9992884259896275
-0.9996001204965665
-0.9997750340183565
-0.9998732115489188
-0.9999284734678493
-0.9999596112536522
-0.9999771872557177
-0.9999871189740803
-0.999992737569176
-0.9999959178025883
-0.9999977168321528
-0.9999987302935651
-0.9999992926229976
-0.9999995888070718
-0.9999997160547531
-0.9999997160551232
-0.9999995888065552
-0.9999992926215542
-0.9999987302933666
-0.9999977168313037
-0.9999959178018776
-0.999992737568307
-0.9999871189747493
-0.999977187255414
-0.9999596112550186
-0.9999284734686433
-0.9998732115488147
-0.9997750340191975
-0.9996001204970117
-0.9992884259901043
-0.9987299607528252
-0.9977323194982861
-0.9959273232072031
-0.9927058915885669
-0.9867578892080638
-0.9762858628500928
-0.9559716359093213
-0.9221384821831939
-0.8473395369585
-0.7443240765339477
-0.41998492711189184
-0.1920201478537792
1.744893122126163
1.2300818171645522
22.052819901792855
22.052993345018223
1.2300972165919277
1.7449252155716626
-0.1920103148498203
-0.41997598686537324
-0.7443198102098008
-0.8473365680620234
-0.9221368229284946
-0.9559705793114294
-0.9762852382989764
-0.9867575029469564
-0.9927056586099914
-0.9959271804361477
-0.9977322327212657
-0.9987299077058918
-0.9992883936429809
-0.9996001007271202
-0.9997750219411048
-0.999873204162081
-0.9999284689464268
-0.9999596084834137
-0.9999771855548241
-0.9999871179264161
-0.9999927369206624
-0.9999959173971368
-0.9999977165750491
-0.9999987301269868
-0.999999292507657
-0.9999995887213043
-0.9999997159823619
-0.9999997159813241
-0.9999995887210534
-0.9999992925067323
-0.9999987301267415
-0.9999977165749518
-0.9999959173970618
-0.9999927369211009
-0.9999871179266578
-0.9999771855551348
-0.9999596084838491
-0.999928468947185
-0.9998732041611644
-0.9997750219418606
-0.9996001007267082
-0.9992883936423265
-0.9987299077062306
-0.9977322327200472
-0.9959271804349807
-0.992705658610751
-0.9867575029472107
-0.9762852382993079
-0.955970579313003
-0.9221368229313452
-0.8473365680667078
-0.7443198102165077
-0.41997598687416937
-0.1920103148566382
1.7449252155579456
1.2300972165813744
22.052993344993425
22.053078691469906
1.2301048335353404
1.7449410759897293
-0.19200543934533898
-0.4199715539629927
-0.7443176900988769
-0.8473350917919749
-0.9221359965403588
-0.9559700526019741
-0.9762849265542282
-0.9867573099496618
-0.9927055420647913
-0.9959271089396409
-0.9977321892168567
-0.9987298810830547
-0.9992883773906802
-0.9996000907821956
-0.9997750158584615
-0.999873200436604
-0.9999284666625361
-0.9999596070816118
-0.9999771846920549
-0.9999871173926784
-0.9999927365888941
-0.9999959171884474
-0.9999977164419895
-0.9999987300393648
-0.999999292446502
-0.9999995886765216
-0.9999997159440193
-0.9999997159430067
-0.9999995886765187
-0.9999992924477925
-0.9999987300398747
-0.9999977164433362
-0.9999959171889929
-0.9999927365901535
-0.999987117392649
-0.9999771846914578
-0.9999596070810017
-0.9999284666630734
-0.9998732004349563
-0.9997750158581784
-0.9996000907805079
-0.9992883773890957
-0.9987298810835468
-0.9977321892144573
-0.9959271089400867
-0.9927055420658751
-0.9867573099509983
-0.9762849265560589
-0.9559700526027947
-0.9221359965429501
-0.8473350917940121
-0.7443176901009474
-0.41997155396424346
-0.1920054393442401
1.7449410759874278
1.230104833535813
22.053078691459604
22.05312075086382
1.2301086050445469
1.744948923150313
-0.1920030198597924
-0.4199693540704623
-0.744316635834224
-0.8473343572759109
-0.9221355847687207
-0.9559697899391686
-0.9762847709062521
-0.986757213501166
-0.9927054837599905
-0.9959270731391215
-0.997732167410643
-0.9987298677258256
-0.9992883692284783
-0.9996000857834837
-0.9997750127974923
-0.9998731985589856
-0.9999284655106946
-0.9999596063729004
-0.9999771842545155
-0.9999871171211713
-0.999992736419673
-0.9999959170815218
-0.9999977163742577
-0.9999987299944901
-0.9999992924156877
-0.9999995886547258
-0.9999997159240301
-0.999999715924287
-0.9999995886545073
-0.9999992924174212
-0.99999872999556
-0.9999977163749831
-0.9999959170823504
-0.9999927364199142
-0.9999871171205217
-0.999977184253436
-0.9999596063723762
-0.9999284655085773
-0.9998731985576979
-0.9997750127957877
-0.9996000857810292
-0.9992883692278025
-0.9987298677265641
-0.9977321674096529
-0.9959270731409312
-0.9927054837622136
-0.9867572135024782
-0.9762847709059057
-0.9559697899381685
-0.9221355847670887
-0.8473343572710237
-0.7443166358272056
-0.4199693540595063
-0.19200301984631246
1.744948923166791
1.2301086050567895
22.053120750888034
22.053141506038024
1.230110474306119
1.7449528097074536
-0.1920018182311306
-0.41996826146986754
-0.7443161112547432
-0.84733399160756
-0.9221353794994687
-0.9559696589040332
-0.9762846931733952
-0.9867571652939501
-0.9927054545897035
-0.9959270552115189
-0.9977321564805661
-0.9987298610253559
-0.9992883651299371
-0.9996000832709228
-0.9997750112571583
-0.9998731976141103
-0.9999284649296846
-0.9999596060151517
-0.9999771840335061
-0.9999871169839532
-0.9999927363342472
-0.999995917028045
-0.9999977163396212
-0.9999987299722128
-0.9999992923996759
-0.9999995886435682
-0.9999997159133824
-0.99999971591389
-0.9999995886434311
-0.9999992924001413
-0.9999987299723218
-0.9999977163386593
-0.9999959170279138
-0.999992736334069
-0.9999871169829586
-0.999977184032639
-0.99995960601585
-0.999928464928078
-0.9998731976137669
-0.999775011256701
-0.999600083271394
-0.9992883651312877
-0.9987298610255764
-0.9977321564821373
-0.9959270552135487
-0.9927054545897611
-0.9867571652930588
-0.9762846931710505
-0.9559696589019202
-0.9221353794947869
-0.847333991600463
-0.7443161112453135
-0.4199682614554371
-0.19200181821580553
1.7449528097302824
1.2301104743174913
22.053141506073175
22.053151760508698
1.2301114015674042
1.7449547364650901
-0.19200122101454498
-0.4199677184228991
-0.744315850084783
-0.8473338094680016
-0.9221352771297144
-0.9559695935118019
-0.9762846543427725
-0.9867571411940927
-0.9927054399936635
-0.9959270462329909
-0.9977321510019885
-0.9987298576624966
-0.999288363070805
-0.9996000820068811
-0.9997750104819656
-0.9998731971373831
-0.999928464637202
-0.9999596058353688
-0.9999771839229463
-0.9999871169157593
-0.9999927362926454
-0.9999959170020662
-0.9999977163229427
-0.9999987299612091
-0.9999992923914164
-0.9999995886362534
-0.9999997159080738
-0.9999997159074143
-0.9999995886358711
-0.9999992923902474
-0.9999987299598265
-0.9999977163212169
-0.9999959170005739
-0.9999927362923737
-0.999987116914955
-0.9999771839230409
-0.9999596058369142
-0.9999284646377251
-0.9998731971396456
-0.9997750104837135
-0.9996000820090064
-0.9992883630738421
-0.9987298576632155
-0.997732151002321
-0.9959270462329417
-0.9927054399913757
-0.9867571411920273
-0.9762846543398629
-0.9559695935093153
-0.9221352771282971
-0.8473338094656898
-0.744315850083918
-0.41996771842147235
-0.19200122101489778
1.7449547364660296
1.2301114015721337
22.053151760518336
22.05315683205066
1.2301118618802687
1.7449556923952585
-0.19200092402375263
-0.41996744835962396
-0.7443157200000174
-0.8473337187068033
-0.9221352260614638
-0.9559695608686166
-0.9762846349416454
-0.9867571291434645
-0.9927054326887487
-0.9959270417356125
-0.9977321482557537
-0.998729855975146
-0.9992883620370454
-0.9996000813721604
-0.9997750100921852
-0.9998731968980379
-0.9999284644909483
-0.9999596057451041
-0.9999771838680414
-0.9999871168828935
-0.9999927362730098
-0.9999959169893882
-0.9999977163148392
-0.9999987299552524
-0.9999992923867103
-0.9999995886308217
-0.9999997159039009
-0.9999997159024347
-0.9999995886303328
-0.9999992923854691
-0.9999987299526862
-0.9999977163132315
-0.9999959169877644
-0.9999927362721158
-0.9999871168829241
-0.9999771838700333
-0.9999596057476454
-0.9999284644930346
-0.9998731969009254
-0.9997750100945761
-0.9996000813733881
-0.999288362039791
-0.9987298559750574
-0.997732148253855
-0.9959270417343178
-0.9927054326869982
-0.9867571291421825
-0.9762846349416597
-0.9559695608692693
-0.9221352260662192
-0.8473337187131489
-0.7443157200104309
-0.4199674483750488
-0.19200092404442054
1.7449556923675924
1.2301118618670353
22.053156832012736
22.05315934164261
1.230112090441727
1.7449561668084672
-0.19200077631769688
-0.4199673140396718
-0.7443156552085858
-0.8473336734811251
-0.9221352005887716
-0.9559695445757983
-0.9762846252499611
-0.9867571231195376
-0.9927054290350554
-0.9959270394851606
-0.9977321468798382
-0.998729855129717
-0.9992883615188836
-0.9996000810534608
-0.9997750098969712
-0.9998731967785002
-0.9999284644181237
-0.9999596057004032
-0.9999771838408923
-0.9999871168669334
-0.9999927362625303
-0.9999959169827193
-0.9999977163095556
-0.9999987299505348
-0.9999992923836873
-0.9999995886280783
-0.9999997159004945
-0.9999997159008851
-0.9999995886283484
-0.9999992923831812
-0.9999987299498151
-0.9999977163097145
-0.9999959169824508
-0.9999927362623621
-0.9999871168680132
-0.9999771838423039
-0.9999596057018036
-0.9999284644189326
-0.9998731967789487
-0.9997750098980563
-0.9996000810534391
-0.9992883615196071
-0.9987298551278114
-0.9977321468778202
-0.9959270394839864
-0.9927054290353272
-0.9867571231212803
-0.9762846252536496
-0.9559695445806251
-0.9221352005955628
-0.8473336734903756
-0.7443156552201061
-0.4199673140586342
-0.19200077634051738
1.7449561667790765
1.230112090426402
22.05315934159345
22.053160582105633
1.2301122037677024
1.7449564019284576
-0.19200070297571725
-0.4199672473400381
-0.7443156229925205
-0.8473336509851701
-0.9221351879049242
-0.9559695364589404
-0.9762846204182947
-0.9867571201154595
-0.992705427211694
-0.9959270383629251
-0.9977321461941255
-0.9987298547089194
-0.9992883612611644
-0.9996000808956458
-0.99977500979973
-0.9998731967186105
-0.9999284643813175
-0.9999596056774076
-0.9999771838257355
-0.9999871168571213
-0.9999927362537002
-0.9999959169773465
-0.999997716305418
-0.9999987299478174
-0.9999992923832219
-0.99999958862856
-0.9999997159017037
-0.9999997159029064
-0.9999995886297712
-0.9999992923846204
-0.9999987299498163
-0.9999977163075049
-0.9999959169798744
-0.99999273625561
-0.999987116857252
-0.9999771838249738
-0.9999596056766944
-0.9999284643782844
-0.9998731967171168
-0.9997750097983497
-0.99960008089316
-0.9992883612593704
-0.9987298547062444
-0.997732146193478
-0.9959270383638847
-0.9927054272125806
-0.9867571201177974
-0.9762846204214833
-0.9559695364632173
-0.9221351879069897
-0.8473336509867793
-0.7443156229939882
-0.4199672473419609
-0.19200070297505445
1.744956401929461
1.230112203768121
22.05316058209527
22.053161190530936
1.2301122595037877
1.7449565175230752
-0.19200066685541023
-0.41996721448928837
-0.7443156071067876
-0.8473336398886154
-0.9221351816430368
-0.9559695324503057
-0.9762846180303852
-0.9867571186300245
-0.9927054263097348
-0.9959270378073861
-0.9977321458549019
-0.9987298545020267
-0.9992883611348176
-0.9996000808181074
-0.9997750097524251
-0.9998731966890313
-0.9999284643607282
-0.9999596056634162
-0.9999771838159004
-0.9999871168495095
-0.9999927362482333
-0.999995916974497
-0.999997716303815
-0.9999987299475379
-0.9999992923850347
-0.9999995886300755
-0.9999997159042034
-0.9999997159053557
-0.9999995886317279
-0.99999929238585
-0.9999987299502946
-0.9999977163069371
-0.9999959169764079
-0.9999927362500637
-0.9999871168498752
-0.9999771838141902
-0.9999596056614029
-0.9999284643579335
-0.9998731966854341
-0.9997750097489659
-0.9996000808159398
-0.9992883611324703
-0.9987298545014003
-0.9977321458569242
-0.9959270378096969
-0.9927054263115225
-0.9867571186318778
-0.9762846180300335
-0.9559695324484461
-0.9221351816377065
-0.8473336398807252
-0.7443156070946195
-0.41996721447043894
-0.19200066683114442
1.7449565175577662
1.2301122595293372
22.053161190578358
22.053161478511498
1.2301122859561615
1.7449565723586562
-0.19200064969478495
-0.41996719888172107
-0.7443155995520441
-0.8473336346108683
-0.9221351786634435
-0.9559695305417606
-0.9762846168928454
-0.9867571179225485
-0.9927054258797312
-0.9959270375423801
-0.9977321456932806
-0.9987298544028284
-0.9992883610731078
-0.9996000807799997
-0.9997750097292604
-0.9998731966736703
-0.9999284643507814
-0.9999596056567059
-0.9999771838117344
-0.999987116847092
-0.9999927362469098
-0.9999959169734445
-0.9999977163038565
-0.9999987299489072
-0.999999292385906
-0.9999995886307045
-0.9999997159049279
-0.9999997159053242
-0.9999995886302661
-0.9999992923862016
-0.9999987299500646
-0.9999977163052276
-0.9999959169735293
-0.9999927362458623
-0.9999871168465467
-0.9999771838103209
-0.9999596056548434
-0.9999284643505109
-0.999873196672567
-0.9997750097280967
-0.9996000807799434
-0.9992883610730563
-0.9987298544037326
-0.9977321456939943
-0.9959270375444282
-0.9927054258804413
-0.986757117921063
-0.9762846168888855
-0.9559695305364091
-0.922135178656176
-0.8473336345984448
-0.7443155995361965
-0.4199671988591862
-0.1920006496690339
1.74495657239407
1.2301122859812519
22.053161478564288
22.0531615932179
1.2301122965206057
1.7449565942471574
-0.19200064283165644
-0.41996719264126264
-0.7443155965292865
-0.8473336324983379
-0.9221351774698862
-0.9559695297775834
-0.9762846164370929
-0.9867571176386427
-0.9927054257061846
-0.9959270374350512
-0.9977321456265291
-0.9987298543600904
-0.9992883610460099
-0.9996000807630722
-0.9997750097183206
-0.999873196666931
-0.9999284643481122
-0.9999596056562786
-0.9999771838129667
-0.9999871168484094
-0.9999927362489063
-0.9999959169755366
-0.9999977163056049
-0.9999987299495341
-0.999999292384917
-0.9999995886291886
-0.9999997159024316
-0.9999997159026928
-0.9999995886281272
-0.999999292384036
-0.9999987299471373
-0.9999977163028113
-0.9999959169731855
-0.9999927362464276
-0.9999871168493187
-0.999977183812484
-0.9999596056564539
-0.9999284643521127
-0.9998731966691776
-0.9997750097204384
-0.9996000807656071
-0.9992883610481191
-0.9987298543609727
-0.9977321456261643
-0.995927037435825
-0.9927054257048993
-0.9867571176347147
-0.9762846164329835
-0.9559695297749711
-0.9221351774680713
-0.8473336324942208
-0.7443155965273615
-0.4199671926400598
-0.19200064283297952
1.7449565942476382
1.230112296520887
22.05316159321839
22.053161593195632
1.2301122965275875
1.7449565942587697
-0.19200064282249119
-0.41996719263420323
-0.744315596524955
-0.8473336324955427
-0.9221351774677731
-0.955969529776957
-0.9762846164367567
-0.9867571176371381
-0.9927054257048902
-0.9959270374332059
-0.9977321456239368
-0.998729854356993
-0.9992883610438794
-0.9996000807615977
-0.9997750097173259
-0.9998731966674764
-0.9999284643503894
-0.9999596056593825
-0.999977183815882
-0.9999871168510668
-0.999992736251825
-0.9999959169780788
-0.9999977163065928
-0.9999987299488983
-0.9999992923835639
-0.9999995886262238
-0.9999997158995722
-0.9999997158990658
-0.9999995886260056
-0.9999992923804493
-0.9999987299453105
-0.9999977163023699
-0.9999959169748609
-0.9999927362506543
-0.9999871168527741
-0.9999771838162478
-0.9999596056610451
-0.9999284643539497
-0.9998731966699668
-0.9997750097200461
-0.9996000807640116
-0.9992883610448746
-0.9987298543575611
-0.9977321456235646
-0.9959270374321543
-0.9927054257030727
-0.9867571176345636
-0.9762846164355161
-0.955969529779609
-0.922135177474663
-0.8473336325052281
-0.7443155965410199
-0.41996719265825133
-0.19200064284964052
1.7449565942214926
1.2301122965046436
22.053161593140644
22.053161478461774
1.2301122859777727
1.7449565723837663
-0.19200064967849906
-0.4199671988689785
-0.7443155995445936
-0.8473336346057834
-0.922135178660259
-0.9559695305409202
-0.9762846168918269
-0.9867571179202037
-0.9927054258776704
-0.9959270375391029
-0.9977321456886534
-0.9987298543972105
-0.9992883610687492
-0.9996000807769183
-0.99977500972758
-0.9998731966741612
-0.9999284643548022
-0.9999596056612958
-0.9999771838169642
-0.9999871168523033
-0.9999927362520438
-0.9999959169775197
-0.9999977163057671
-0.9999987299475923
-0.9999992923825476
-0.9999995886253139
-0.9999997158991221
-0.999999715899561
-0.9999995886251346
-0.9999992923817351
-0.9999987299469075
-0.999997716305405
-0.9999959169771921
-0.9999927362532623
-0.9999871168533067
-0.9999771838187321
-0.9999596056622775
-0.999928464354933
-0.9998731966748744
-0.9997750097280078
-0.9996000807762037
-0.9992883610681641
-0.9987298543971659
-0.9977321456877675
-0.9959270375375819
-0.9927054258768109
-0.9867571179213451
-0.9762846168945605
-0.9559695305473425
-0.9221351786701557
-0.8473336346188671
-0.7443155995625648
-0.41996719889260725
-0.19200064970170028
1.744956572343814
1.2301122859473521
22.053161478400014
22.053161190503147
1.2301122595192189
1.7449565175361477
-0.19200066684888462
-0.4199672144832942
-0.7443156071046123
-0.8473336398865592
-0.9221351816429039
-0.9559695324501049
-0.9762846180297922
-0.9867571186290878
-0.9927054263089866
-0.9959270378052238
-0.9977321458529501
-0.9987298545000259
-0.9992883611328501
-0.9996000808168681
-0.9997750097522787
-0.9998731966890819
-0.9999284643611641
-0.9999596056639608
-0.9999771838174167
-0.9999871168508225
-0.9999927362509821
-0.9999959169762416
-0.9999977163039436
-0.9999987299475961
-0.999999292382907
-0.999999588627237
-0.9999997159014105
-0.9999997159030646
-0.999999588628827
-0.9999992923850862
-0.9999987299500983
-0.999997716307825
-0.9999959169779755
-0.9999927362533965
-0.9999871168525909
-0.9999771838175971
-0.9999596056646887
-0.9999284643596447
-0.9998731966858543
-0.9997750097498369
-0.9996000808138484
-0.999288361131855
-0.9987298544994165
-0.9977321458527626
-0.9959270378058956
-0.9927054263113998
-0.9867571186321924
-0.9762846180335178
-0.955969532454355
-0.9221351816454237
-0.8473336398895266
-0.7443156071048821
-0.41996721448349156
-0.19200066684630407
1.744956517535665
1.2301122595121372
22.05316119050761
22.053160582121873
1.2301122037623178
1.744956401918543
-0.1920007029845783
-0.4199672473468936
-0.744315622996871
-0.8473336509877039
-0.9221351879060256
-0.9559695364598113
-0.9762846204186602
-0.9867571201157475
-0.9927054272126732
-0.9959270383639227
-0.9977321461968438
-0.9987298547115236
-0.9992883612639344
-0.9996000808983949
-0.9997750098010749
-0.9998731967183216
-0.9999284643791118
-0.9999596056749147
-0.9999771838224635
-0.9999871168528498
-0.9999927362517415
-0.999995916975317
-0.9999977163038409
-0.9999987299495192
-0.9999992923846732
-0.9999995886307366
-0.9999997159056526
-0.9999997159067384
-0.9999995886331904
-0.9999992923873249
-0.9999987299516557
-0.9999977163076771
-0.9999959169784768
-0.9999927362530417
-0.9999871168522353
-0.9999771838206845
-0.9999596056729942
-0.9999284643746251
-0.999873196715291
-0.9997750097983595
-0.9996000808949919
-0.9992883612632493
-0.9987298547117562
-0.9977321461965598
-0.9959270383662615
-0.9927054272152283
-0.9867571201177494
-0.9762846204190794
-0.955969536458805
-0.9221351878996938
-0.8473336509764525
-0.7443156229798791
-0.41996724732342405
-0.19200070295847943
1.7449564019558395
1.2301122037846715
22.053160582193826
22.05315934168098
1.2301120904259424
1.7449561667879898
-0.192000776333657
-0.4199673140526465
-0.7443156552153776
-0.8473336734858571
-0.9221352005893364
-0.9559695445769852
-0.9762846252494952
-0.9867571231209552
-0.9927054290370182
-0.9959270394884292
-0.9977321468843829
-0.9987298551338355
-0.9992883615226307
-0.9996000810567197
-0.999775009898223
-0.99987319677825
-0.9999284644158684
-0.9999596056981932
-0.9999771838374214
-0.9999871168623704
-0.9999927362580521
-0.999995916979402
-0.9999977163077323
-0.9999987299509685
-0.9999992923861452
-0.9999995886322155
-0.9999997159068875
-0.9999997159055818
-0.9999995886337338
-0.9999992923856856
-0.9999987299518194
-0.9999977163085748
-0.9999959169794772
-0.9999927362572643
-0.9999871168606058
-0.9999771838345768
-0.9999596056965789
-0.9999284644139996
-0.9998731967779146
-0.9997750098969551
-0.9996000810572876
-0.9992883615240162
-0.9987298551346254
-0.997732146883644
-0.9959270394909495
-0.9927054290373429
-0.9867571231210643
-0.9762846252493651
-0.9559695445712042
-0.9221352005808121
-0.8473336734716816
-0.7443156551981681
-0.41996731403037907
-0.19200077631104726
1.7449561668229667
1.2301120904541465
22.05315934174108
22.053156832071174
1.2301118618781568
1.744955692387185
-0.1920009240320652
-0.419967448365584
-0.7443157200035311
-0.8473337187084362
-0.9221352260618666
-0.9559695608692234
-0.9762846349412049
-0.9867571291440631
-0.9927054326890596
-0.9959270417379882
-0.9977321482571437
-0.9987298559772015
-0.9992883620387738
-0.9996000813735759
-0.9997750100922667
-0.9998731968982157
-0.9999284644906548
-0.9999596057447488
-0.9999771838672165
-0.9999871168821814
-0.9999927362714773
-0.9999959169875834
-0.9999977163143472
-0.9999987299552966
-0.9999992923878891
-0.9999995886331176
-0.9999997159056457
-0.9999997159038017
-0.9999995886318926
-0.9999992923855889
-0.9999987299534927
-0.9999977163122714
-0.9999959169858181
-0.9999927362701553
-0.9999871168802623
-0.9999771838665876
-0.9999596057464091
-0.9999284644918174
-0.9998731969007741
-0.9997750100944542
-0.9996000813755923
-0.9992883620410822
-0.9987298559768236
-0.9977321482563375
-0.995927041737409
-0.9927054326879168
-0.9867571291410582
-0.976284634938839
-0.9559695608634271
-0.9221352260604097
-0.8473337187061806
-0.7443157200018089
-0.41996744836581035
-0.1920009240335554
1.7449556923849978
1.2301118618778881
22.05315683206029
22.053151760483956
1.2301114015821435
1.7449547364759392
-0.19200122100730546
-0.4199677184155287
-0.7443158500819125
-0.8473338094659414
-0.9221352771304867
-0.9559695935117876
-0.9762846543433029
-0.9867571411942958
-0.9927054399924983
-0.9959270462321139
-0.9977321510004703
-0.9987298576607564
-0.9992883630690715
-0.9996000820047184
-0.9997750104809444
-0.9998731971376906
-0.999928464638469
-0.9999596058367393
-0.9999771839254477
-0.9999871169193242
-0.9999927362947046
-0.9999959170033794
-0.9999977163248075
-0.9999987299614151
-0.9999992923905137
-0.9999995886359205
-0.9999997159051224
-0.9999997159048304
-0.9999995886323687
-0.9999992923887129
-0.9999987299584907
-0.9999977163218823
-0.9999959170018612
-0.9999927362935427
-0.999987116917944
-0.9999771839269518
-0.9999596058394089
-0.999928464640776
-0.9998731971404793
-0.9997750104839482
-0.9996000820067172
-0.999288363070689
-0.9987298576582799
-0.9977321509993711
-0.995927046229762
-0.9927054399902029
-0.9867571411911082
-0.9762846543411074
-0.9559695935128061
-0.9221352771353418
-0.8473338094759193
-0.7443158500958451
-0.4199677184372562
-0.1920012210323941
1.7449547364404352
1.230111401552887
22.053151760430072
22.053141505999072
1.2301104743156186
1.7449528097212907
-0.19200181821662132
-0.4199682614587949
-0.7443161112490659
-0.847333991605189
-0.9221353794996023
-0.955969658904696
-0.9762846931745877
-0.9867571652943081
-0.9927054545888206
-0.995927055208796
-0.9977321564782196
-0.9987298610213822
-0.9992883651273938
-0.9996000832677436
-0.9997750112561201
-0.999873197614428
-0.9999284649312903
-0.9999596060170506
-0.999977184036251
-0.9999871169872436
-0.9999927363371945
-0.9999959170304002
-0.9999977163405713
-0.9999987299722388
-0.9999992923978731
-0.9999995886401392
-0.9999997159094708
-0.9999997159097771
-0.9999995886392704
-0.9999992923977872
-0.9999987299715285
-0.9999977163406213
-0.9999959170300812
-0.9999927363379554
-0.9999871169887866
-0.9999771840384495
-0.9999596060188483
-0.9999284649324489
-0.9998731976153903
-0.9997750112570992
-0.9996000832677081
-0.9992883651277564
-0.9987298610205881
-0.9977321564762052
-0.9959270552079404
-0.9927054545873242
-0.9867571652937689
-0.9762846931749289
-0.9559696589097908
-0.9221353795065785
-0.8473339916155358
-0.7443161112623295
-0.41996826147747374
-0.19200181823981446
1.7449528096963434
1.2301104742967286
22.05314150596491
22.053120750846283
1.2301086050475671
1.7449489231553903
-0.19200301985392382
-0.41996935406767877
-0.7443166358316399
-0.8473343572760792
-0.9221355847671693
-0.9559697899382371
-0.9762847709062836
-0.9867572135003653
-0.9927054837592104
-0.9959270731379065
-0.997732167410517
-0.9987298677244697
-0.9992883692279119
-0.9996000857831939
-0.9997750127972798
-0.9998731985602538
-0.9999284655109065
-0.9999596063736896
-0.9999771842546068
-0.9999871171224417
-0.9999927364195922
-0.9999959170824322
-0.999997716373958
-0.9999987299930854
-0.9999992924144521
-0.9999995886521262
-0.999999715923212
-0.9999997159225403
-0.9999995886543993
-0.999999292417651
-0.9999987299962483
-0.9999977163754286
-0.9999959170839222
-0.9999927364219364
-0.9999871171236902
-0.9999771842557302
-0.999959606372935
-0.9999284655103619
-0.9998731985571717
-0.999775012795272
-0.9996000857810372
-0.9992883692260888
-0.9987298677243508
-0.9977321674083899
-0.9959270731402282
-0.9927054837607068
-0.9867572135028464
-0.9762847709086067
-0.9559697899409061
-0.9221355847694672
-0.8473343572748147
-0.7443166358322346
-0.41996935406557734
-0.1920030198525816
1.7449489231582773
1.230108605049283
22.053120750855975
22.053078691490413
1.2301048335318385
1.7449410759817572
-0.1920054393523508
-0.4199715539692642
-0.7443176901018094
-0.8473350917926092
-0.9221359965392605
-0.955970052600265
-0.9762849265531741
-0.986757309949114
-0.9927055420648726
-0.9959271089405082
-0.9977321892172613
-0.9987298810837267
-0.9992883773919978
-0.9996000907837574
-0.9997750158597027
-0.99987320043682
-0.9999284666631708
-0.9999596070813641
-0.9999771846898715
-0.9999871173907213
-0.9999927365874111
-0.99999591718743
-0.999997716440814
-0.9999987300374834
-0.999999292448025
-0.9999995886775634
-0.9999997159454451
-0.9999997159472809
-0.9999995886795514
-0.9999992924501072
-0.9999987300404831
-0.9999977164431282
-0.9999959171883637
-0.9999927365877209
-0.9999871173916945
-0.9999771846884341
-0.9999596070779984
-0.9999284666607698
-0.9998732004329718
-0.9997750158566039
-0.9996000907821532
-0.9992883773898299
-0.9987298810859894
-0.9977321892189299
-0.9959271089424839
-0.9927055420674178
-0.9867573099510882
-0.976284926555594
-0.9559700525994693
-0.9221359965376666
-0.8473350917865653
-0.7443176900902113
-0.4199715539526224
-0.19200543933144004
1.7449410760086552
1.2301048335510263
22.053078691526707
22.052993345039738
1.2300972165909312
1.7449252155623682
-0.19201031485759645
-0.41997598687198856
-0.7443198102137126
-0.8473365680629769
-0.9221368229289437
-0.9559705793110206
-0.9762852382990135
-0.986757502947812
-0.9927056586104956
-0.9959271804373672
-0.9977322327216005
-0.9987299077079945
-0.9992883936447137
-0.9996001007282865
-0.9997750219420741
-0.9998732041618825
-0.9999284689463279
-0.9999596084820206
-0.9999771855526813
-0.9999871179243276
-0.9999927369187445
-0.9999959173951083
-0.9999977165744467
-0.9999987301266069
-0.9999992925090506
-0.999999588723309
-0.9999997159840717
-0.9999997159853387
-0.9999995887227143
-0.9999992925089978
-0.999998730127306
-0.9999977165740142
-0.9999959173960858
-0.9999927369181569
-0.9999871179235423
-0.9999771855507178
-0.9999596084808844
-0.9999284689441137
-0.9998732041601615
-0.999775021941933
-0.9996001007284416
-0.9992883936451683
-0.9987299077093652
-0.9977322327241025
-0.9959271804377144
-0.9927056586120668
-0.9867575029463435
-0.976285238298374
-0.9559705793098503
-0.9221368229255966
-0.8473365680572741
-0.7443198102040299
-0.4199759868597832
-0.19201031484127615
1.744925215577379
1.2300972165953064
22.052993345057107
22.05281990182163
1.2300818171663415
1.744893122131919
-0.19202014784874566
-0.41998492710684004
-0.7443240765321231
-0.8473395369579947
-0.9221384821837426
-0.9559716359111967
-0.9762858628496065
-0.9867578892081917
-0.9927058915893441
-0.9959273232092198
-0.9977323194984773
-0.9987299607538199
-0.9992884259901914
-0.9996001204972993
-0.9997750340178355
-0.9998732115475844
-0.9999284734668936
-0.9999596112529514
-0.9999771872544367
-0.9999871189735118
-0.9999927375692819
-0.9999959178030098
-0.9999977168324061
-0.999998730294703
-0.9999992926237966
-0.9999995888080044
-0.9999997160558509
-0.9999997160548307
-0.9999995888065962
-0.9999992926215786
-0.9999987302933859
-0.9999977168294798
-0.99999591780191
-0.9999927375671687
-0.9999871189726539
-0.9999771872552472
-0.9999596112541155
-0.9999284734677873
-0.9998732115495477
-0.9997750340203491
-0.9996001204983089
-0.9992884259909873
-0.9987299607532638
-0.9977323194995804
-0.9959273232077854
-0.9927058915880415
-0.9867578892078802
-0.9762858628480553
-0.9559716359095429
-0.9221384821808556
-0.8473395369566806
-0.7443240765336847
-0.4199849271087511
-0.19202014785137267
1.7448931221260606
1.2300818171679468
22.052819901801804
22.052466839026344
1.2300506477289355
1.7448280989841116
-0.19203999744769296
-0.4200029745319356
-0.74433266767277
-0.8473455114533301
-0.9221418152520411
-0.955973756278363
-0.9762871143695758
-0.986758662354148
-0.992706357312152
-0.9959276082703021
-0.9977324925381186
-0.9987300663997943
-0.9992884903246657
-0.9996001597625227
-0.9997750579688611
-0.9998732261744225
-0.9999284824005307
-0.9999596167155346
-0.9999771905992797
-0.9999871210245896
-0.9999927388300449
-0.9999959185826932
-0.9999977173202674
-0.9999987306059027
-0.9999992928309221
-0.9999995889549744
-0.9999997161787101
-0.9999997161764733
-0.9999995889547248
-0.999999292828122
-0.9999987306029631
-0.9999977173182255
-0.9999959185817029
-0.9999927388291239
-0.9999871210242558
-0.9999771905999099
-0.999959616715937
-0.999928482402427
-0.9998732261770382
-0.9997750579719766
-0.9996001597636242
-0.9992884903252877
-0.9987300663994194
-0.9977324925364703
-0.9959276082690023
-0.992706357310024
-0.9867586623535284
-0.976287114369004
-0.955973756277015
-0.9221418152527783
-0.8473455114548543
-0.7443326676804467
-0.4200029745403495
-0.1920399974589403
1.7448280989714617
1.2300506477329982
22.05246683899881
22.05174680026593
1.2299874787801444
1.744696173346873
-0.19208010723288577
-0.4200394433416085
-0.7443499805088021
-0.8473575423495496
-0.9221485137667886
-0.955978012910152
-0.9762896227202318
-0.9867602099721116
-0.9927072881827291
-0.9959281772727135
-0.9977328374315639
-0.998730276663157
-0.9992886181686029
-0.9996002376571413
-0.9997751053899904
-0.9998732550638251
-0.9999284999931048
-0.9999596274280088
-0.9999771971174233
-0.9999871249876697
-0.9999927412353747
-0.999995920040541
-0.9999977182032544
-0.999998731142496
-0.9999992931621275
-0.999999589175083
-0.9999997163470659
-0.9999997163470968
-0.9999995891745403
-0.999999293162627
-0.9999987311411812
-0.999997718204134
-0.9999959200414004
-0.9999927412362897
-0.9999871249871546
-0.9999771971164808
-0.9999596274269671
-0.9999284999944014
-0.9998732550646168
-0.9997751053900361
-0.9996002376562556
-0.9992886181673765
-0.998730276662029
-0.997732837431226
-0.9959281772726618
-0.992707288182402
-0.986760209971039
-0.97628962272023
-0.9559780129095412
-0.9221485137677436
-0.8473575423499875
-0.7443499805108953
-0.4200394433457324
-0.1920801072366175
1.7446961733440416
1.2299874787837182
22.051746800276682
22.050275259065366
1.2298592797224859
1.7444280903999962
-0.19216124407950505
-0.4201132179633297
-0.7443848963357004
-0.8473817859159374
-0.9221619820093578
-0.9559865608288782
-0.9762946506616119
-0.986763307693084
-0.9927091482892436
-0.9959293124950741
-0.9977335243524905
-0.9987306946925948
-0.9992888718276263
-0.9996003918545123
-0.9997751989986503
-0.9998733118822374
-0.9999285344191298
-0.9999596482390761
-0.9999772096420845
-0.9999871324706673
-0.9999927456538273
-0.9999959225954327
-0.9999977196284113
-0.9999987318890871
-0.9999992935083496
-0.9999995893027869
-0.9999997163741201
-0.9999997163765344
-0.99999958930235
-0.9999992935107545
-0.9999987318902257
-0.9999977196303611
-0.9999959225965992
-0.9999927456537596
-0.999987132470549
-0.9999772096409714
-0.999959648239899
-0.9999285344198472
-0.9998733118822674
-0.9997751989965037
-0.9996003918536092
-0.9992888718262491
-0.9987306946921004
-0.9977335243534391
-0.9959293124960265
-0.9927091482896002
-0.98676330769362
-0.9762946506609628
-0.9559865608302252
-0.9221619820093444
-0.8473817859166584
-0.7443848963323562
-0.4201132179608477
-0.19216124407491791
1.7444280904049259
1.229859279714788
22.050275259084117
22.04726068444041
1.2295987018034846
1.7438823701170576
-0.19232556628604702
-0.42026264025678606
-0.7444553705276945
-0.8474306743219473
-0.9221890733612053
-0.9560037307312999
-0.9763047291873744
-0.9867695067875973
-0.9927128634139657
-0.995931575569023
-0.997734890831574
-0.9987315243507965
-0.9992893738762902
-0.9996006960111686
-0.9997753828094743
-0.9998734227500126
-0.9999286009666316
-0.9999596878861394
-0.9999772329463081
-0.9999871458526444
-0.9999927530113893
-0.9999959262986051
-0.999997721121226
-0.9999987320559611
-0.9999992928944413
-0.9999995882581143
-0.9999997151391655
-0.9999997151390769
-0.9999995882594532
-0.9999992928954482
-0.9999987320566945
-0.9999977211218378
-0.9999959262983968
-0.9999927530120152
-0.9999871458524275
-0.9999772329474073
-0.999959687887787
-0.9999286009659031
-0.9998734227498967
-0.9997753828087219
-0.999600696011611
-0.9992893738775189
-0.9987315243510456
-0.9977348908311949
-0.9959315755695134
-0.992712863413744
-0.9867695067893316
-0.9763047291884657
-0.9560037307338973
-0.9221890733625415
-0.8474306743234016
-0.7444553705293482
-0.42026264025784743
-0.19232556628870542
1.7438823701140906
1.2295987017946826
22.047260684442747
22.04106815410773
1.229068138359437
1.7427692812420164
-0.19265878591830632
-0.4205656774666775
-0.7445977366663665
-0.847529331740601
-0.922243588252778
-0.9560382247460351
-0.9763249283510218
-0.9867819063923979
-0.9927202770065706
-0.9959360808546038
-0.9977376035958863
-0.9987331660327912
-0.9992903631451844
-0.9996012919662862
-0.9997757400450106
-0.9998736355821308
-0.9999287262379345
-0.9999597601215706
-0.9999772730324714
-0.9999871664607327
-0.9999927618188613
-0.9999959279649129
-0.999997718479993
-0.9999987268311976
-0.999999286155273
-0.999999580682692
-0.9999997071950515
-0.9999997071931445
-0.9999995806839737
-0.9999992861542686
-0.999998726830289
-0.9999977184780857
-0.999995927964161
-0.9999927618196198
-0.9999871664616375
-0.999977273034648
-0.9999597601225491
-0.9999287262382688
-0.9998736355825997
-0.999775740045679
-0.9996012919667756
-0.9992903631471481
-0.9987331660332874
-0.9977376035953429
-0.9959360808543662
-0.992720277004151
-0.986781906392381
-0.9763249283521847
-0.9560382247464183
-0.9222435882562421
-0.8475293317436997
-0.744597736673341
-0.4205656774755242
-0.1926587859328058
1.742769281225553
1.2290681383601345
22.04106815407995
22.028307135111735
1.2279857787895017
1.7404938363443163
-0.1933354485977608
-0.42118114209079566
-0.7448855848531092
-0.847728565007683
-0.9223533174762698
-0.9561075210883401
-0.9763653925997192
-0.9868066854008648
-0.9927350478164988
-0.9959450282141765
-0.9977429692925868
-0.9987363964468523
-0.9992922958054895
-0.9996024440236113
-0.9997764194055954
-0.9998740296637836
-0.9999289477470333
-0.9999598773543115
-0.9999773272119461
-0.9999871825318146
-0.9999927548642754
-0.9999959071123201
-0.9999976892628918
-0.9999986926172542
-0.999999249017304
-0.9999995419357162
-0.999999667734673
-0.9999996677351656
-0.9999995419368252
-0.9999992490182072
-0.9999986926164133
-0.9999976892620961
-0.9999959071124855
-0.9999927548642429
-0.9999871825328873
-0.9999773272125542
-0.9999598773559784
-0.9999289477489011
-0.9998740296637528
-0.9997764194072852
-0.9996024440253144
-0.9992922958064676
-0.9987363964480347
-0.9977429692911008
-0.9959450282144227
-0.9927350478156256
-0.9868066853997661
-0.9763653926011395
-0.9561075210872905
-0.922353317479383
-0.847728565010416
-0.7448855848545242
-0.4211811420950229
-0.19333544860023155
1.7404938363401543
1.2279857787976711
22.02830713508279
22.001912776000808
1.2257729774886377
1.7358302167411082
-0.19471163902461958
-0.422433118038288
-0.7454680962386531
-0.8481311675267065
-0.9225742064195512
-0.9562466850870153
-0.9764463730975523
-0.986856115478866
-0.992764392152397
-0.9959627172271652
-0.9977535076629717
-0.9987426828408716
-0.9992960046766688
-0.9996046065493976
-0.9997776480325249
-0.9998746961889962
-0.9999292751868742
-0.9999600004811706
-0.999977327150861
-0.9999871082414326
-0.9999926358564867
-0.9999957612001666
-0.999997527206492
-0.9999985209463532
-0.9999990717355318
-0.9999993615765463
-0.9999994860121807
-0.9999994860123896
-0.9999993615749381
-0.9999990717366212
-0.9999985209470805
-0.9999975272062404
-0.99999576120131
-0.9999926358559018
-0.999987108241042
-0.9999773271488276
-0.9999600004794335
-0.9999292751849902
-0.9998746961864597
-0.9997776480306255
-0.9996046065486408
-0.9992960046763301
-0.9987426828408026
-0.9977535076639699
-0.9959627172282128
-0.992764392155306
-0.9868561154806806
-0.9764463730974906
-0.9562466850849567
-0.9225742064164076
-0.8481311675219282
-0.7454680962283073
-0.4224331180246812
-0.1947116390048705
1.7358302167657116
1.2257729775005708
22.001912776012738
21.94707969533532
1.2212380590683065
1.7262433336740446
-0.1975152295415039
-0.42498426975415715
-0.7466479230385845
-0.848945139114271
-0.9230187563245236
-0.9565258920467764
-0.9766081116723908
-0.9869543813051918
-0.9928223614213618
-0.9959973744969881
-0.9977739053139254
-0.9987546263680556
-0.9993028390199946
-0.9996083849895687
-0.9997795866998517
-0.9998755310224458
-0.9999294463161195
-0.9999597730303716
-0.9999768602058072
-0.9999864974904848
-0.9999919387828133
-0.999995012378223
-0.9999967474454606
-0.9999977228238148
-0.9999982629356627
-0.9999985469263097
-0.9999986687843545
-0.9999986687841926
-0.9999985469266979
-0.9999982629355332
-0.9999977228257944
-0.9999967474461324
-0.9999950123794183
-0.9999919387828731
-0.9999864974882822
-0.9999768602045632
-0.9999597730268703
-0.999929446312863
-0.9998755310196901
-0.9997795866972763
-0.999608384987857
-0.9993028390189018
-0.9987546263676635
-0.997773905315833
-0.9959973744990811
-0.9928223614230816
-0.9869543813066978
-0.9766081116698261
-0.9565258920431909
-0.9230187563184982
-0.8489451391051646
-0.7466479230251768
-0.4249842697336724
-0.19751522951734146
1.7262433337106264
1.22123805909178
21.947079695390098
21.832563607849295
1.2119185273876862
1.7064667474254094
-0.203237336850687
-0.43019239797333
-0.749039372738612
-0.8505910821774534
-0.9239125962503238
-0.9570848354412675
-0.9769298051697415
-0.9871483636890142
-0.9929355447129615
-0.996063972536796
-0.9978121099962028
-0.9987760545032038
-0.9993141652872364
-0.9996136905338243
-0.9997812810799941
-0.999875066859206
-0.9999276893263813
-0.999957242707547
-0.9999738671020144
-0.9999832276572278
-0.9999885035387037
-0.9999914783985283
-0.9999931546898957
-0.9999940953298169
-0.9999946153146604
-0.9999948883193573
-0.9999950053458003
-0.999995005344255
-0.9999948883192886
-0.9999946153150322
-0.9999940953298653
-0.9999931546898067
-0.9999914783985488
-0.999988503539216
-0.9999832276542489
-0.9999738671033074
-0.9999572427057661
-0.9999276893257709
-0.9998750668606149
-0.9997812810816025
-0.9996136905333525
-0.9993141652865429
-0.9987760545032005
-0.9978121099960618
-0.996063972537351
-0.9929355447115475
-0.9871483636892961
-0.9769298051662612
-0.9570848354390192
-0.9239125962466457
-0.8505910821737943
-0.7490393727389972
-0.4301923979718017
-0.20323733685061168
1.70646674743083
1.2119185273860946
21.83256360787827
21.591850883902886
1.192705886632245
1.6655003190418125
-0.21494026556412424
-0.44084532018764266
-0.7538890621338543
-0.8539174321020047
-0.9257054275816637
-0.9581983101087339
-0.9775639482320233
-0.9875254868436478
-0.9931507756754236
-0.9961862108232564
-0.9978779184017079
-0.9988086512643805
-0.999326851553952
-0.9996145598357593
-0.999775094469769
-0.9998646814393879
-0.9999148007966754
-0.9999428639435612
-0.9999586008748533
-0.9999674333664011
-0.999972395200003
-0.9999751835511372
-0.9999767493766167
-0.9999776250524054
-0.9999781075720489
-0.9999783602043155
-0.9999784682855757
-0.9999784682870063
-0.9999783601999505
-0.9999781075689786
-0.9999776250496601
-0.9999767493746534
-0.9999751835500967
-0.9999723951992789
-0.9999674333665027
-0.9999586008772045
-0.9999428639449068
-0.9999148007986851
-0.9998646814423197
-0.9997750944714772
-0.9996145598380326
-0.9993268515534545
-0.99880865126323
-0.9978779183999795
-0.996186210820853
-0.9931507756716493
-0.9875254868406428
-0.9775639482314652
-0.9581983101117577
-0.9257054275874346
-0.8539174321126514
-0.7538890621508272
-0.4408453202127115
-0.21494026559437823
1.6655003190024902
1.1927058866004778
21.59185088385957
21.081752409760917
1.1529531116996046
1.5802145674842225
-0.23893125159521356
-0.46267603414457814
-0.7637215811425914
-0.8606242220756388
-0.9292801565410769
-0.960391733789587
-0.9787885277323789
-0.9882325258833711
-0.9935336970534757
-0.9963837162783329
-0.997963521682196
-0.9988286971869507
-0.9993078059530969
-0.999572430072158
-0.9997192562817766
-0.9998007297282003
-0.9998460395264221
-0.9998712555979591
-0.9998853069661745
-0.9998931424493717
-0.9998975149182698
-0.9998999553697775
-0.999901316383901
-0.9999020723143123
-0.9999024861444081
-0.9999027015988036
-0.999902793414359
-0.9999027934152913
-0.9999027015957258
-0.9999024861430198
-0.9999020723130451
-0.9999013163811539
-0.9998999553691069
-0.9998975149174609
-0.9998931424517841
-0.9998853069678344
-0.9998712556017997
-0.9998460395300355
-0.9998007297302016
-0.9997192562838948
-0.9995724300738094
-0.9993078059513465
-0.998828697186791
-0.9979635216810847
-0.9963837162745197
-0.9935336970525703
-0.9882325258818221
-0.978788527735396
-0.9603917337947718
-0.9292801565508302
-0.8606242220907896
-0.7637215811643918
-0.4626760341753733
-0.2389312516285822
1.5802145674339245
1.152953111654686
21.081752409681258
19.989396420366745
1.070337978113908
1.4015713688301692
-0.2882453112525849
-0.5074739298695454
-0.7836133055028404
-0.8740578955784952
-0.9363033261601019
-0.9645954479029935
-0.9810322116848964
-0.989432681482367
-0.9940853189691241
-0.9965660248414584
-0.997924478082086
-0.9986606937396978
-0.9990634178693851
-0.9992832158897531
-0.9994036023933076
-0.9994695315490805
-0.9995056910699258
-0.9995255283946864
-0.9995364181265163
-0.9995423969693621
-0.9995456798859941
-0.9995474818456662
-0.9995484696732062
-0.9995490089248191
-0.9995492992590915
-0.9995494482263734
-0.999549511060046
-0.9995495110592233
-0.9995494482293522
-0.999549299260045
-0.9995490089271442
-0.9995484696729023
-0.9995474818462008
-0.9995456798852713
-0.9995423969702801
-0.9995364181276076
-0.9995255283959208
-0.999505691069283
-0.9994695315481232
-0.9994036023933499
-0.9992832158882247
-0.9990634178683057
-0.9986606937401756
-0.9979244780824956
-0.9965660248400111
-0.9940853189708384
-0.9894326814839449
-0.9810322116882895
-0.9645954479057972
-0.9363033261656415
-0.8740578955809281
-0.7836133055074632
-0.5074739298732812
-0.28824531125311037
1.4015713688292029
1.070337978127113
19.989396420352257
17.616814399975013
0.8976403315334284
1.0245044843134554
-0.38992156727750327
-0.5993591850250466
-0.8235432458240128
-0.9004810307862354
-0.9495626225939081
-0.9720604409921536
-0.9845235083937767
-0.9908139090687595
-0.9941688177292312
-0.9959144889819186
-0.9968363483171021
-0.9973199906074487
-0.9975743957794933
-0.997707844218324
-0.9977777373510186
-0.9978142312594923
-0.997833214624671
-0.9978430432404257
-0.9978481016523753
-0.9978506862058067
-0.9978519947148766
-0.9978526497113731
-0.9978529728742739
-0.997853129367796
-0.9978532031771763
-0.9978532363008099
-0.997853248846885
-0.997853248846179
-0.9978532363045292
-0.997853203179552
-0.9978531293715072
-0.9978529728780752
-0.9978526497122084
-0.9978519947156105
-0.9978506862062588
-0.9978481016520415
-0.9978430432371499
-0.9978332146212427
-0.9978142312548017
-0.997777737348764
-0.9977078442169974
-0.9975743957807884
-0.9973199906083658
-0.9968363483190394
-0.9959144889841699
-0.9941688177312493
-0.990813909072181
-0.9845235083952708
-0.9720604409882032
-0.9495626225867502
-0.9004810307701621
-0.8235432458030184
-0.5993591849935662
-0.38992156723868165
1.0245044843691382
0.8976403315915769
17.61681440004932
12.357827544223955
0.5331769173032053
0.22090326955396813
-0.6001072542630734
-0.7865993123316928
-0.9016537125454023
-0.9497121393722033
-0.9715956718174343
-0.9820438661514257
-0.9864139740595425
-0.9884162233735906
-0.9891721139254142
-0.9894561710071634
-0.9895203775029746
-0.9895125570617171
-0.989481635404591
-0.989450709121141
-0.9894255529596319
-0.9894072370975426
-0.9893945893435372
-0.9893861857997476
-0.9893807364129269
-0.9893772696431717
-0.9893750951033723
-0.9893737474874813
-0.9893729216762599
-0.9893724227498444
-0.9893721289668874
-0.9893719668305154
-0.989371895016853
-0.9893718950168366
-0.9893719668303826
-0.9893721289700633
-0.9893724227492239
-0.9893729216788063
-0.9893737474885284
-0.9893750951037245
-0.9893772696439305
-0.9893807364128444
-0.9893861857982358
-0.9893945893417527
-0.9894072370972478
-0.9894255529589695
-0.9894507091193371
-0.9894816354065186
-0.9895125570646826
-0.9895203775039763
-0.9894561710093391
-0.9891721139261501
-0.9884162233737668
-0.9864139740564264
-0.9820438661463731
-0.9715956718041393
-0.9497121393551076
-0.9016537125215147
-0.7865993122990371
-0.6001072542191142
0.2209032696148242
0.5331769173554558
12.35782754431745
0.322462585131552
-0.2523997784438001
-1.5119759399566028
-1.0329547438628395
-1.1574376512254894
-1.040491576060853
-1.0243830172887538
-0.9893791466690764
-0.9742901907690272
-0.9620420377042973
-0.9552692429109984
-0.9508158653448959
-0.9482016968971889
-0.9465935773905602
-0.945640171808571
-0.9450685716706906
-0.9447304818437718
-0.9445302417574368
-0.9444123422375157
-0.9443430017515637
-0.9443023482712912
-0.9442785498745199
-0.9442646468917022
-0.9442565374692303
-0.9442518169277812
-0.944249077292598
-0.9442474979426181
-0.9442466038649819
-0.9442461253051283
-0.944245917500782
-0.9442459175013345
-0.9442461253025974
-0.9442466038636965
-0.9442474979400425
-0.9442490772903945
-0.9442518169260699
-0.9442565374697522
-0.9442646468932356
-0.9442785498747803
-0.9443023482737551
-0.9443430017578276
-0.9444123422431738
-0.9445302417600243
-0.9447304818460693
-0.9450685716706968
-0.9456401718059839
-0.9465935773871212
-0.9482016968930521
-0.9508158653368552
-0.9552692429058616
-0.9620420377002619
-0.974290190767282
-0.9893791466696253
-1.0243830172954294
-1.0404915760648814
-1.157437651230865
-1.032954743867219
-1.5119759399645232
-0.25239977845077133
0.3224625851428974
-28.838801705925924
-2.048116230096628
-5.287611635555084
-1.8812304599711704
-1.8018370186143389
-1.1786452174329234
-1.0111484202305694
-0.854308268378024
-0.7836545435198354
-0.7368633168509509
-0.7120124748404513
-0.6971325424441797
-0.688814052120795
-0.6839876903617983
-0.6812474768452161
-0.6796738167574805
-0.678776337591515
-0.6782627098549006
-0.6779694208906873
-0.6778017717945253
-0.67770600996566
-0.6776512924793123
-0.6776200352070089
-0.677602179872417
-0.6775919857940602
-0.6775861748234904
-0.6775828793412608
-0.6775810404554741
-0.677580067594924
-0.6775796484266301
-0.6775796484234522
-0.6775800675885667
-0.6775810404474603
-0.6775828793328474
-0.6775861748164906
-0.6775919857908241
-0.6776021798733345
-0.6776200352119373
-0.677651292484625
-0.6777060099743486
-0.6778017718051013
-0.677969420899454
-0.6782627098620219
-0.6787763375925715
-0.6796738167527703
-0.6812474768355201
-0.6839876903490612
-0.6888140521068506
-0.6971325424305099
-0.7120124748329515
-0.7368633168481364
-0.7836545435277211
-0.8543082683981031
-1.0111484202633956
-1.1786452174784467
-1.8018370186733876
-1.881230460032673
-5.2876116356317056
-2.048116230158082
-28.83880170597653
-108.46602512249339
-6.844814539194152
-13.32657189815739
-2.877509034810153
-1.9911557078448188
-0.18778066126003692
0.3678767377911839
0.7985016293868494
0.9947307027019499
1.1150935493264267
1.1777163141208418
1.2136074161593213
1.2331570027235879
1.2441536527539252
1.2502467047022225
1.2536611905710753
1.2555672866204097
1.2566361452854564
1.257235275287604
1.2575718485787726
1.2577610360664901
1.2578675230264855
1.257927506958867
1.2579613254004427
1.257980398084019
1.2579911468839216
1.2579971792708338
1.2580005143598205
1.2580022655496412
1.258003016274041
1.258003016279965
1.2580022655630456
1.2580005143752455
1.257997179292061
1.257991146899952
1.257980398097736
1.2579613254063162
1.257927506950499
1.2578675230108445
1.2577610360477225
1.257571848551704
1.2572352752719156
1.2566361452663122
1.2555672866146104
1.2536611905800585
1.250246704718183
1.2441536527790156
1.233157002749027
1.2136074161848929
1.1777163141478286
1.1150935493405614
0.9947307027053873
0.798501629365391
0.3678767377495495
-0.18778066131821222
-1.991155707917401
-2.8775090348767067
-13.326571898242872
-6.844814539249983
-108.4660251225328
-418.34522533982397
-21.498250612978033
-22.335526512087974
11.577951567432844
16.58680045831816
22.073303965883504
23.906903524583647
25.126005534845206
25.67808759452744
25.995402581239496
26.156672318013385
26.245731032730227
26.293112224695143
26.31909019482698
26.333195487163085
26.340946789079844
26.3452012440588
26.34754963557472
26.348847464010497
26.349567053453455
26.349966712283802
26.350189181048393
26.350313216932037
26.350382483007646
26.350421202494694
26.35044284527081
26.350454900711753
26.350461521714813
26.350464979528528
26.350466456526668
26.350466456543018
26.350464979569836
26.350461521727652
26.350454900789945
26.35044284534659
26.350421202575767
26.350382483074114
26.35031321693303
26.35018918105893
26.34996671227038
26.349567053354832
26.34884746396108
26.347549635495998
26.345201243998382
26.340946789016307
26.3331954870635
26.31909019487758
26.29311222468759
26.245731032758314
26.156672318091275
25.995402581299214
25.67808759463551
25.126005534946387
23.906903524681624
22.073303965972094
16.586800458300896
11.57795156745551
-22.335526512204154
-21.498250612938328
-418.34522533994635