361.59622924429414
17.27948306654301
17.756569687720607
-11.667058850339707
-16.049549222460186
-20.811435282385716
-22.40719738811327
-23.465075012959417
-23.944453522343164
-24.2195845499474
-24.35938916804461
-24.43652142373194
-24.477536765847645
-24.5000070112093
-24.512200017103822
-24.51889555713441
-24.522568015705414
-24.52459368033782
-24.52571234968128
-24.526332138026085
-24.526676095931176
-24.526867381563292
-24.526973888579658
-24.52703320765658
-24.52706613931693
-24.527084172538267
-24.527093567725082
-24.52709757424556
-24.527097574296814
-24.527093567662902
-24.52708417257041
-24.52706613931374
-24.527033207656842
-24.526973888593233
-24.52686738153917
-24.526676095928167
-24.5263321380788
-24.52571234964225
-24.52459368036952
-24.5225680156652
-24.51889555715435
-24.512200017103233
-24.50000701120768
-24.477536765852513
-24.436521423700306
-24.359389168057767
-24.219584549969596
-23.944453522298343
-23.465075012994426
-22.407197388056353
-20.81143528243347
-16.0495492224274
-11.667058850351104
17.756569687722248
17.27948306655708
361.59622924429954
92.85633688372923
5.81770124118931
11.397599145079614
2.4403499593938847
1.679685469140929
0.1332541189084161
-0.3438695326154837
-0.7132716704583875
-0.8817023384951697
-0.9849474943080235
-1.0386668741451817
-1.0694395273200792
-1.0861969532650033
-1.095618399138933
-1.1008365141644032
-1.1037591782157914
-1.105389895074981
-1.106303819329494
-1.1068158095439653
-1.1071032523203752
-1.107264714458506
-1.107355519928479
-1.1074066046574451
-1.1074353283589118
-1.1074514132713376
-1.1074602886491038
-1.107464941346664
-1.107466933717482
-1.1074669337232739
-1.1074649413426458
-1.1074602886523808
-1.1074514132716304
-1.1074353283608849
-1.1074066046592526
-1.1073555199291714
-1.1072647144562986
-1.1071032523217252
-1.1068158095360063
-1.106303819333947
-1.1053898950721823
-1.1037591782200291
-1.1008365141680156
-1.0956183991395783
-1.0861969532690359
-1.0694395273192319
-1.038666874145211
-0.984947494308573
-0.8817023384902792
-0.7132716704646351
-0.3438695326143111
0.13325411890204333
1.6796854691338812
2.4403499593920075
11.397599145076999
5.817701241189326
92.85633688372982
23.696633104835417
1.737694237485146
4.5236826091840525
1.6902079468641253
1.6365335466334008
1.116839071508116
0.9782604681532949
0.847133931424551
0.7880846928173413
0.7488609620780411
0.7280137349569364
0.7155156580488882
0.7085242789136472
0.7044655205112446
0.7021602702104489
0.7008360652624873
0.7000807503535174
0.6996484672205392
0.6994016392444988
0.6992605677768584
0.6991800074328791
0.6991339973400028
0.6991077403843098
0.6990927795215405
0.6990842994871471
0.6990795700395336
0.6990770691226056
0.6990759919362997
0.6990759919383613
0.6990770691218621
0.6990795700409026
0.6990842994864986
0.6990927795206194
0.6991077403859081
0.6991339973411692
0.699180007431391
0.6992605677785764
0.6994016392420006
0.699648467222537
0.7000807503517614
0.7008360652610275
0.7021602702098406
0.7044655205103334
0.7085242789155626
0.7155156580496786
0.7280137349568598
0.7488609620794444
0.7880846928164398
0.8471339314260926
0.9782604681523955
1.1168390715067535
1.6365335466335762
1.6902079468642106
4.523682609186862
1.7376942374852502
23.69663310483567
-1.634141871720328
0.1913987816672447
1.2615208799638657
0.9702400200370317
1.0945266619417269
1.0142620326947676
1.007255020388686
0.9818536462612981
0.9710410073120856
0.9617812625225063
0.9566154098062452
0.9531569884267088
0.9511100625910008
0.9498396485710046
0.9490820039428076
0.9486253422026856
0.948354128212869
0.9481929311099592
0.948097748401596
0.9480416339944472
0.9480086712769995
0.947989347547387
0.9479780521548864
0.9479714726236419
0.9479676680170456
0.9479655087185119
0.9479643507039823
0.947963847242653
0.9479638472403789
0.9479643507046421
0.9479655087175747
0.947967668017864
0.9479714726240044
0.9479780521546233
0.9479893475479108
0.9480086712771469
0.9480416339944739
0.9480977484026877
0.9481929311072139
0.9483541282136293
0.9486253422015996
0.9490820039441752
0.9498396485710785
0.9511100625904101
0.9531569884268261
0.9566154098075745
0.96178126252154
0.9710410073127693
0.9818536462592511
1.0072550203901356
1.0142620326946044
1.094526661942216
0.9702400200373982
1.2615208799622688
0.19139878166753482
-1.634141871720987
-12.087917266725102
-0.4876073768720963
-0.23939411264947108
0.5978413871432853
0.7760483050436007
0.8969828220566518
0.9456224176643341
0.9695110868579524
0.9808207304365983
0.9859478718671895
0.988376588010099
0.9894243252092023
0.9898835493271267
0.9900585582677404
0.9901178753912789
0.9901281363849872
0.990122070709601
0.99011193936693
0.9901026395672896
0.990095393850996
0.9900902150757682
0.9900866881574466
0.9900843667920545
0.9900828772077901
0.9900819447136981
0.9900813804717317
0.9900810628756516
0.9900809204899865
0.9900809204891508
0.9900810628761957
0.9900813804712643
0.9900819447138487
0.9900828772074508
0.9900843667923731
0.9900866881573036
0.9900902150755765
0.9900953938513589
0.9901026395673682
0.9901119393665513
0.9901220707091147
0.9901281363853462
0.9901178753908945
0.9900585582677581
0.9898835493270435
0.9894243252088848
0.9883765880108178
0.9859478718671135
0.9808207304362786
0.9695110868583454
0.9456224176634372
0.8969828220579927
0.7760483050422475
0.5978413871448309
-0.2393941126507806
-0.4876073768722994
-12.08791726672435
-16.655450811241646
-0.8030722954241303
-0.9360137582326622
0.41628181585856194
0.6143826735374199
0.8299361632394008
0.903595489919339
0.9510378190773116
0.9727759703916896
0.9849036205728916
0.9910396176354332
0.994333091328031
0.9960545997266204
0.9969699015279574
0.9974532130147795
0.9977095014159643
0.9978450973566267
0.9979168383965273
0.9979547250128584
0.9979746958595996
0.9979851951490291
0.9979906969565153
0.9979935683964716
0.9979950591657579
0.9979958271965742
0.9979962168825265
0.9979964060834245
0.997996482657779
0.9979964826601815
0.9979964060824599
0.9979962168834429
0.9979958271965765
0.9979950591650085
0.9979935683969818
0.9979906969565766
0.9979851951477902
0.9979746958611491
0.9979547250108183
0.9979168383987742
0.9978450973554933
0.9977095014166375
0.9974532130147132
0.9969699015268797
0.9960545997274888
0.9943330913275974
0.9910396176354475
0.9849036205737469
0.9727759703902583
0.9510378190790383
0.9035954899181844
0.8299361632397986
0.6143826735379254
0.41628181585733515
-0.9360137582312744
-0.8030722954245488
-16.655450811242233
-18.715948741559487
-0.9526479377848234
-1.2630003926765903
0.32831428198312324
0.5348902783934464
0.7954912186089271
0.8808484950679405
0.9396905139996664
0.9664422978867319
0.9820068192087721
0.9899665818662415
0.9943810945941154
0.9967371644969372
0.9980291613778616
0.9987302625620358
0.9991143676358143
0.9993243323140382
0.9994395346814443
0.9995027417598292
0.9995374783545989
0.9995565758024415
0.9995670826749776
0.9995728632386643
0.9995760409068346
0.9995777809001867
0.999578720700094
0.9995792043335562
0.9995794087607653
0.9995794087605722
0.9995792043331126
0.9995787206998294
0.9995777809007624
0.9995760409068637
0.9995728632384925
0.9995670826751292
0.9995565758028468
0.9995374783548181
0.9995027417600102
0.9994395346801066
0.9993243323146952
0.999114367635631
0.9987302625630762
0.9980291613777538
0.9967371644965592
0.9943810945944782
0.9899665818665941
0.9820068192086359
0.9664422978862799
0.9396905139980121
0.8808484950696966
0.795491218608626
0.5348902783946343
0.32831428198211654
-1.2630003926762527
-0.9526479377840641
-18.71594874155855
-19.66456926649913
-1.0242265880121608
-1.4179451364183553
0.28561706830780154
0.49609967665872423
0.7782970669769868
0.8692474533507535
0.9336417386349889
0.962833371258752
0.9800934657129932
0.9889553134167404
0.9939301715089898
0.9966051264067807
0.9980881386030727
0.9989004540485259
0.9993503917075361
0.9995989650971496
0.9997369252415735
0.9998135030575148
0.9998561050057424
0.9998798223375316
0.999893042123306
0.9999004132782856
0.9999045212100535
0.9999068016311352
0.999908049626695
0.9999086992549236
0.9999089760750179
0.9999089760742775
0.9999086992565849
0.9999080496261481
0.9999068016313205
0.9999045212099489
0.9999004132785148
0.9998930421229076
0.9998798223380058
0.99985610500433
0.9998135030586209
0.999736925241
0.9995989650981192
0.9993503917072374
0.9989004540478557
0.9980881386037133
0.9966051264067881
0.9939301715091959
0.9889553134166253
0.980093465712186
0.9628333712591751
0.9336417386352673
0.8692474533506114
0.7782970669773377
0.49609967665697263
0.2856170683096339
-1.4179451364188287
-1.024226588011698
-19.66456926649899
-20.10752931088853
-1.0586761917321543
-1.4919248045286952
0.2648365386771999
0.47718751483260485
0.7697896172179408
0.8634473686774355
0.9305549213414324
0.9609421447048648
0.9790406094089195
0.9883499928336679
0.9936050009536381
0.9964401184705753
0.9980197387773668
0.9988886161660933
0.999372260930774
0.9996407260825348
0.9997904911921937
0.9998740512073991
0.9999207891324164
0.999946952835993
0.9999616194473617
0.9999698449366523
0.9999744560755126
0.9999770308369
0.9999784477514939
0.999979188845409
0.9999795056948833
0.9999795056955687
0.9999791888446383
0.9999784477516601
0.9999770308366926
0.9999744560756425
0.99996984493632
0.9999616194476852
0.9999469528359914
0.9999207891329382
0.9998740512069357
0.9997904911919715
0.9996407260821238
0.9993722609314577
0.9988886161661712
0.998019738777469
0.9964401184704434
0.993605000953667
0.9883499928336648
0.979040609409175
0.9609421447043074
0.9305549213416903
0.8634473686773483
0.7697896172190986
0.47718751483265315
0.26483653867694784
-1.4919248045285576
-1.0586761917322145
-20.107529310888793
-20.316552932148923
-1.0753282583290462
-1.527462848334783
0.254697067747536
0.4679562009548579
0.765591207789502
0.8605685774705973
0.9290048393721286
0.9599802180070988
0.9784935849260259
0.9880252997392409
0.9934202960041105
0.9963357776806511
0.9979641405044922
0.9988616885099642
0.9993625117506872
0.9996411662213922
0.9997970116332697
0.999884187535115
0.9999330795617218
0.9999605246887449
0.9999759536038575
0.9999846318792156
0.9999895112838586
0.9999922438591123
0.9999937518217796
0.9999945424350778
0.9999948810220152
0.9999948810239243
0.9999945424340022
0.9999937518224264
0.9999922438589988
0.9999895112836091
0.9999846318793908
0.9999759536042159
0.9999605246878798
0.9999330795624131
0.9998841875337339
0.9997970116346131
0.9996411662205846
0.9993625117511307
0.9988616885102093
0.9979641405039645
0.9963357776810622
0.9934202960038587
0.9880252997390584
0.9784935849267187
0.9599802180060214
0.9290048393728234
0.8605685774702497
0.7655912077899847
0.4679562009548747
0.25469706774662637
-1.5274628483335886
-1.0753282583311292
-20.316552932150408
-20.41599067377838
-1.083406618781545
-1.5446197034523887
0.24973852566465637
0.4634422533169247
0.7635202123097853
0.8591434712060452
0.9282314894400052
0.9594968671475451
0.9782156470801096
0.9878578714465052
0.9933227607191986
0.9962785186850663
0.9979314189485637
0.9988434576193442
0.9993530019220946
0.9996368512894176
0.9997958108007113
0.9998848470041928
0.9999348525085241
0.9999629631732017
0.999978789946357
0.9999877057033904
0.9999927265063113
0.9999955426619569
0.9999970990629219
0.9999979161151711
0.9999982663427616
0.9999982663416191
0.9999979161159729
0.9999970990622707
0.9999955426623359
0.9999927265060922
0.9999877057033066
0.9999787899464747
0.9999629631733553
0.9999348525076073
0.9998848470053311
0.9997958107999001
0.9996368512901187
0.999353001921718
0.9988434576196878
0.9979314189482988
0.9962785186847052
0.9933227607190424
0.9878578714473019
0.9782156470794356
0.9594968671482715
0.9282314894390946
0.8591434712070005
0.7635202123097761
0.46344225331675254
0.2497385256650348
-1.5446197034525477
-1.0834066187818272
-20.415990673777976
-20.46360282517221
-1.0873379219487478
-1.5529369522657779
0.24730872935704906
0.46123084782168033
0.762498245524512
0.8584385087717495
0.9278467007697578
0.9592552808837161
0.9780757879790818
0.9877729506782987
0.9932727084520456
0.9962486288461352
0.9979138575217363
0.9988332019802872
0.9993471595246354
0.9996336472509442
0.9997941943617985
0.9998841825842593
0.9999347601703577
0.9999632141461995
0.999979246995448
0.9999882862705929
0.9999933809235297
0.9999962409119578
0.9999978228091126
0.999998653826424
0.9999990102121856
0.999999010210354
0.9999986538265737
0.9999978228082782
0.9999962409128762
0.9999933809238665
0.9999882862700218
0.9999792469955815
0.9999632141463792
0.99993476017017
0.9998841825852587
0.9997941943602957
0.99963364725088
0.9993471595248749
0.9988332019810063
0.9979138575220705
0.9962486288455465
0.9932727084521669
0.9877729506789126
0.9780757879784867
0.9592552808837702
0.9278467007686824
0.858438508772188
0.7624982455256446
0.46123084782048407
0.24730872935769738
-1.552936952267036
-1.0873379219484751
-20.463602825170433
-20.48652090441002
-1.0892563281998555
-1.5569830662312039
0.24611589907247458
0.46014549323928255
0.76199358760229
0.8580897529169649
0.9276554507540264
0.9591348230928058
0.9780057258868289
0.9877302029368116
0.993247345437713
0.9962333496155326
0.997904762744491
0.9988277831505064
0.9993439681725365
0.9996317916640666
0.9997931451402723
0.9998836184720725
0.9999344885402115
0.9999631186341493
0.9999792575666613
0.9999883606512485
0.9999934935915535
0.9999963763822146
0.9999979715850662
0.9999988099105865
0.9999991695231061
0.999999169524989
0.999998809909469
0.9999979715861338
0.9999963763817121
0.9999934935910884
0.999988360651511
0.9999792575672375
0.9999631186324565
0.9999344885414603
0.9998836184706845
0.9997931451430556
0.9996317916626508
0.9993439681730456
0.9988277831500203
0.9979047627438927
0.9962333496167188
0.9932473454376709
0.9877302029359245
0.9780057258878971
0.9591348230915446
0.9276554507565469
0.8580897529152407
0.7619935876026303
0.46014549323821496
0.2461158990723243
-1.5569830662291624
-1.089256328199726
-20.486520904410277
-20.497601053825164
-1.090194745487503
-1.5589572697886358
0.24552934384888997
0.45961189606510394
0.761744177540636
0.8579171397986116
0.9275604248781837
0.9590748257116892
0.9779707051562072
0.9877087640281238
0.9932345707714499
0.9962256145023389
0.9979001262706483
0.9988249933202218
0.9993423002960308
0.9996307983822702
0.9997925602108354
0.9998832798782968
0.9999342988933939
0.9999630189323833
0.9999792122039882
0.9999883480715185
0.9999935007410512
0.9999963953157018
0.9999979974168861
0.9999988395353726
0.9999992008296986
0.9999992008286863
0.9999988395358566
0.9999979974168458
0.9999963953157305
0.999993500741167
0.999988348070636
0.9999792122049014
0.9999630189318823
0.999934298893467
0.9998832798789467
0.9997925602094896
0.999630798383062
0.9993423002951327
0.9988249933208562
0.9979001262707128
0.9962256145020345
0.9932345707724473
0.9877087640277877
0.9779707051562831
0.9590748257119408
0.9275604248767253
0.8579171398004048
0.7617441775397424
0.45961189606609343
0.24552934384776376
-1.558957269788587
-1.0901947454863499
-20.497601053827903
-20.50297783832111
-1.0906547737302161
-1.559923019598486
0.24524047676297622
0.45934915062536147
0.7616208090629235
0.8578316538032986
0.9275132070177193
0.9590449545814762
0.9779532188981298
0.9876980324523686
0.9932281564414278
0.9962217175310973
0.9978977804618232
0.9988235740783841
0.9993414452646641
0.9996302833832678
0.9997922515176397
0.9998830959372815
0.9999341905642246
0.9999629563741383
0.9999791773695497
0.9999883300042464
0.9999934927898331
0.9999963934237726
0.9999979990771093
0.999998843156623
0.9999992053203137
0.9999992053177675
0.9999988431583589
0.9999979990759226
0.9999963934243897
0.9999934927899146
0.9999883300037554
0.9999791773695487
0.9999629563746374
0.9999341905630836
0.9998830959390458
0.9997922515156527
0.999630283384525
0.9993414452637921
0.9988235740783216
0.997897780462792
0.9962217175304866
0.9932281564420027
0.9876980324522897
0.9779532188973215
0.9590449545823925
0.9275132070161637
0.857831653804223
0.761620809063138
0.4593491506240305
0.24524047676468352
-1.5599230195986054
-1.0906547737293857
-20.502977838319204
-20.50559527243019
-1.0908807198774308
-1.5603965121442323
0.24509801760985728
0.45921958813642927
0.7615597335463237
0.85778928801933
0.9274897388077901
0.9590300834472388
0.9779444922886356
0.987692666007728
0.9932249411235385
0.9962197592994148
0.9978965982641463
0.9988228563767549
0.9993410109618026
0.9996300202147856
0.9997920923902666
0.999882999852133
0.9999341327659419
0.9999629218058874
0.9999791568986023
0.9999883180789453
0.9999934860334228
0.9999963897679229
0.999997997243482
0.9999988423300964
0.9999992049375384
0.9999992049390627
0.9999988423291208
0.9999979972440962
0.9999963897673969
0.9999934860328352
0.9999883180795424
0.9999791568986127
0.9999629218051502
0.999934132767017
0.9998829998511918
0.9997920923921164
0.9996300202136388
0.9993410109621463
0.9988228563762374
0.9978965982641106
0.996219759300091
0.9932249411237664
0.9876926660069192
0.9779444922895246
0.9590300834459924
0.9274897388098293
0.8577892880174738
0.7615597335479489
0.45921958813565616
0.24509801760896716
-1.5603965121440466
-1.0908807198791737
-20.505595272432483
-20.506872941698056
-1.090991885509355
-1.560629117675198
0.24502767218094015
0.459155615738842
0.7615294718263377
0.8577682771650401
0.9274780704631993
0.9590226789864599
0.977940138093973
0.9876899838622685
0.9932233308970164
0.9962187767250774
0.9978960037780765
0.9988224946010408
0.9993407914084182
0.9996298866949097
0.9997920112673686
0.9998829505332845
0.9999341027987414
0.9999629035996447
0.9999791458441054
0.9999883113674649
0.9999934819528578
0.9999963872689217
0.9999979956757938
0.9999988412780014
0.9999992041142003
0.9999992041154049
0.9999988412769907
0.9999979956769662
0.9999963872693973
0.9999934819525398
0.9999883113673323
0.9999791458439788
0.9999629035987723
0.9999341027999993
0.9998829505320641
0.9997920112677812
0.9996298866945911
0.9993407914087433
0.9988224946023396
0.9978960037773155
0.9962187767251519
0.9932233308970142
0.9876899838618067
0.9779401380947222
0.959022678985294
0.9274780704628851
0.857768277165501
0.7615294718266152
0.459155615739832
0.24502767217869426
-1.5606291176736915
-1.0909918855104395
-20.506872941697004
-20.507498113675364
-1.0910466635634244
-1.5607435866702783
0.24499289536106658
0.45912399098588896
0.7615144656469319
0.8577578497048185
0.9274722665691097
0.9590189913509674
0.9779379655713961
0.9876886436572396
0.993222524927892
0.9962182841273861
0.997895705214909
0.9988223125766686
0.999340680710287
0.9996298192124944
0.9997919701444418
0.9998829254342376
0.9999340874666149
0.9999628942106933
0.9999791400761124
0.9999883078018997
0.9999934797234429
0.9999963858445919
0.9999979947263855
0.9999988405901035
0.9999992035453704
0.9999992035441676
0.9999988405911399
0.9999979947259962
0.999996385844552
0.9999934797231425
0.9999883078020901
0.9999791400761636
0.9999628942109723
0.9999340874657845
0.9998829254355412
0.9997919701437379
0.9996298192137163
0.9993406807100373
0.9988223125762701
0.9978957052150055
0.996218284127181
0.99322252492775
0.9876886436572963
0.977937965570578
0.9590189913521516
0.9274722665687545
0.8577578497052347
0.7615144656467727
0.4591239909843903
0.24499289536266555
-1.5607435866703212
-1.0910466635627447
-20.5074981136733
-20.50780465914157
-1.091073693737466
-1.560800006940645
0.2449756841236586
0.45910834006323853
0.7615070186487589
0.8577526711042084
0.9274693783933101
0.9590171542369283
0.9779368814823849
0.9876879740380167
0.9932221216303707
0.9962180372976219
0.9978955553887681
0.99882222109412
0.9993406249851442
0.99962978518099
0.9997919493633183
0.9998829127189155
0.9999340796732117
0.9999628894182455
0.9999791371138038
0.999988305954831
0.999993478553481
0.9999963850831537
0.9999979942064865
0.999998840203155
0.9999992032179215
0.9999992032163878
0.9999988402040443
0.999997994206099
0.9999963850832978
0.9999934785542444
0.9999883059545172
0.999979137114098
0.9999628894184038
0.9999340796723069
0.999882912719584
0.999791949361778
0.9996297851819924
0.9993406249852188
0.9988222210943185
0.9978955553893863
0.9962180372969376
0.9932221216307369
0.9876879740387507
0.9779368814816356
0.9590171542375663
0.9274693783924892
0.8577526711045649
0.7615070186497586
0.459108340062356
0.2449756841254142
-1.5608000069420946
-1.0910736937366259
-20.507804659141094
-20.507955251068697
-1.0910870486598994
-1.5608278548705972
0.2449671577040028
0.45910058665749753
0.76150332027356
0.8577500975426413
0.9274679404936487
0.9590162387028549
0.9779363404264982
0.9876876394589919
0.9932219198533035
0.9962179136551754
0.9978954802394575
0.9988221751515868
0.9993405969587311
0.9996297680437524
0.9997919388789229
0.9998829062950632
0.9999340757270605
0.9999628869854484
0.9999791356046652
0.9999883050082975
0.9999934779500285
0.9999963846875453
0.9999979939308076
0.9999988399991276
0.9999992030410643
0.9999992030426654
0.9999988399981117
0.9999979939316825
0.9999963846873849
0.9999934779495632
0.9999883050087022
0.9999791356051051
0.9999628869840551
0.9999340757286566
0.9998829062933537
0.9997919388810267
0.9996297680425082
0.9993405969592135
0.9988221751513486
0.9978954802386697
0.9962179136555694
0.9932219198531194
0.9876876394590681
0.9779363404271919
0.9590162387021929
0.9274679404951658
0.8577500975417895
0.7615033202740067
0.45910058665682624
0.2449671577034201
-1.5608278548686956
-1.0910870486601234
-20.507955251069994
-20.50802935352707
-1.0910936546083119
-1.560841617504777
0.24496292985413337
0.4590967420657433
0.7615014822947583
0.8577488177685693
0.9274672243003861
0.9590157822745062
0.9779360703337395
0.9876874722662483
0.9932218189023687
0.9962178517282186
0.9978954425596382
0.99882215208631
0.9993405828778991
0.9996297594178014
0.9997919335995216
0.9998829030524002
0.9999340737320959
0.9999628857533723
0.9999791348379243
0.9999883045272077
0.9999934776428638
0.9999963844833025
0.9999979937916399
0.9999988398901587
0.9999992029496941
0.9999992029503157
0.9999988398897062
0.999997993791802
0.9999963844830166
0.9999934776428421
0.9999883045273628
0.9999791348384626
0.9999628857529117
0.9999340737326418
0.9998829030517394
0.9997919336001677
0.9996297594175256
0.9993405828777286
0.9988221520862182
0.9978954425590174
0.9962178517285022
0.993221818902456
0.9876874722664652
0.9779360703339706
0.9590157822750198
0.9274672243012243
0.8577488177683087
0.7615014822940693
0.4590967420654003
0.2449629298541099
-1.5608416175045356
-1.0910936546085293
-20.50802935352853
-20.508065871554678
-1.0910969255927583
-1.5608484268030822
0.24496083170869737
0.45909483408894447
0.7615005682892653
0.8577481809960561
0.92746686741744
0.9590155546486236
0.977935935473266
0.9876873887077151
0.99322176839578
0.9962178207164518
0.9978954236684707
0.9988221405139043
0.999340575801995
0.9996297550817949
0.9997919309409495
0.9998829014176278
0.9999340727262663
0.9999628851298621
0.9999791344507043
0.9999883042831277
0.9999934774855379
0.9999963843798385
0.9999979937188725
0.9999988398346005
0.9999992029033128
0.9999992029005709
0.999998839835868
0.9999979937178959
0.9999963843801976
0.9999934774857372
0.999988304282453
0.9999791344507083
0.9999628851307414
0.9999340727256397
0.9998829014193491
0.9997919309377761
0.9996297550829387
0.9993405758017797
0.9988221405148194
0.9978954236687989
0.9962178207157616
0.9932217683961877
0.9876873887090238
0.9779359354716342
0.9590155546502507
0.927466867414842
0.8577481809972539
0.7615005682894183
0.4590948340885195
0.24496083171064686
-1.5608484268049707
-1.0910969255919176
-20.508065871555374
-20.50808389039609
-1.0910985466430478
-1.5608517990078103
0.24495978975596483
0.45909388655311767
0.7615001135313149
0.8577478640117818
0.9274666895187272
0.9590154410999631
0.9779358681245025
0.9876873469448859
0.9932217431272949
0.9962178051884044
0.9978954141995309
0.9988221347102717
0.9993405722461669
0.9996297529036166
0.9997919296005531
0.999882900597073
0.9999340722192772
0.9999628848161899
0.9999791342549116
0.9999883041593836
0.9999934774052895
0.9999963843279538
0.9999979936796037
0.9999988398085979
0.9999992028780291
0.9999992028795643
0.9999988398081876
0.9999979936799019
0.9999963843272784
0.9999934774044834
0.9999883041595927
0.9999791342550539
0.9999628848159234
0.9999340722206188
0.9998829005963591
0.9997919296027151
0.9996297529030851
0.999340572246546
0.9988221347086379
0.9978954141991473
0.9962178051890722
0.9932217431270429
0.9876873469450739
0.9779358681252657
0.9590154410990845
0.927466689520914
0.8577478640095999
0.7615001135322343
0.4590938865511338
0.24495978975612887
-1.5608517990070485
-1.0910985466428489
-20.50808389039635
-20.50809278803832
-1.0910993503511106
-1.5608534698503695
0.24495927219987812
0.4590934158657626
0.7614998872572053
0.8577477062058023
0.9274666008544916
0.9590153844619482
0.9779358344997575
0.9876873260770098
0.9932217304907159
0.9962177974142494
0.9978954094596333
0.9988221317961195
0.9993405704690809
0.9996297518070248
0.9997919289313163
0.9998829001817926
0.9999340719623455
0.999962884658854
0.9999791341559501
0.9999883040974327
0.9999934773670778
0.9999963842999506
0.9999979936634283
0.9999988397926258
0.9999992028648472
0.9999992028663576
0.9999988397914206
0.9999979936645151
0.9999963843001254
0.9999934773673207
0.9999883040975126
0.9999791341564118
0.9999628846576938
0.99993407196395
0.9998829001795755
0.9997919289319956
0.999629751806673
0.9993405704693552
0.9988221317968087
0.9978954094591481
0.9962177974149573
0.9932217304904598
0.9876873260763184
0.9779358344997255
0.9590153844606322
0.9274666008548892
0.8577477062054503
0.7614998872568359
0.4590934158673007
0.2449592721985826
-1.5608534698496497
-1.091099350350646
-20.508092788040983
-20.508097177649276
-1.0910997483073008
-1.5608542967112702
0.2449590154738973
0.4590931823925255
0.7614997748390779
0.8577476277762841
0.9274665567326881
0.9590153562643715
0.9779358177429907
0.9876873156704227
0.9932217241832821
0.9962177935333385
0.9978954070872774
0.9988221303420654
0.9993405695736828
0.9996297512593183
0.9997919285937806
0.9998828999736973
0.999934071835636
0.9999628845777524
0.9999791341061014
0.9999883040659097
0.9999934773455659
0.9999963842869695
0.999997993652896
0.9999988397857766
0.9999992028609366
0.9999992028589197
0.9999988397870255
0.9999979936519271
0.9999963842878363
0.9999934773456686
0.9999883040655305
0.9999791341060567
0.9999628845780724
0.9999340718348774
0.9998828999753935
0.9997919285913688
0.999629751261598
0.9993405695726509
0.9988221303426628
0.9978954070874005
0.9962177935326118
0.9932217241828634
0.9876873156702695
0.9779358177424007
0.9590153562652285
0.9274665567313332
0.8577476277775702
0.7614997748382208
0.4590931823920409
0.24495901547568877
-1.5608542967128605
-1.0910997483063294
-20.508097177646114
-20.508099327014623
-1.0910999438097648
-1.5608547027177293
0.24495888915777114
0.4590930675110299
0.7614997194478832
0.8577475891163654
0.927466534963068
0.9590153423436167
0.9779358094640892
0.9876873105262325
0.9932217210633036
0.9962177916116033
0.9978954059122465
0.9988221296205384
0.9993405691302581
0.9996297509876673
0.9997919284253025
0.9998828998713957
0.9999340717726047
0.9999628845394202
0.9999791340820301
0.9999883040498074
0.9999934773347852
0.9999963842798548
0.999997993647725
0.9999988397824577
0.9999992028573733
0.9999992028570784
0.9999988397834777
0.9999979936482113
0.9999963842800768
0.9999934773350917
0.9999883040497537
0.9999791340816081
0.9999628845385753
0.9999340717719394
0.999882899871386
0.9997919284258137
0.9996297509880244
0.9993405691303663
0.9988221296200963
0.9978954059127076
0.9962177916116266
0.9932217210629225
0.987687310526286
0.9779358094638879
0.9590153423439418
0.9274665349641275
0.8577475891156032
0.7614997194490487
0.45909306750912227
0.24495888916079517
-1.5608547027197885
-1.0910999438097102
-20.508099327016325
-20.508100343017006
-1.0911000364838612
-1.5608548950936614
0.24495882920897807
0.45909301298114635
0.7614996931285032
0.8577475707385445
0.9274665246079921
0.9590153357172823
0.9779358055200216
0.9876873080736339
0.9932217195745437
0.9962177906937031
0.9978954053524043
0.9988221292747204
0.9993405689199764
0.9996297508577926
0.9997919283458475
0.9998828998228417
0.9999340717401763
0.999962884519964
0.9999791340692554
0.9999883040424806
0.9999934773312037
0.9999963842770478
0.9999979936464514
0.9999988397816213
0.9999992028546392
0.9999992028560268
0.9999988397790474
0.9999979936467538
0.9999963842770092
0.9999934773307186
0.9999883040422941
0.9999791340700206
0.9999628845188306
0.9999340717420804
0.999882899819749
0.9997919283469228
0.9996297508562815
0.999340568920702
0.9988221292749575
0.9978954053515281
0.996217790693494
0.9932217195737929
0.9876873080737039
0.9779358055208334
0.9590153357157085
0.927466524609124
0.8577475707381998
0.7614996931292389
0.4590930129816207
0.24495882920878445
-1.5608548950938723
-1.0911000364857073
-20.508100343020384
-20.508100747385456
-1.0911000734386929
-1.560854971783884
0.24495880527815156
0.45909299121754843
0.7614996826140201
0.8577475633961414
0.9274665204665524
0.9590153330673621
0.977935803942863
0.9876873070931008
0.9932217189798526
0.9962177903271884
0.9978954051280725
0.9988221291375432
0.9993405688349118
0.9996297508054065
0.9997919283133503
0.9998828998022626
0.9999340717289285
0.9999628845121298
0.9999791340650601
0.999988304038865
0.9999934773290402
0.9999963842755742
0.99999799364489
0.9999988397799802
0.9999992028545757
0.9999992028551405
0.9999988397798639
0.9999979936449903
0.9999963842756291
0.9999934773278416
0.9999883040399031
0.9999791340650752
0.9999628845117696
0.9999340717290144
0.9998828998013498
0.9997919283145043
0.9996297508055068
0.9993405688342694
0.998822129137283
0.9978954051266873
0.996217790327957
0.9932217189793331
0.9876873070938217
0.9779358039430222
0.959015333067732
0.9274665204681234
0.8577475633955339
0.7614996826133995
0.4590929912163381
0.2449588052793564
-1.5608549717836697
-1.09110007343889
-20.508100747384383
-20.508100747382016
-1.0911000734438896
-1.5608549717858389
0.24495880527936648
0.45909299121574
0.7614996826154967
0.8577475633945455
0.9274665204690267
0.959015333066752
0.9779358039434938
0.9876873070928106
0.9932217189798977
0.9962177903270364
0.9978954051289128
0.9988221291361317
0.9993405688369658
0.9996297508038025
0.9997919283151631
0.9998828998007359
0.9999340717286156
0.9999628845118002
0.9999791340647003
0.9999883040389983
0.9999934773292959
0.9999963842742378
0.9999979936463768
0.9999988397787208
0.9999992028558766
0.999999202853725
0.9999988397793574
0.9999979936454364
0.9999963842746924
0.9999934773295959
0.9999883040392303
0.9999791340650421
0.9999628845124444
0.9999340717278344
0.9998828998026723
0.9997919283133312
0.9996297508047924
0.9993405688361647
0.9988221291359728
0.9978954051292828
0.9962177903267823
0.9932217189801502
0.9876873070937491
0.9779358039430943
0.9590153330674929
0.9274665204683438
0.8577475633948557
0.7614996826159185
0.4590929912137547
0.24495880528209954
-1.5608549717894928
-1.091100073440392
-20.508100747378403
-20.508100343002823
-1.0911000364803614
-1.560854895088871
0.24495882920265877
0.4590930129841867
0.7614996931255493
0.8577475707407758
0.9274665246047737
0.9590153357180633
0.977935805519637
0.9876873080746174
0.9932217195753155
0.9962177906959324
0.9978954053510221
0.9988221292778952
0.9993405689174488
0.9996297508594653
0.9997919283448089
0.9998828998221565
0.9999340717408729
0.9999628845188815
0.9999791340694966
0.9999883040424965
0.999993477330128
0.9999963842781413
0.9999979936444653
0.9999988397821353
0.9999992028545397
0.9999992028546012
0.9999988397805216
0.9999979936438554
0.9999963842782373
0.9999934773304553
0.9999883040426714
0.9999791340703008
0.9999628845188728
0.9999340717419494
0.9998828998218523
0.9997919283446399
0.9996297508593399
0.9993405689174131
0.9988221292776412
0.997895405351507
0.9962177906958092
0.9932217195748383
0.9876873080741515
0.977935805520201
0.9590153357175584
0.9274665246054108
0.857747570739799
0.7614996931257223
0.4590930129825306
0.2449588292038477
-1.5608548950883443
-1.0911000364782377
-20.50810034300269
-20.50809932700193
-1.0910999438147382
-1.5608547027216417
0.24495888916104938
0.4590930675089887
0.7614997194491724
0.857747589114479
0.9274665349640918
0.9590153423430412
0.9779358094638354
0.987687310525993
0.9932217210629433
0.996217791610486
0.9978954059134884
0.998822129619386
0.9993405691319459
0.9996297509869783
0.9997919284253828
0.9998828998714742
0.9999340717711096
0.9999628845394832
0.9999791340813684
0.9999883040500758
0.9999934773355577
0.9999963842797954
0.9999979936479344
0.9999988397823741
0.9999992028552569
0.9999992028576755
0.9999988397815802
0.9999979936495068
0.9999963842800429
0.9999934773356267
0.9999883040499966
0.9999791340814306
0.9999628845382648
0.999934071772471
0.9998828998696347
0.9997919284280607
0.9996297509862515
0.9993405691322463
0.9988221296191735
0.997895405913008
0.9962177916113996
0.9932217210629357
0.9876873105250881
0.9779358094651137
0.9590153423417918
0.9274665349656186
0.8577475891134194
0.7614997194487507
0.45909306750872114
0.24495888916000205
-1.560854702720146
-1.0910999438146156
-20.508099327003656
-20.508097177640252
-1.0910997483098077
-1.5608542967134285
0.2449590154793722
0.459093182390011
0.7614997748417957
0.8577476277739209
0.9274665567354927
0.9590153562631767
0.9779358177430009
0.9876873156703059
0.9932217241834838
0.9962177935322012
0.9978954070886894
0.9988221303396323
0.9993405695769938
0.999629751257542
0.9997919285952255
0.9998828999727207
0.9999340718350105
0.9999628845783468
0.999979134105686
0.9999883040655286
0.9999934773463242
0.999996384285827
0.9999979936548988
0.9999988397847366
0.9999992028606532
0.9999992028589473
0.9999988397854165
0.9999979936538391
0.999996384286522
0.9999934773465843
0.999988304065089
0.9999791341059199
0.9999628845794688
0.999934071834246
0.9998828999743326
0.9997919285925141
0.9996297512592807
0.9993405695757993
0.9988221303403573
0.9978954070887377
0.9962177935316605
0.993221724183925
0.9876873156707748
0.9779358177424581
0.9590153562641143
0.9274665567330882
0.8577476277760983
0.7614997748418829
0.4590931823909947
0.24495901547933863
-1.5608542967155175
-1.0910997483114455
-20.508097177640323
-20.50809278806265
-1.0910993503396105
-1.5608534698415
0.2449592721898732
0.4590934158725122
0.7614998872519826
0.8577477062107688
0.9274666008495008
0.9590153844645308
0.9779358344998548
0.9876873260770982
0.9932217304901549
0.9962177974157986
0.9978954094560979
0.9988221318001276
0.9993405704622351
0.9996297518101075
0.9997919289286556
0.9998829001832765
0.9999340719644421
0.9999628846570614
0.9999791341563632
0.9999883040969508
0.9999934773646042
0.9999963843014693
0.9999979936600232
0.9999988397945246
0.9999992028662807
0.9999992028659395
0.9999988397953281
0.9999979936603804
0.9999963843026884
0.9999934773649255
0.9999883040974544
0.9999791341559315
0.9999628846568188
0.99993407196309
0.9998829001832819
0.9997919289280925
0.9996297518103451
0.9993405704626828
0.9988221318004635
0.9978954094560557
0.9962177974164426
0.9932217304900133
0.9876873260770558
0.977935834499027
0.9590153844646772
0.9274666008498247
0.8577477062099144
0.761499887252991
0.45909341587053143
0.244959272192371
-1.560853469841121
-1.0910993503410122
-20.508092788056487
-20.508083890398414
-1.0910985466493681
-1.5608517990127275
0.24495978976282623
0.4590938865489792
0.761500113534981
0.857747864009365
0.9274666895225423
0.9590154410988965
0.9779358681246816
0.9876873469447769
0.9932217431275101
0.9962178051872711
0.9978954142015689
0.9988221347073922
0.9993405722502319
0.999629752902321
0.9997919296025164
0.9998829005964535
0.9999340722181037
0.9999628848179396
0.9999791342546195
0.999988304159955
0.999993477406492
0.9999963843269046
0.9999979936820587
0.9999988398081257
0.9999992028776714
0.9999992028796624
0.9999988398062445
0.9999979936835048
0.999996384326448
0.9999934774066395
0.9999883041591469
0.9999791342552111
0.9999628848162732
0.9999340722200787
0.999882900594419
0.9997919296054443
0.9996297529004478
0.9993405722513988
0.9988221347064989
0.9978954142007852
0.9962178051875448
0.9932217431273056
0.987687346944564
0.9779358681252756
0.9590154410977831
0.9274666895240506
0.8577478640089768
0.7615001135359442
0.45909388654941413
0.24495978976026606
-1.5608517990128896
-1.0910985466510277
-20.508083890401913
-20.508065871561392
-1.0910969255969563
-1.56084842680642
0.24496083171076982
0.4590948340878514
0.7615005682905174
0.8577481809950858
0.927466867418142
0.9590155546484413
0.9779359354734924
0.987687388707627
0.9932217683956617
0.996217820715724
0.9978954236692261
0.9988221405130613
0.9993405758019392
0.9996297550808715
0.999791930940662
0.9998829014180715
0.9999340727261765
0.9999628851306179
0.999979134450366
0.9999883042826172
0.9999934774860191
0.9999963843792588
0.9999979937186839
0.9999988398348203
0.9999992029029399
0.9999992029022162
0.9999988398353566
0.9999979937184332
0.9999963843798738
0.9999934774853807
0.9999883042824562
0.9999791344506654
0.9999628851302094
0.9999340727263656
0.9998829014180604
0.9997919309396283
0.999629755081191
0.9993405758020177
0.9988221405138251
0.997895423668903
0.9962178207159139
0.9932217683957676
0.9876873887081379
0.9779359354726711
0.9590155546494252
0.9274668674163784
0.8577481809967511
0.7615005682889604
0.4590948340884067
0.2449608317107277
-1.5608484268041543
-1.0910969255962055
-20.508065871555626
-20.508029353521785
-1.0910936546023184
-1.5608416174997024
0.24496292984864415
0.45909674206853524
0.761501482292525
0.8577488177707988
0.9274672242981217
0.9590157822752509
0.9779360703340562
0.987687472266543
0.993221818902621
0.9962178517294216
0.9978954425577202
0.9988221520885581
0.999340582875543
0.9996297594189016
0.9997919335987624
0.9998829030518175
0.9999340737329281
0.9999628857522541
0.9999791348384048
0.9999883045269258
0.999993477642092
0.9999963844841586
0.9999979937902431
0.9999988398900754
0.9999992029502633
0.9999992029482395
0.9999988398915478
0.9999979937896002
0.9999963844837987
0.9999934776420907
0.9999883045273052
0.9999791348386846
0.9999628857530924
0.999934073731381
0.9998829030534329
0.9997919335977703
0.9996297594207
0.9993405828748074
0.9988221520883909
0.9978954425582169
0.9962178517294294
0.993221818902506
0.9876874722669717
0.9779360703323734
0.9590157822770102
0.9274672242975635
0.8577488177702721
0.7615014822924534
0.4590967420663732
0.24496292985199875
-1.5608416175012347
-1.0910936546027057
-20.50802935352076
-20.50795525106253
-1.0910870486638329
-1.5608278548719374
0.2449671577064088
0.4591005866558058
0.7615033202747422
0.8577500975411535
0.9274679404953541
0.9590162387018786
0.9779363404265005
0.9876876394582379
0.9932219198529131
0.9962179136550675
0.9978954802400825
0.998822175150206
0.9993405969606447
0.9996297680427251
0.9997919388805212
0.9998829062940955
0.9999340757264359
0.9999628869851087
0.9999791356041643
0.9999883050090774
0.9999934779501672
0.9999963846869819
0.9999979939315755
0.999998839998782
0.9999992030415802
0.9999992030420857
0.999998839997002
0.9999979939324124
0.9999963846864888
0.9999934779502551
0.9999883050081093
0.999979135605001
0.9999628869849201
0.9999340757280155
0.99988290629451
0.9997919388803179
0.999629768041879
0.9993405969608096
0.9988221751500617
0.9978954802401909
0.9962179136539018
0.9932219198532393
0.9876876394584408
0.9779363404273387
0.9590162387013723
0.9274679404951913
0.8577500975409792
0.7615033202762961
0.45910058665516335
0.24496715770495658
-1.5608278548730323
-1.0910870486635988
-20.50795525106564
-20.507804659132862
-1.0910736937336443
-1.5608000069388925
0.24497568412263038
0.4591083400648941
0.761507018646608
0.8577526711054715
0.9274693783905152
0.9590171542377394
0.9779368814816154
0.9876879740387117
0.9932221216308075
0.9962180372983968
0.9978955553881746
0.9988222210957574
0.9993406249836725
0.9996297851823652
0.9997919493612006
0.999882912719986
0.9999340796729231
0.9999628894186284
0.9999791371143443
0.9999883059543389
0.9999934785534221
0.9999963850840232
0.9999979942047249
0.999998840204978
0.9999992032156098
0.9999992032184157
0.999998840203746
0.999997994205511
0.9999963850839771
0.9999934785531468
0.9999883059557394
0.9999791371143745
0.9999628894175995
0.9999340796738514
0.999882912718504
0.9997919493629126
0.9996297851819709
0.999340624983674
0.99882222109572
0.9978955553879898
0.9962180372992349
0.9932221216310491
0.9876879740378586
0.9779368814828753
0.9590171542362828
0.9274693783922996
0.8577526711045254
0.761507018647334
0.45910834006420187
0.24497568412134274
-1.5608000069365473
-1.0910736937346166
-20.507804659138554
-20.507498113681187
-1.0910466635699125
-1.5607435866759571
0.2449928953655413
0.4591239909822731
0.7615144656501471
0.8577578497023953
0.9274722665726913
0.9590189913500096
0.9779379655714262
0.9876886436565975
0.9932225249275184
0.9962182841258912
0.9978957052166681
0.9988223125740403
0.9993406807140063
0.999629819210419
0.9997919701464433
0.9998829254325381
0.9999340874653102
0.9999628942103922
0.9999791400754183
0.9999883078019975
0.9999934797252121
0.9999963858434997
0.9999979947291534
0.999998840588636
0.9999992035455961
0.9999992035437466
0.9999988405891536
0.9999979947282314
0.9999963858438548
0.9999934797248513
0.9999883078018423
0.9999791400747488
0.999962894211114
0.9999340874647984
0.9998829254343353
0.9997919701446494
0.9996298192116468
0.9993406807131207
0.998822312573952
0.9978957052173629
0.9962182841252696
0.9932225249275393
0.9876886436565862
0.9779379655716396
0.9590189913505942
0.9274722665715798
0.8577578497032282
0.761514465650049
0.4591239909819564
0.24499289536600805
-1.560743586677809
-1.0910466635678873
-20.50749811368197
-20.506872941699083
-1.0909918855042968
-1.5606291176712852
0.2450276721751098
0.45915561574203306
0.7615294718247143
0.8577682771672048
0.927478070460706
0.9590226789869343
0.9779401380941191
0.9876899838632589
0.9932233308973702
0.9962187767264046
0.9978960037760345
0.9988224946028188
0.9993407914052916
0.9996298866959328
0.9997920112662724
0.9998829505338017
0.9999341028002589
0.9999629035993022
0.9999791458448886
0.9999883113675154
0.9999934819517263
0.9999963872694184
0.9999979956750635
0.999998841278077
0.9999992041155572
0.9999992041142911
0.9999988412796001
0.9999979956749774
0.9999963872703376
0.9999934819509052
0.9999883113672121
0.9999791458444546
0.9999629035993143
0.9999341027993469
0.9998829505336531
0.9997920112652163
0.9996298866972226
0.999340791405166
0.9988224946036723
0.9978960037767924
0.9962187767259898
0.993223330897678
0.9876899838636923
0.9779401380937115
0.9590226789875012
0.927478070459818
0.8577682771677264
0.7615294718246362
0.4591556157413731
0.24502767217654198
-1.5606291176714233
-1.0909918855038807
-20.50687294169596
-20.50559527243587
-1.0908807198743087
-1.5603965121415748
0.2450980176076646
0.4592195881378378
0.761559733544691
0.8577892880204379
0.9274897388057819
0.9590300834481832
0.9779444922884388
0.9876926660076175
0.993224941123061
0.9962197592997835
0.9978965982627636
0.9988228563778533
0.9993410109593326
0.9996300202162212
0.9997920923889856
0.999882999853084
0.9999341327664042
0.9999629218058089
0.9999791568983862
0.9999883180787843
0.9999934860325463
0.9999963897687679
0.9999979972414907
0.9999988423308392
0.9999992049375322
0.9999992049398103
0.9999988423299516
0.9999979972429289
0.9999963897681103
0.9999934860322077
0.999988318079432
0.9999791568992312
0.9999629218038126
0.9999341327677773
0.9998829998514813
0.999792092392124
0.9996300202143782
0.9993410109599995
0.9988228563770984
0.9978965982626868
0.9962197593005613
0.9932249411233007
0.9876926660066749
0.9779444922892948
0.9590300834462182
0.9274897388083587
0.8577892880189883
0.7615597335453064
0.459219588137894
0.24509801760559807
-1.5603965121407282
-1.090880719875429
-20.50559527243449
-20.50297783830812
-1.0906547737411736
-1.55992301960684
0.24524047677236976
0.45934915061835013
0.7616208090685088
0.8578316537986885
0.9275132070236465
0.9590449545792697
0.9779532188983995
0.9876980324518403
0.9932281564414325
0.9962217175293063
0.9978977804656256
0.9988235740738779
0.9993414452713647
0.9996302833806178
0.9997922515205943
0.9998830959358129
0.9999341905618859
0.9999629563759007
0.9999791773688178
0.9999883300049274
0.999993492791984
0.9999963934217331
0.9999979990802712
0.9999988431545244
0.9999992053192251
0.9999992053177811
0.9999988431543485
0.9999979990804072
0.9999963934224556
0.9999934927926555
0.9999883300039241
0.999979177369497
0.9999629563745098
0.9999341905627963
0.9998830959365184
0.9997922515192685
0.9996302833812003
0.9993414452707259
0.9988235740744861
0.9978977804658682
0.9962217175282988
0.993228156441829
0.9876980324515019
0.9779532188978899
0.9590449545795032
0.9275132070221226
0.8578316538011348
0.7616208090675631
0.45934915062007636
0.2452404767711907
-1.5599230196080536
-1.0906547737406047
-20.502977838308432
-20.4976010538319
-1.0901947454786067
-1.5589572697819305
0.2455293438410449
0.45961189607027564
0.7617441775365781
0.857917139801966
0.9275604248741419
0.9590748257133981
0.9779707051570082
0.9877087640287282
0.993234570772048
0.9962256145040629
0.997900126268191
0.998824993323276
0.9993423002910631
0.9996307983835164
0.9997925602082384
0.999883279879457
0.9999342988952231
0.9999630189311672
0.9999792122047082
0.999988348070701
0.9999935007391689
0.9999963953163538
0.999997997414464
0.999998839536278
0.999999200831321
0.9999992008288943
0.9999988395392851
0.9999979974133827
0.9999963953176253
0.9999935007387205
0.999988348070772
0.9999792122050002
0.999963018931505
0.9999342988940347
0.9998832798812437
0.9997925602067034
0.9996307983852636
0.999342300289958
0.9988249933236106
0.9979001262685303
0.9962256145037771
0.9932345707716352
0.98770876402885
0.9779707051556406
0.959074825714721
0.927560424873356
0.8579171398026865
0.7617441775359588
0.45961189606796526
0.24552934384375638
-1.5589572697827014
-1.0901947454779535
-20.49760105382778
-20.486520904407463
-1.0892563281983714
-1.556983066231089
0.2461158990719886
0.4601454932383284
0.7619935876018866
0.8580897529174245
0.9276554507545653
0.9591348230931307
0.9780057258867942
0.9877302029367592
0.993247345437698
0.9962333496161317
0.9979047627442011
0.9988277831510834
0.9993439681724159
0.999631791664984
0.9997931451407062
0.9998836184722424
0.999934488539923
0.9999631186342561
0.9999792575669841
0.9999883606517714
0.9999934935916746
0.9999963763831853
0.9999979715857577
0.9999988099112169
0.9999991695235129
0.9999991695248409
0.9999988099099316
0.999997971586217
0.9999963763820467
0.9999934935916558
0.9999883606514197
0.9999792575680373
0.9999631186327448
0.9999344885416908
0.9998836184706625
0.9997931451423119
0.9996317916633402
0.9993439681735466
0.9988277831510406
0.9979047627442181
0.9962333496166083
0.993247345437057
0.987730202937392
0.9780057258874261
0.9591348230916379
0.9276554507560765
0.8580897529157355
0.7619935876036819
0.46014549323905785
0.24611589907169967
-1.5569830662308228
-1.0892563281991752
-20.486520904417553
-20.46360282517162
-1.0873379219568213
-1.5529369522703351
0.2473087293627192
0.46123084781980583
0.762498245526684
0.8584385087698592
0.9278467007716511
0.9592552808826518
0.9780757879785957
0.9877729506777192
0.993272708451479
0.9962486288442229
0.997913857523226
0.9988332019781239
0.9993471595272269
0.9996336472494585
0.9997941943622304
0.9998841825844745
0.9999347601696476
0.9999632141469228
0.9999792469951903
0.9999882862706362
0.999993380924778
0.9999962409111594
0.9999978228093029
0.9999986538262647
0.9999990102106435
0.9999990102115637
0.9999986538242924
0.9999978228103528
0.9999962409117045
0.9999933809244221
0.9999882862703332
0.99997924699528
0.9999632141456558
0.9999347601710225
0.9998841825835516
0.9997941943626141
0.9996336472489973
0.999347159526508
0.9988332019796615
0.9979138575223021
0.9962486288450014
0.9932727084512523
0.9877729506780194
0.9780757879795717
0.9592552808818613
0.9278467007713698
0.858438508769692
0.7624982455269806
0.46123084781923307
0.2473087293595745
-1.552936952268788
-1.0873379219544261
-20.463602825174213
-20.41599067377542
-1.0834066187817384
-1.5446197034493703
0.24973852566239163
0.46344225331942157
0.7635202123093333
0.8591434712069668
0.9282314894382662
0.9594968671477934
0.9782156470801284
0.9878578714469706
0.993322760719026
0.9962785186854167
0.9979314189479238
0.9988434576207068
0.9993530019210417
0.9996368512897672
0.9997958107999367
0.9998848470041002
0.9999348525094107
0.9999629631727089
0.9999787899464313
0.9999877057025075
0.9999927265053989
0.999995542662258
0.9999970990626148
0.9999979161156989
0.9999982663425124
0.9999982663416378
0.9999979161169634
0.9999970990613244
0.9999955426619807
0.9999927265048252
0.9999877057028558
0.9999787899466408
0.9999629631735497
0.9999348525085248
0.9998848470058949
0.9997958107994465
0.9996368512910656
0.9993530019204527
0.9988434576201146
0.9979314189478529
0.9962785186856187
0.9933227607197813
0.9878578714475272
0.9782156470799468
0.9594968671486682
0.9282314894384736
0.8591434712075713
0.7635202123083729
0.4634422533169166
0.24973852566538796
-1.5446197034482414
-1.0834066187733047
-20.41599067376835
-20.316552932144305
-1.0753282583322465
-1.5274628483357786
0.2546970677466477
0.46795620095359136
0.7655912077908238
0.860568577469653
0.929004839374084
0.9599802180066593
0.9784935849260875
0.9880252997386757
0.9934202960033904
0.9963357776804392
0.9979641405042153
0.998861688509034
0.9993625117522943
0.999641166220749
0.9997970116352664
0.9998841875341653
0.9999330795614858
0.9999605246877319
0.9999759536038297
0.9999846318797214
0.9999895112837835
0.9999922438588886
0.9999937518236497
0.9999945424333514
0.9999948810235172
0.9999948810216268
0.9999945424338947
0.9999937518223367
0.9999922438593903
0.9999895112857173
0.9999846318793565
0.9999759536034822
0.999960524688383
0.9999330795606047
0.9998841875345087
0.9997970116328951
0.9996411662205632
0.9993625117524383
0.998861688508999
0.9979641405058226
0.9963357776800514
0.9934202960043209
0.9880252997392001
0.9784935849253923
0.9599802180069743
0.9290048393727259
0.860568577470133
0.7655912077911158
0.4679562009524361
0.25469706774826156
-1.527462848339045
-1.0753282583307433
-20.3165529321459
-20.10752931087662
-1.0586761917269456
-1.491924804524451
0.26483653867191226
0.4771875148357389
0.7697896172147289
0.8634473686799364
0.9305549213376321
0.9609421447055524
0.9790406094079196
0.9883499928341033
0.9936050009544503
0.9964401184721932
0.9980197387763885
0.9988886161692327
0.9993722609274458
0.99964072608493
0.9997904911890729
0.9998740512088643
0.9999207891329953
0.9999469528363734
0.9999616194479426
0.9999698449362141
0.9999744560746491
0.9999770308384875
0.9999784477483866
0.9999791888475742
0.9999795056931253
0.9999795056967347
0.999979188845849
0.9999784477497643
0.9999770308382698
0.9999744560734467
0.999969844936548
0.9999616194486951
0.9999469528350626
0.9999207891352966
0.9998740512071596
0.999790491192601
0.9996407260845541
0.9993722609280514
0.9988886161693268
0.9980197387751969
0.9964401184731979
0.9936050009537074
0.9883499928341708
0.9790406094096139
0.9609421447049353
0.9305549213390514
0.8634473686791249
0.7697896172149783
0.47718751483568866
0.26483653867221435
-1.4919248045206532
-1.0586761917291723
-20.107529310879656
-19.6645692664993
-1.024226588018696
-1.4179451364234
0.285617068314141
0.4960996766543697
0.7782970669803544
0.8692474533475175
0.9336417386387297
0.9628333712579231
0.9800934657134117
0.9889553134162952
0.9939301715090494
0.9966051264051483
0.9980881386057514
0.9989004540450996
0.9993503917109485
0.9995989650949162
0.9997369252434112
0.9998135030574977
0.999856105003951
0.9998798223383787
0.9998930421222404
0.9999004132788138
0.9999045212116715
0.9999068016299879
0.9999080496285716
0.9999086992545729
0.9999089760747035
0.9999089760753024
0.9999086992542484
0.9999080496291561
0.9999068016295538
0.9999045212114411
0.9999004132783751
0.9998930421224839
0.9998798223378556
0.9998561050045862
0.999813503056703
0.9997369252436092
0.9995989650949098
0.9993503917113193
0.9989004540462989
0.9980881386048863
0.9966051264050819
0.9939301715083317
0.9889553134160262
0.9800934657133522
0.9628333712567814
0.9336417386387201
0.8692474533477019
0.7782970669806744
0.4960996766559753
0.2856170683132919
-1.4179451364258044
-1.0242265880229582
-19.664569266502106
-18.715948741566883
-0.9526479377836591
-1.2630003926753768
0.3283142819829903
0.5348902783932818
0.7954912186099347
0.8808484950676425
0.9396905140004268
0.9664422978862685
0.9820068192092581
0.9899665818659108
0.9943810945941839
0.9967371644962608
0.998029161378053
0.998730262561321
0.9991143676366079
0.9993243323132504
0.9994395346824532
0.9995027417588036
0.9995374783552264
0.9995565758032715
0.9995670826753924
0.999572863238205
0.9995760409080372
0.9995777808994751
0.9995787207014752
0.999579204331587
0.9995794087618559
0.9995794087589219
0.9995792043342637
0.9995787206994106
0.9995777809011215
0.9995760409076724
0.9995728632388088
0.9995670826752507
0.9995565758030674
0.9995374783537964
0.9995027417603037
0.9994395346795801
0.9993243323143839
0.999114367635882
0.9987302625624511
0.9980291613775673
0.9967371644958495
0.9943810945943452
0.9899665818667804
0.982006819207405
0.966442297887097
0.9396905139982565
0.8808484950696022
0.7954912186108333
0.5348902783932024
0.32831428198451007
-1.2630003926791034
-0.9526479377883124
-18.715948741567132
-16.655450811259026
-0.80307229541764
-0.9360137582256975
0.4162818158493749
0.614382673543629
0.829936163234016
0.9035954899236183
0.951037819071674
0.972775970393803
0.9849036205724468
0.9910396176355941
0.9943330913274324
0.9960545997284798
0.9969699015241771
0.9974532130186597
0.9977095014091667
0.9978450973599713
0.9979168383938941
0.997954725015396
0.9979746958614453
0.9979851951484393
0.997990696956975
0.9979935683964796
0.997995059163121
0.9979958271983727
0.9979962168788213
0.9979964060863161
0.9979964826588137
0.9979964826610295
0.9979964060860962
0.9979962168794028
0.9979958271990081
0.9979950591622262
0.9979935683966377
0.9979906969573725
0.9979851951469181
0.9979746958629677
0.9979547250136048
0.9979168383965928
0.9978450973586566
0.9977095014094881
0.9974532130183439
0.996969901522819
0.9960545997291157
0.9943330913267265
0.9910396176361064
0.9849036205733871
0.9727759703933385
0.951037819074336
0.9035954899223069
0.8299361632353063
0.6143826735407428
0.41628181584984736
-0.936013758222612
-0.8030722954130448
-16.65545081125606
-12.087917266724986
-0.48760737688838196
-0.23939411266043595
0.5978413871520483
0.7760483050374702
0.8969828220620921
0.945622417660716
0.9695110868635449
0.9808207304347993
0.9859478718673583
0.9883765880098323
0.9894243252092934
0.9898835493252189
0.9900585582709485
0.9901178753869914
0.9901281363912185
0.9901220707071128
0.9901119393698258
0.9901026395663193
0.9900953938493486
0.9900902150775022
0.9900866881570936
0.9900843667926835
0.9900828772102662
0.9900819447125636
0.9900813804749957
0.9900810628742758
0.9900809204886345
0.9900809204898127
0.9900810628727728
0.9900813804760222
0.9900819447120857
0.990082877210618
0.9900843667919317
0.9900866881580911
0.9900902150760362
0.9900953938508912
0.990102639563491
0.9901119393700877
0.9901220707054379
0.9901281363915108
0.9901178753880497
0.990058558270419
0.9898835493253755
0.9894243252100055
0.9883765880095448
0.9859478718680267
0.9808207304329506
0.9695110868636923
0.9456224176609455
0.8969828220625475
0.7760483050379712
0.5978413871494574
-0.23939411265907865
-0.48760737688362077
-12.087917266731711
-1.634141871721809
0.1913987816642462
1.261520879962959
0.970240020034368
1.0945266619433185
1.0142620326952194
1.0072550203894215
0.9818536462599994
0.9710410073119001
0.9617812625228136
0.9566154098066235
0.9531569884264328
0.9511100625913024
0.949839648571718
0.949082003944268
0.948625342202382
0.9483541282125846
0.9481929311095054
0.9480977484010669
0.9480416339944367
0.9480086712760205
0.9479893475468091
0.9479780521546344
0.9479714726237487
0.947967668017026
0.9479655087185741
0.9479643507038031
0.9479638472428664
0.9479638472407674
0.9479643507051707
0.9479655087165062
0.9479676680178435
0.9479714726226742
0.9479780521547809
0.9479893475468688
0.9480086712767575
0.9480416339940996
0.9480977484034854
0.9481929311075339
0.948354128214884
0.9486253422007674
0.9490820039444647
0.9498396485705314
0.9511100625909155
0.9531569884270099
0.956615409806617
0.9617812625216753
0.9710410073139331
0.9818536462583176
1.0072550203898794
1.0142620326928529
1.0945266619402292
0.9702400200382733
1.2615208799630153
0.19139878166930346
-1.6341418717163845
23.69663310485673
1.7376942374901863
4.523682609190626
1.6902079468584903
1.636533546635623
1.1168390715056558
0.9782604681556067
0.8471339314234627
0.7880846928176872
0.7488609620775909
0.7280137349567527
0.7155156580498374
0.708524278915579
0.7044655205098476
0.7021602702125264
0.7008360652599112
0.7000807503551659
0.6996484672192886
0.6994016392441791
0.6992605677777163
0.699180007431788
0.6991339973406722
0.6991077403843826
0.6990927795204506
0.6990842994884209
0.6990795700378231
0.6990770691235639
0.699075991936452
0.6990759919374807
0.6990770691230478
0.6990795700386387
0.6990842994874269
0.6990927795208439
0.6991077403860424
0.6991339973416202
0.6991800074315975
0.6992605677787067
0.6994016392446832
0.6996484672207446
0.7000807503547659
0.700836065258631
0.7021602702120304
0.7044655205096626
0.7085242789169393
0.7155156580497137
0.7280137349568097
0.7488609620784306
0.7880846928180415
0.8471339314230099
0.9782604681533331
1.116839071502835
1.6365335466344626
1.6902079468601763
4.523682609189562
1.7376942374902296
23.696633104851188
92.8563368837452
5.817701241187455
11.397599145076814
2.440349959396462
1.6796854691387875
0.13325411890894018
-0.34386953261852415
-0.7132716704577199
-0.8817023384939906
-0.9849474943097145
-1.0386668741462315
-1.0694395273221762
-1.0861969532667026
-1.095618399135802
-1.1008365141660468
-1.1037591782145317
-1.1053898950736976
-1.1063038193313903
-1.1068158095395046
-1.1071032523272222
-1.107264714457005
-1.1073555199332066
-1.1074066046576991
-1.1074353283566438
-1.1074514132719981
-1.1074602886487341
-1.1074649413420508
-1.1074669337209437
-1.1074669337183614
-1.107464941354434
-1.1074602886494276
-1.1074514132736917
-1.1074353283585872
-1.1074066046588333
-1.10735551992996
-1.107264714458562
-1.1071032523161057
-1.1068158095442218
-1.106303819321952
-1.1053898950864476
-1.1037591782093166
-1.100836514168674
-1.0956183991362511
-1.086196953268289
-1.0694395273238826
-1.0386668741453509
-0.9849474943046195
-0.8817023384989058
-0.7132716704531048
-0.34386953262995884
0.13325411891256336
1.679685469133423
2.4403499593837825
11.397599145073167
5.8177012411814975
92.85633688374159
361.596229244303
17.27948306654391
17.756569687721566
-11.667058850336321
-16.049549222461216
-20.811435282386515
-22.4071973881141
-23.465075012959097
-23.9444535223398
-24.21958454994841
-24.35938916804544
-24.43652142373179
-24.477536765846665
-24.50000701120673
-24.512200017108718
-24.518895557137725
-24.52256801569773
-24.524593680338562
-24.525712349671437
-24.526332138038796
-24.52667609592863
-24.526867381569176
-24.526973888576293
-24.52703320765874
-24.52706613931919
-24.52708417254052
-24.527093567710388
-24.527097574247847
-24.52709757428905
-24.527093567686137
-24.527084172564983
-24.527066139313256
-24.527033207650703
-24.526973888594675
-24.526867381538384
-24.52667609592936
-24.52633213806302
-24.52571234965755
-24.52459368036186
-24.522568015691608
-24.518895557141448
-24.51220001709889
-24.50000701120011
-24.477536765853095
-24.436521423705084
-24.35938916805744
-24.21958454995264
-23.94445352231761
-23.465075012985263
-22.407197388072174
-20.81143528241314
-16.04954922241674
-11.667058850361178
17.756569687719676
17.27948306654164
361.59622924431073