2.2688718134757595
-0.5889269298716137
-0.8439012272312907
-0.7505157914793026
-0.6485792353793962
-0.5888539901656651
-0.5537445751042736
-0.5341371550749697
-0.5230712368560346
-0.5168245873814338
-0.5132690916355449
-0.5112325829876113
-0.5100586418764284
-0.5093790921284624
-0.508985950961687
-0.5087616464554574
-0.5086404439352314
-0.5085874042971088
-0.508587404299155
-0.5086404439364695
-0.5087616464544664
-0.5089859509613761
-0.5093790921292043
-0.5100586418777158
-0.5112325829858961
-0.5132690916342454
-0.5168245873832087
-0.5230712368550934
-0.5341371550742942
-0.5537445751048571
-0.5888539901678942
-0.6485792353764896
-0.7505157914791999
-0.8439012272334911
-0.5889269298704096
2.2688718134751253
-0.06740041613462333
0.11408025748694686
0.17955045270552403
0.22023569911544189
0.25389492978289885
0.2748420390307874
0.2881026317376236
0.29604129228690357
0.3007754716298775
0.30356925895408227
0.3052165681657657
0.3061873803388787
0.3067601040268347
0.3070979631322933
0.3072964559416651
0.3074110955419762
0.3074736033546276
0.30750111217158227
0.3075011121707256
0.30747360335368723
0.30741109554315954
0.3072964559431014
0.3070979631315859
0.30676010402637677
0.3061873803392757
0.3052165681660936
0.30356925895414916
0.3007754716302281
0.29604129228716725
0.2881026317362282
0.2748420390315543
0.2538949297842786
0.22023569911517188
0.1795504527042877
0.1140802574872256
-0.06740041613435557
-0.20234326740750447
0.05171069516004388
0.09015173010479673
0.10154792114253652
0.10896854838425596
0.1143886395488424
0.11834692243829763
0.12104205936444615
0.12282060589840348
0.1239601449022745
0.12467812299441425
0.12512483232407678
0.12540037197376036
0.12556899606910105
0.12567108131322885
0.12573146435046206
0.1257649755505474
0.12577988664880035
0.12577988664854928
0.12576497555030322
0.1257314643504514
0.12567108131336302
0.12556899606900035
0.12540037197368095
0.1251248323241387
0.12467812299447431
0.1239601449023256
0.12282060589849661
0.1210420593642612
0.11834692243810463
0.11438863954925457
0.1089685483845936
0.1015479211423567
0.09015173010460922
0.05171069516009916
-0.20234326740753428
-0.16580715776127058
0.033529475246971946
0.05304477217023855
0.05107873240680747
0.04767340694049624
0.04623404206849063
0.04577809293949668
0.045796437599964004
0.04596811498494319
0.04615860201481303
0.04631921476528668
0.0464399491138686
0.04652512512582736
0.04658275105943918
0.04662041192972223
0.04664401498345196
0.04665766693955199
0.04666389614109251
0.04666389614107659
0.046657666939624184
0.04664401498337348
0.04662041192964442
0.04658275105937988
0.04652512512575399
0.04643994911381094
0.04631921476533897
0.0461586020148912
0.04596811498500253
0.04579643759981285
0.045778092939440684
0.04623404206865815
0.047673406940592494
0.05107873240662286
0.0530447721701888
0.0335294752470743
-0.16580715776123212
-0.14330444750279128
0.02922004631690548
0.04179507548732156
0.03443398131215733
0.026771189240191583
0.022439392343842502
0.020002882534698632
0.018737467196522917
0.01809027953249454
0.017769538640067667
0.01761480458592425
0.017542981005107008
0.01751142124201456
0.01749876142070399
0.0174945117967314
0.017493658500724513
0.017493886451199273
0.017494186113937396
0.017494186113994996
0.017493886451404032
0.01749365850073684
0.017494511796686534
0.017498761420731965
0.01751142124195834
0.0175429810050322
0.017614804585961066
0.017769538640091228
0.01809027953246859
0.01873746719641875
0.020002882534772767
0.022439392343848702
0.026771189240156135
0.03443398131215029
0.04179507548738289
0.02922004631702372
-0.14330444750282886
-0.13438811502543624
0.028131604556737338
0.038363865402456954
0.028951204237989782
0.019663417707497657
0.014156151348417082
0.010870881002301746
0.009022599882472546
0.007983000971673954
0.0074044402581774785
0.007083045391908682
0.006905019703504357
0.006806560442559619
0.00675222809311854
0.006722386191315304
0.006706227848950809
0.006697895512786562
0.006694368465361754
0.006694368465330131
0.006697895512779379
0.006706227848942008
0.0067223861913477045
0.006752228093123404
0.00680656044249329
0.006905019703505728
0.007083045391974492
0.007404440258203071
0.007983000971680622
0.009022599882409539
0.010870881002309657
0.014156151348454583
0.019663417707534134
0.02895120423788327
0.03836386540253098
0.028131604556698248
-0.13438811502550513
-0.13116947494077444
0.02782354129738225
0.03726132718121275
0.027087777329583833
0.01718746820040421
0.011213096623618917
0.0075749143037043346
0.005472011305202379
0.004252738723017398
0.00355064421477044
0.0031459144262234633
0.00291263100505939
0.002778068071722142
0.0027004897184663154
0.002655948432278177
0.0026307796932623917
0.0026173105509234734
0.0026114589198554107
0.002611458919898784
0.0026173105509719706
0.002630779693261898
0.002655948432194473
0.002700489718494679
0.0027780680717377935
0.002912631005044345
0.0031459144262568407
0.0035506442148103734
0.0042527387230654285
0.005472011305135919
0.007574914303818852
0.01121309662374417
0.01718746820031624
0.02708777732946515
0.03726132718134617
0.027823541297576804
-0.13116947494087022
-0.13003296495765596
0.027724957154211863
0.036886553116105864
0.026432559143570115
0.01630179250211828
0.010143955543116773
0.0063617116979247145
0.004150418477659154
0.0028514888524449737
0.0020923982446944675
0.0016477259218084174
0.0013869832570882082
0.0012338638057194525
0.0011439614888682612
0.0010914084399757658
0.0010612114360100447
0.0010448225987105212
0.0010376340416623042
0.0010376340416790976
0.0010448225987035476
0.0010612114360687478
0.0010914084399802565
0.0011439614888554537
0.0012338638056595716
0.0013869832570503266
0.0016477259217647646
0.0020923982447293207
0.0028514888524978927
0.004150418477570545
0.006361711697917215
0.010143955543250198
0.016301792502054442
0.026432559143526206
0.03688655311607732
0.027724957154162587
-0.13003296495770555
-0.12963153105880598
0.027689811304504756
0.03675271660188586
0.026194997935964318
0.015977171986323965
0.009747596877872544
0.0059071516578978345
0.0036504860873887166
0.002317024152358847
0.0015323499893971327
0.0010691337371130337
0.0007952228969972312
0.0006329278438953808
0.0005367560254520279
0.0004800214941330748
0.0004471419907219941
0.00042916869870825234
0.0004212466153570176
0.0004212466154497892
0.0004291686986513589
0.0004471419906818223
0.00048002149412122594
0.0005367560255283075
0.0006329278439364617
0.0007952228970043902
0.0010691337371052515
0.001532349989408389
0.0023170241523069197
0.0036504860873725754
0.005907151658043399
0.00974759687796124
0.015977171986195964
0.026194997935898946
0.03675271660187468
0.027689811304542407
-0.12963153105875008
-0.12948856332795433
0.02767623533578386
0.036702970562708936
0.02610657165339305
0.01585562427932301
0.009597996248514446
0.005734154442362775
0.003458693789086179
0.002110489922405566
0.001314558273994335
0.0008429360191333065
0.0005628812684832164
0.0003961855956675026
0.0002969284818331887
0.00023808764703510458
0.0002038295969533683
0.00018502924293341613
0.0001767204180871805
0.00017672041817057147
0.00018502924300094626
0.00020382959703309578
0.00023808764698372137
0.000296928481825007
0.0003961855955945412
0.0005628812684661093
0.0008429360191070027
0.0013145582740622472
0.002110489922467227
0.003458693789102904
0.005734154442407096
0.009597996248506211
0.0158556242791773
0.02610657165339983
0.03670297056273504
0.027676235335718495
-0.12948856332784053
-0.12943708675899468
0.0276707102156225
0.036683892242367885
0.026072920187301507
0.01580926494888539
0.0095406357942457
0.005667402562999718
0.003384203584273021
0.0020297709329313075
0.0012289558991088975
0.0007535907174078607
0.00047072937265911827
0.00030197337059920316
0.00020123792933722745
0.000141366411160629
0.0001064215010222243
0.00008720322689483057
0.00007869721092426403
0.0000786972107873197
0.00008720322674744677
0.00010642150102833182
0.00014136641121642178
0.0002012379294033834
0.0003019733706313461
0.0004707293727191881
0.0007535907173980493
0.0012289558991091568
0.0020297709329479387
0.003384203584227814
0.005667402562953587
0.009540635794350084
0.015809264948911154
0.02607292018724637
0.03668389224221124
0.027670710215635788
-0.1294370867589344
-0.12941833770019312
0.027668390662250075
0.036676396577802244
0.026059873981753398
0.01579129941368932
0.009518336928951997
0.0056413309580924005
0.0033549557727671235
0.0019979088912304046
0.00119499687399087
0.0007179871732657459
0.000433864479245161
0.00026416201459884744
0.00016273327827959154
0.000102369215177664
0.00006709071944108693
0.00004766690911175995
0.000039063131989921985
0.00003906313215169103
0.00004766690941330329
0.0000670907194696887
0.00010236921504942017
0.0001627332782076456
0.0002641620145102802
0.0004338644791855955
0.0007179871733069393
0.0011949968740365233
0.001997908891164909
0.0033549557727513384
0.005641330958168913
0.009518336928908962
0.015791299413488342
0.026059873981793713
0.036676396578010986
0.02766839066235866
-0.12941833770019262
-0.12941143174610187
0.027667399780752847
0.03667339642013437
0.02605473696027298
0.015784241112309735
0.009509562660368003
0.005631037686455639
0.0033433601354880284
0.001985220538523749
0.0011814144052795527
0.0007036892755538776
0.00041900677437636726
0.00024887601451955915
0.00014712772247149795
0.00008653279866905041
0.00005109568548998483
0.00003157304907500929
0.000022921931069317632
0.00002292193086291522
0.00003157304893162594
0.000051095685506379333
0.00008653279874310573
0.0001471277225055113
0.0002488760144635196
0.0004190067743861593
0.0007036892756134173
0.0011814144052214798
0.001985220538583095
0.0033433601354016925
0.005631037686391775
0.00950956266032699
0.015784241112325334
0.026054736960394828
0.03667339642004687
0.02766739978074409
-0.12941143174608943
-0.12940886087899806
0.02766697262319403
0.036672178403685404
0.026052687838476533
0.01578143519293062
0.009506073355139297
0.005626934876064539
0.003338723096195445
0.001980127784034489
0.0011759422572833265
0.0006979081615946091
0.0004129796091783777
0.00024265733954354027
0.00014076381259825485
0.00008006239626913677
0.00004455117958744019
0.000024981916927096794
0.000016308323593331215
0.000016308323633971205
0.000024981917108747584
0.00004455117958881251
0.00008006239620947194
0.00014076381249252825
0.00024265733946115007
0.0004129796091087158
0.0006979081616560147
0.0011759422573789401
0.001980127784155832
0.0033387230960628053
0.0056269348759642075
0.009506073355046975
0.015781435193022154
0.02605268783845898
0.03667217840364485
0.027666972623129824
-0.12940886087902526
-0.1294078944152748
0.027666787818823722
0.03667167874232746
0.02605186191985238
0.015780308852856726
0.009504673361556753
0.005625286274219349
0.0033368551370418663
0.0019780700159205164
0.001173724078935122
0.0006955573246664963
0.00041052148277770725
0.0002401144343538341
0.00013815568475395205
0.00007740581607359421
0.00004186050519998442
0.000022269605016796692
0.000013585524650290664
0.000013585524742445195
0.00002226960507738998
0.00004186050511359771
0.00007740581597681965
0.00013815568480320356
0.0002401144344013169
0.00041052148271959163
0.0006955573246942659
0.0011737240790100217
0.0019780700159101926
0.0033368551368869225
0.005625286274289563
0.009504673361651568
0.015780308852783944
0.02605186191980759
0.03667167874247
0.027666787819086727
-0.12940789441534933
-0.12940752841714045
0.027666708098954475
0.036671472804897465
0.02605152711784548
0.015779854233550432
0.009504108847487074
0.005624620920925985
0.003336099812405188
0.0019772358847142766
0.0011728224825909477
0.0006945991885287558
0.000409517003431288
0.00023907285218730803
0.0001370852008695337
0.00007631361751785267
0.000040752879011426607
0.00002115211511660099
0.000012463231671860328
0.000012463231662546774
0.00002115211513634111
0.0000407528791343392
0.00007631361765963237
0.00013708520081458578
0.00023907285219077222
0.00040951700351634886
0.000694599188499101
0.0011728224825615723
0.0019772358847253337
0.003336099812402243
0.005624620920759554
0.009504108847471732
0.01577985423372895
0.026051527117864078
0.036671472804823094
0.027666708098919277
-0.12940752841722925
-0.12940739081921682
0.027666674528898885
0.03667138921886949
0.026051393172326822
0.01577967308492028
0.009503884174728878
0.005624355986194112
0.0033357986282726137
0.0019769026303601634
0.0011724614801634835
0.0006942146750764981
0.0004091130047511202
0.00023865308334429449
0.00013665302077163466
0.00007587202537945165
0.000040304546832880835
0.000020699447355499785
0.000012008444529509058
0.000012008444571565888
0.000020699447465225957
0.00004030454694792202
0.00007587202537897896
0.000136653020699083
0.0002386530833341088
0.0004091130045936213
0.0006942146749749522
0.0011724614802386428
0.001976902630284146
0.0033357986282118845
0.005624355986006694
0.009503884174828066
0.0157796730849164
0.026051393172245113
0.036671389218955554
0.02766667452920058
-0.12940739081929725
-0.12940734462290124
0.027666662283383305
0.03667135948951164
0.026051346023997002
0.01577960951566104
0.009503805410100184
0.005624263085522693
0.003335692919316405
0.001976785509820134
0.0011723344118909516
0.0006940791124240868
0.00040897034718583134
0.00023850463957593958
0.00013649999038435764
0.00007571549412260093
0.000040145494570738085
0.000020538766653147188
0.000011846965669744108
0.000011846965641453453
0.000020538766618584534
0.00004014549449752665
0.00007571549410843295
0.00013649999046184884
0.00023850463969858315
0.0004089703471391982
0.0006940791123432916
0.001172334411917367
0.0019767855097167063
0.003335692919389596
0.005624263085351771
0.009503805410330968
0.01577960951575564
0.02605134602387333
0.03667135948952895
0.027666662283429486
-0.1294073446228943
-0.12940734462260778
0.027666662283502143
0.03667135948955676
0.026051346023958144
0.015779609515672373
0.009503805410100206
0.005624263085580094
0.0033356929193317725
0.0019767855097441106
0.0011723344118638296
0.0006940791123775504
0.0004089703472333342
0.0002385046396737603
0.00013649999050813653
0.00007571549416856233
0.00004014549448134483
0.00002053876654260428
0.000011846965538292117
0.00001184696572996199
0.00002053876667015124
0.00004014549461361433
0.00007571549415167835
0.00013649999031342913
0.00023850463958895716
0.00040897034718460814
0.0006940791125193419
0.0011723344119915116
0.0019767855097859574
0.003335692919373581
0.005624263085392954
0.00950380541019098
0.015779609515659966
0.02605134602391008
0.03667135948944112
0.02766666228342987
-0.1294073446225699
-0.12940739081937613
0.02766667452907903
0.03667138921890355
0.026051393172298855
0.015779673084999363
0.009503884174606205
0.005624355986054193
0.0033357986282247093
0.0019769026302851817
0.0011724614801908294
0.0006942146749964775
0.00040911300473806645
0.0002386530831680525
0.0001366530206631515
0.00007587202551317523
0.000040304546916573125
0.000020699447421613437
0.000012008444615879813
0.000012008444610973673
0.00002069944724522696
0.00004030454669697084
0.00007587202542350409
0.00013665302078414218
0.00023865308336358724
0.00040911300472293733
0.0006942146750173857
0.0011724614801535806
0.0019769026302515046
0.0033357986282451556
0.005624355986107025
0.009503884174655069
0.015779673084947793
0.02605139317227911
0.03667138921900229
0.027666674529149476
-0.12940739081924071
-0.12940752841724668
0.027666708099164793
0.03667147280503966
0.0260515271178477
0.015779854233596992
0.009504108847635693
0.005624620921019317
0.0033360998123941454
0.0019772358846477625
0.0011728224826224732
0.0006945991884473967
0.0004095170034786226
0.0002390728523043477
0.0001370852009906183
0.00007631361753327824
0.000040752879026433286
0.000021152115195929866
0.000012463231539296671
0.000012463231574083991
0.00002115211536309108
0.00004075287925333146
0.00007631361759760213
0.00013708520067408456
0.0002390728521161288
0.0004095170034471309
0.0006945991884941539
0.0011728224827367234
0.001977235884732316
0.003336099812331494
0.005624620920755326
0.009504108847491078
0.01577985423377414
0.026051527117773865
0.036671472804899394
0.02766670809898541
-0.1294075284171942
-0.129407894415714
0.027666787819051214
0.036671678742361116
0.026051861919837584
0.015780308852851373
0.00950467336154119
0.005625286274257499
0.003336855137037704
0.0019780700159248163
0.0011737240790175075
0.0006955573246310632
0.00041052148271123845
0.00024011443432254932
0.0001381556846663561
0.00007740581600345615
0.00004186050523972973
0.00002226960510632594
0.000013585524704902
0.00001358552467613099
0.000022269605108809806
0.00004186050507259881
0.00007740581597887329
0.00013815568491524507
0.000240114434432535
0.00041052148270007333
0.0006955573246012713
0.0011737240790067219
0.001978070015844386
0.003336855136877444
0.005625286274382489
0.009504673361599474
0.01578030885277746
0.026051861919924545
0.03667167874255556
0.02766678781908151
-0.12940789441557599
-0.12940886087911524
0.027666972623364552
0.03667217840360763
0.026052687838504358
0.01578143519302761
0.009506073355076097
0.0056269348759280125
0.003338723096207181
0.001980127784093375
0.0011759422572476027
0.0006979081616013711
0.00041297960921471015
0.00024265733951979343
0.00014076381258572892
0.00008006239639543437
0.000044551179563678584
0.000024981916704685753
0.00001630832352484124
0.000016308323780059486
0.0000249819171622285
0.000044551179443899004
0.00008006239622747457
0.00014076381258675374
0.00024265733942025096
0.00041297960915040346
0.000697908161694916
0.001175942257376589
0.001980127784046624
0.0033387230961602326
0.0056269348760961384
0.009506073354916076
0.01578143519297866
0.02605268783859019
0.03667217840366932
0.02766697262325851
-0.1294088608789773
-0.1294114317463158
0.027667399780697204
0.03667339642025726
0.026054736960340295
0.01578424111215515
0.009509562660366865
0.005631037686547857
0.003343360135460287
0.0019852205384899716
0.0011814144052075437
0.0007036892755550847
0.00041900677434578035
0.00024887601454754
0.00014712772251513034
0.00008653279857161737
0.000051095685453117976
0.00003157304907451254
0.00002292193110068436
0.000022921930865550958
0.000031573048840864666
0.000051095685540381784
0.00008653279883287946
0.00014712772249529925
0.00024887601440151127
0.0004190067743370518
0.000703689275649866
0.0011814144053018175
0.001985220538595907
0.0033433601355218985
0.005631037686293244
0.009509562660249701
0.015784241112454807
0.026054736960350308
0.03667339641994461
0.02766739978036434
-0.12941143174618003
-0.12941833770041944
0.027668390662273935
0.0366763965777827
0.026059873981797356
0.015791299413713492
0.009518336929045246
0.005641330958083379
0.003354955772629181
0.001997908891251441
0.0011949968739787627
0.0007179871732354887
0.0004338644792153639
0.00026416201458135747
0.0001627332781977195
0.00010236921514056706
0.00006709071952562673
0.00004766690921900202
0.00003906313197105446
0.0000390631321915965
0.00004766690937399901
0.00006709071944774415
0.00010236921493454089
0.00016273327822843316
0.00026416201459695924
0.000433864479186524
0.0007179871732726226
0.0011949968739387567
0.001997908891221699
0.0033549557726454612
0.005641330958197783
0.00951833692912328
0.015791299413496693
0.026059873981829258
0.0366763965780188
0.027668390662512983
-0.1294183377004805
-0.12943708675877497
0.027670710215380194
0.0366838922422645
0.026072920187348286
0.01580926494891513
0.009540635794293059
0.00566740256305957
0.003384203584334273
0.00202977093307803
0.0012289558990921032
0.0007535907173376039
0.0004707293727307017
0.00030197337078234475
0.0002012379294551469
0.00014136641114076328
0.00010642150094014827
0.00008720322673798174
0.00007869721084070398
0.00007869721094407739
0.00008720322681070379
0.00010642150096823563
0.00014136641118429606
0.00020123792941781536
0.0003019733704790521
0.00047072937255870185
0.0007535907174457134
0.0012289558991598155
0.002029770932929273
0.0033842035841992503
0.005667402563033124
0.009540635794253238
0.015809264948972793
0.02607292018744263
0.036683892242135266
0.027670710215466097
-0.12943708675884238
-0.12948856332749228
0.027676235335577913
0.0367029705626504
0.026106571653295087
0.015855624279308506
0.00959799624853407
0.005734154442280938
0.003458693789043241
0.002110489922421043
0.0013145582739830127
0.000842936019090106
0.000562881268515769
0.00039618559552814694
0.0002969284816896617
0.00023808764706338367
0.0002038295970772424
0.00018502924300945308
0.00017672041810839014
0.0001767204180905135
0.00018502924280488277
0.000203829596917646
0.00023808764703130722
0.00029692848184425434
0.0003961855956573347
0.0005628812685456025
0.0008429360191031467
0.001314558273923491
0.0021104899223669217
0.0034586937890968943
0.005734154442430497
0.009597996248569732
0.015855624279234443
0.026106571653239215
0.03670297056259263
0.027676235335842913
-0.12948856332764577
-0.1296315310588949
0.02768981130447261
0.03675271660192475
0.026194997936032388
0.01597717198639896
0.009747596878001759
0.00590715165794365
0.0036504860874065513
0.002317024152366032
0.0015323499893516264
0.001069133737067647
0.0007952228969868881
0.0006329278440916097
0.0005367560256766097
0.0004800214942683743
0.00044714199059030316
0.0004291686985345191
0.00042124661537382586
0.00042124661560265014
0.0004291686987731567
0.0004471419906973516
0.0004800214940780511
0.0005367560254501804
0.0006329278438434863
0.0007952228970104921
0.0010691337371694352
0.0015323499894917456
0.0023170241525006987
0.0036504860874388
0.00590715165791455
0.00974759687779508
0.015977171986365744
0.026194997935908525
0.03675271660204947
0.027689811304631072
-0.1296315310587467
-0.1300329649576714
0.02772495715435739
0.03688655311631371
0.026432559143511863
0.016301792501907074
0.010143955543136667
0.00636171169803342
0.004150418477679187
0.0028514888523949082
0.0020923982447845412
0.0016477259217870291
0.00138698325696982
0.0012338638056850829
0.001143961488753196
0.0010914084398653257
0.0010612114361808
0.0010448225990417122
0.0010376340417195002
0.0010376340414218871
0.0010448225985864147
0.0010612114360800502
0.0010914084401000231
0.00114396148888241
0.0012338638057420945
0.0013869832570747396
0.0016477259217169853
0.0020923982447836583
0.002851488852387444
0.004150418477485108
0.006361711697877767
0.010143955543257676
0.01630179250220022
0.026432559143326755
0.036886553116014104
0.027724957154295318
-0.13003296495779482
-0.13116947494089454
0.027823541297620102
0.037261327181113676
0.027087777329509927
0.0171874682005301
0.011213096623613531
0.007574914303622494
0.005472011305249122
0.0042527387230685484
0.0035506442147990496
0.0031459144261816634
0.0029126310051369015
0.0027780680718048805
0.002700489718571414
0.0026559484324411714
0.0026307796931703026
0.0026173105505594473
0.002611458919656708
0.002611458920109557
0.0026173105512625446
0.002630779693212951
0.0026559484321116342
0.0027004897184475718
0.0027780680716388085
0.0029126310049141456
0.0031459144262558037
0.0035506442148877
0.004252738722906273
0.005472011305211109
0.007574914303847918
0.011213096623480905
0.01718746820035915
0.0270877773295383
0.03726132718158933
0.027823541297875946
-0.13116947494100606
-0.13438811502537754
0.028131604556968174
0.03836386540249767
0.028951204237903115
0.019663417707444786
0.014156151348432719
0.01087088100225882
0.009022599882494362
0.00798300097168745
0.007404440258208982
0.007083045391832339
0.006905019703449847
0.006806560442578179
0.006752228093081839
0.006722386191217976
0.00670622784896943
0.0066978955129875315
0.0066943684654442795
0.006694368465150971
0.0066978955126333044
0.006706227848980764
0.006722386191440345
0.006752228093209444
0.006806560442548532
0.006905019703537969
0.007083045392012986
0.007404440258193357
0.0079830009717551
0.009022599882473187
0.01087088100223755
0.014156151348345981
0.019663417707665116
0.02895120423807476
0.038363865402330326
0.028131604556665697
-0.134388115025455
-0.14330444750312582
0.029220046316944706
0.04179507548746818
0.03443398131221842
0.02677118924014337
0.022439392343934897
0.020002882534789136
0.018737467196471368
0.018090279532419574
0.017769538639960544
0.017614804585934098
0.017542981005115955
0.01751142124206207
0.017498761420789016
0.017494511796704228
0.01749365850070264
0.017493886451164585
0.01749418611396522
0.017494186114104058
0.017493886451450835
0.017493658500918014
0.017494511796602125
0.017498761420608973
0.01751142124196133
0.017542981005056225
0.01761480458593615
0.01776953864001693
0.01809027953261668
0.018737467196349007
0.020002882534609773
0.022439392343874365
0.02677118924031467
0.03443398131222703
0.04179507548724107
0.02922004631666881
-0.14330444750276577
-0.16580715776114274
0.03352947524693048
0.05304477217008911
0.05107873240680965
0.04767340694063413
0.04623404206846858
0.045778092939360235
0.04579643759997949
0.045968114985120934
0.04615860201490228
0.046319214765281724
0.046439949113816464
0.04652512512580368
0.04658275105938839
0.04662041192963064
0.046644014983524655
0.04665766693932215
0.04666389614089532
0.04666389614135678
0.04665766693963888
0.046644014983238516
0.04662041192943374
0.04658275105957548
0.0465251251258694
0.04643994911366699
0.04631921476530716
0.046158602014868336
0.04596811498486469
0.04579643759983181
0.04577809293983818
0.04623404206837905
0.047673406940289764
0.05107873240705047
0.053044772170516265
0.03352947524686126
-0.16580715776090477
-0.2023432674074157
0.05171069515969951
0.09015173010469552
0.10154792114248841
0.10896854838432014
0.11438863954890258
0.11834692243817668
0.12104205936429904
0.1228206058984222
0.12396014490220411
0.12467812299436648
0.1251248323240401
0.12540037197367546
0.1255689960690703
0.12567108131316818
0.1257314643506136
0.12576497555023156
0.12577988664872575
0.1257798866487883
0.12576497555026114
0.12573146435034468
0.1256710813130268
0.12556899606908922
0.12540037197405687
0.12512483232425692
0.12467812299435728
0.12396014490219712
0.12282060589832208
0.12104205936451953
0.11834692243844148
0.11438863954861844
0.10896854838404607
0.10154792114263916
0.09015173010480944
0.05171069515944496
-0.20234326740751468
-0.0674004161348244
0.11408025748655186
0.1795504527048421
0.22023569911567842
0.2538949297838001
0.27484203903057614
0.2881026317371625
0.29604129228696674
0.300775471630415
0.30356925895391873
0.3052165681653706
0.3061873803391657
0.3067601040269218
0.30709796313192983
0.3072964559424774
0.30741109554357116
0.30747360335298074
0.3075011121704816
0.3075011121721628
0.3074736033545513
0.3074110955427276
0.30729645594119837
0.30709796313263016
0.30676010402775405
0.30618738033889553
0.3052165681652621
0.30356925895428477
0.3007754716300728
0.29604129228682824
0.28810263173937317
0.27484203903008186
0.2538949297817883
0.22023569911593865
0.17955045270741538
0.11408025748661804
-0.06740041613569969
2.268871813476527
-0.5889269298714781
-0.843901227231826
-0.7505157914795995
-0.6485792353786051
-0.5888539901655991
-0.5537445751047382
-0.5341371550749433
-0.5230712368554059
-0.5168245873814552
-0.513269091635687
-0.5112325829871395
-0.510058641876632
-0.5093790921293782
-0.508985950961269
-0.5087616464540854
-0.5086404439361256
-0.5085874042981633
-0.508587404298196
-0.5086404439356464
-0.5087616464541136
-0.5089859509630899
-0.509379092128756
-0.5100586418762845
-0.5112325829858799
-0.5132690916348579
-0.5168245873835855
-0.5230712368558754
-0.5341371550758363
-0.5537445751024909
-0.5888539901684218
-0.6485792353786154
-0.7505157914794316
-0.843901227231477
-0.5889269298697996
2.2688718134738215