-298.4720717435721
4.828420344082421
-1.4827359698792466
18.86156381837241
18.643124034522863
20.465953739086917
20.481405226378676
20.66159023436376
20.66761518814385
20.68654353349222
20.68774177447193
20.689831328722008
20.690035494312166
20.69027720903809
20.690310072367616
20.6903393742516
20.690344551359978
20.690348275311237
20.690349086141566
20.690349580669984
20.690349705027657
20.690349764111687
20.690349764116327
20.690349705034865
20.690349580658168
20.690349086145684
20.690348275313234
20.69034455135781
20.690339374255263
20.69031007235766
20.69027720904545
20.690035494307914
20.68983132872382
20.687741774467845
20.68654353349919
20.66761518814556
20.66159023436736
20.481405226369187
20.46595373911307
18.64312403450721
18.86156381837313
-1.4827359698731162
4.828420344078589
-298.47207174358397
-40.873099364796964
-0.6476271650548859
-4.050056149502722
-0.7074040217053992
-1.00317422198786
-0.7332519453905209
-0.7607100963755835
-0.7392896594345719
-0.7418625231627268
-0.7402131870650974
-0.7404460097313741
-0.7403253302814321
-0.7403441716049527
-0.7403358768949236
-0.7403369030194229
-0.7403363274065222
-0.7403362647182585
-0.7403362076674935
-0.7403361701760582
-0.7403361598498142
-0.7403361506595959
-0.7403361488095932
-0.7403361488096349
-0.7403361506580874
-0.7403361598519232
-0.7403361701764898
-0.7403362076667624
-0.7403362647181293
-0.7403363274068262
-0.7403369030222358
-0.7403358768947947
-0.7403441716044112
-0.7403253302812282
-0.7404460097324526
-0.7402131870632545
-0.7418625231634794
-0.7392896594340151
-0.7607100963754159
-0.7332519453886139
-1.0031742219878337
-0.7074040217068185
-4.050056149504078
-0.6476271650522638
-40.87309936479693
-0.8631408714630211
-0.3855132944845894
-1.4155382190332686
-0.8968321620637202
-1.014378378380125
-0.951563064124945
-0.9648116536594209
-0.9585758922442631
-0.9601180417079447
-0.9595539266674937
-0.9597395910220708
-0.9596932655636413
-0.9597164629669372
-0.9597133326190004
-0.9597163505229565
-0.9597162615611554
-0.9597166705199633
-0.959716695798823
-0.9597167533354034
-0.9597167611130883
-0.959716769303661
-0.9597167706214306
-0.959716770621091
-0.9597167693035926
-0.9597167611126848
-0.9597167533360156
-0.959716695798331
-0.9597166705200816
-0.959716261561361
-0.9597163505236754
-0.9597133326196972
-0.9597164629662434
-0.9596932655636512
-0.9597395910221134
-0.9595539266671635
-0.9601180417088959
-0.9585758922433618
-0.9648116536597904
-0.951563064124481
-1.0143783783804423
-0.8968321620640353
-1.4155382190350831
-0.38551329448330174
-0.8631408714636803
11.46317136565085
-0.2756940024867404
-0.3067013560767483
-0.9140479121265004
-0.9415811267818135
-0.9829668094256083
-0.9877418781996365
-0.9910787389065587
-0.9917968968637347
-0.9921219715894343
-0.9922260688445076
-0.9922640796302219
-0.9922790777862707
-0.9922841707833481
-0.9922863501219037
-0.9922870917551876
-0.9922874136090838
-0.9922875267456073
-0.9922875751999976
-0.9922875928609305
-0.992287600130952
-0.992287602503928
-0.9922876025035472
-0.9922876001310398
-0.9922875928605328
-0.9922875752001568
-0.9922875267451015
-0.9922874136095976
-0.9922870917550117
-0.9922863501219465
-0.9922841707837434
-0.9922790777860186
-0.9922640796302311
-0.992226068844587
-0.9921219715891672
-0.9917968968638392
-0.991078738906445
-0.9877418782000016
-0.9829668094253734
-0.9415811267822909
-0.9140479121258995
-0.30670135607690524
-0.2756940024868778
11.463171365651732
15.82666754049421
-0.227458691279241
0.13591505592187542
-0.9124514456477784
-0.9009774594300701
-0.9882521913643258
-0.9891772150772362
-0.9971449318141232
-0.9974757983825022
-0.9982598173089064
-0.9983244758202385
-0.998407611667232
-0.9984185854157257
-0.9984281029916335
-0.9984298735240342
-0.9984310484971441
-0.9984313291867939
-0.9984314846701474
-0.9984315290392369
-0.99843155080701
-0.9984315576860312
-0.9984315604144076
-0.9984315604140013
-0.9984315576860433
-0.9984315508066934
-0.9984315290390489
-0.9984314846701893
-0.9984313291871019
-0.9984310484971077
-0.9984298735239088
-0.9984281029921283
-0.9984185854158412
-0.9984076116672275
-0.9983244758201655
-0.998259817308585
-0.9974757983824794
-0.9971449318142251
-0.9891772150773442
-0.9882521913639886
-0.9009774594304416
-0.9124514456477208
0.13591505592158964
-0.22745869127880428
15.826667540493794
17.46166918661408
-0.20688345258379598
0.31199787200047174
-0.9100116116999191
-0.8822305972276232
-0.9889708146409287
-0.9882356873036517
-0.9983217130034925
-0.998483143961471
-0.9994913253875566
-0.9995384574813999
-0.9996448538765371
-0.99965399653615
-0.9996658973097304
-0.9996674759685994
-0.9996688931474833
-0.9996691537849154
-0.9996693337534422
-0.9996693760410811
-0.9996694002714175
-0.9996694069389789
-0.9996694098900417
-0.9996694098897021
-0.9996694069393883
-0.9996694002712205
-0.999669376040765
-0.9996693337537215
-0.9996691537847864
-0.9996688931479603
-0.9996674759686259
-0.9996658973096302
-0.9996539965359073
-0.9996448538765978
-0.99953845748079
-0.9994913253873423
-0.9984831439611799
-0.9983217130036791
-0.9882356873037734
-0.9889708146413021
-0.882230597228193
-0.9100116117001771
0.31199787200086704
-0.20688345258345478
17.461669186613655
18.093536713807595
-0.19827175249894333
0.38250195235057705
-0.9086113948535881
-0.8740881954309743
-0.9889568800409877
-0.9875195501081067
-0.9985429512574259
-0.9986325570751307
-0.9997458376401145
-0.9997855885688733
-0.999903482367315
-0.9999118557424365
-0.9999249905688583
-0.9999264880002068
-0.9999280357742458
-0.9999282877724197
-0.999928481415985
-0.9999285227851508
-0.9999285484335765
-0.9999285550060724
-0.9999285580880105
-0.999928558087841
-0.999928555006417
-0.9999285484336597
-0.9999285227851076
-0.9999284814164626
-0.9999282877721624
-0.9999280357740725
-0.9999264879999756
-0.9999249905688472
-0.9999118557426707
-0.9999034823673214
-0.9997855885687708
-0.9997458376405358
-0.9986325570747792
-0.9985429512582187
-0.987519550107796
-0.9889568800415673
-0.8740881954307895
-0.9086113948538013
0.38250195235117807
-0.19827175249954143
18.09353671380806
18.342524891355637
-0.19469883094573998
0.4109467146875818
-0.9079421611915774
-0.8706398178808439
-0.9888805601725876
-0.9871487353534318
-0.9985781130559492
-0.9986377000932845
-0.9997987325885271
-0.9998354709071573
-0.9999588432879591
-0.999966912959348
-0.999980662622042
-0.9999821289350967
-0.9999837444623538
-0.9999839932117357
-0.9999841942124019
-0.9999842352377337
-0.9999842616746024
-0.9999842682108899
-0.9999842713678606
-0.9999842713674852
-0.9999842682108764
-0.9999842616748056
-0.9999842352377804
-0.999984194212424
-0.9999839932113818
-0.9999837444621755
-0.9999821289352485
-0.9999806626221771
-0.9999669129596085
-0.999958843288187
-0.9998354709070548
-0.9997987325887352
-0.9986377000933544
-0.9985781130562124
-0.9871487353531463
-0.9888805601725079
-0.8706398178809329
-0.907942161192149
0.4109467146876763
-0.19469883094572632
18.34252489135691
18.441959234582292
-0.19322112545113962
0.4225010241828869
-0.9076436041864973
-0.8691953949729041
-0.9888321178912836
-0.9869772413690374
-0.9985800753697105
-0.9986271805971414
-0.9998094155434037
-0.9998449426137352
-0.9999708500383158
-0.999978805223356
-0.9999928512977463
-0.9999943068620708
-0.9999959563537084
-0.9999962040832386
-0.9999964089076543
-0.9999964498340879
-0.9999964766942001
-0.9999964832212538
-0.9999964864192414
-0.9999964864190547
-0.9999964832213175
-0.9999964766944534
-0.9999964498339559
-0.9999964089076716
-0.9999962040827595
-0.9999959563537117
-0.99999430686241
-0.9999928512971049
-0.999978805223243
-0.9999708500379321
-0.9998449426140753
-0.9998094155435233
-0.998627180596203
-0.99858007536936
-0.9869772413687632
-0.9888321178917094
-0.8691953949729392
-0.9076436041861771
0.4225010241832331
-0.19322112545260436
18.441959234581613
18.48205810440889
-0.19261016998470776
0.4272214993388317
-0.9075145528308586
-0.8685931152716618
-0.9888078418593811
-0.986901615757811
-0.9985779457882105
-0.9986198651093848
-0.9998113603684817
-0.9998464025779764
-0.9999734564442544
-0.9999813699107728
-0.999995555038949
-0.9999970073474971
-0.9999986733648918
-0.9999989208725882
-0.9999991276242085
-0.9999991685394607
-0.999999195620304
-0.9999992021471109
-0.9999992053671045
-0.9999992053672615
-0.9999992021470805
-0.9999991956198864
-0.9999991685396887
-0.9999991276244243
-0.9999989208723228
-0.9999986733648035
-0.9999970073473046
-0.9999955550392297
-0.9999813699116464
-0.9999734564439331
-0.9998464025783431
-0.9998113603685278
-0.9986198651092737
-0.9985779457885231
-0.9869016157578565
-0.9888078418594601
-0.8685931152716462
-0.9075145528301956
0.4272214993389477
-0.19261016998478026
18.48205810440983
18.498349577290448
-0.19235731149578064
0.4291593467810738
-0.9074596398812218
-0.868342342166633
-0.9887966801783773
-0.9868690265137832
-0.9985763454691092
-0.9986161077245126
-0.9998116008397283
-0.9998464485690868
-0.9999740118567109
-0.9999819104886939
-0.9999961594151797
-0.9999976109381987
-0.9999992847942931
-0.9999995323133566
-0.9999997400100469
-0.9999997809368372
-0.9999998081296265
-0.9999998146584391
-0.9999998178906022
-0.9999998178902645
-0.9999998146582981
-0.999999808129744
-0.9999997809368191
-0.999999740010096
-0.9999995323129987
-0.9999992847943167
-0.9999976109382712
-0.9999961594151285
-0.9999819104886446
-0.9999740118567001
-0.9998464485691696
-0.9998116008393567
-0.9986161077247697
-0.9985763454690396
-0.9868690265137374
-0.9887966801779944
-0.8683423421666396
-0.9074596398811106
0.42915934678103385
-0.1923573114954412
18.498349577289986
18.505007483125603
-0.19225248929195093
0.42995809536673235
-0.9074364606374059
-0.8682379158209625
-0.9887917499921652
-0.9868551491738056
-0.9985754989233724
-0.9986143623005257
-0.9998115675497854
-0.9998463368484942
-0.9999741234986327
-0.9999820169439606
-0.999996294620641
-0.9999977460604195
-0.9999994235558798
-0.9999996711275776
-0.9999998792764306
-0.9999999202168087
-0.9999999474640588
-0.9999999539953346
-0.9999999572327649
-0.9999999572327675
-0.9999999539958
-0.9999999474639922
-0.9999999202162619
-0.9999998792769917
-0.9999996711274861
-0.9999994235559813
-0.9999977460604119
-0.9999962946204474
-0.9999820169438227
-0.9999741234986625
-0.9998463368478854
-0.9998115675498908
-0.9986143623000293
-0.9985754989229667
-0.9868551491738222
-0.9887917499926957
-0.8682379158211107
-0.9074364606377
0.42995809536702667
-0.1922524892929411
18.505007483125837
18.507741358067896
-0.19220895498540813
0.43028845568331797
-0.9074267157613713
-0.868194393667802
-0.9887896172664983
-0.9868492768815169
-0.9985750988421935
-0.9986135868995987
-0.9998115213933882
-0.9998462588454363
-0.9999741424577583
-0.9999820341088087
-0.9999963245591901
-0.9999977760629268
-0.99999945521751
-0.9999997028315241
-0.9999999111928821
-0.9999999521420575
-0.999999979416244
-0.9999999859488584
-0.9999999891895615
-0.999999989189684
-0.9999999859489908
-0.9999999794158587
-0.9999999521421116
-0.9999999111935238
-0.999999702830996
-0.9999994552174529
-0.999997776062358
-0.9999963245601503
-0.9999820341097143
-0.999974142458152
-0.9998462588448116
-0.9998115213936483
-0.998613586899565
-0.9985750988425148
-0.9868492768817256
-0.9887896172662674
-0.8681943936679553
-0.9074267157618017
0.43028845568214463
-0.19220895498639348
18.50774135807
18.508868364843128
-0.19219084057524735
0.43042549253392637
-0.9074226263926881
-0.8681762330562977
-0.9887887052221832
-0.9868468000691315
-0.9985749190453623
-0.9986132500922309
-0.9998114940638735
-0.9998462184937285
-0.9999741438886856
-0.9999820349226923
-0.9999963309847214
-0.9999977825513167
-0.9999994624517838
-0.9999997100923763
-0.9999999185511199
-0.9999999595057472
-0.9999999867925566
-0.9999999933260313
-0.9999999965680724
-0.9999999965678371
-0.999999993326265
-0.9999999867931711
-0.999999959505709
-0.9999999185516728
-0.9999997100917561
-0.999999462452161
-0.9999977825512167
-0.999996330984754
-0.9999820349222164
-0.9999741438885135
-0.9998462184935581
-0.9998114940641336
-0.9986132500915825
-0.99857491904559
-0.986846800068797
-0.9887887052225788
-0.8681762330570032
-0.9074226263930144
0.43042549253397716
-0.19219084057587307
18.50886836484398
18.509334499982074
-0.19218328960273845
0.43048248082655916
-0.9074209113600502
-0.8681686450544048
-0.9887883177169328
-0.9868457570332813
-0.998574840305817
-0.9986131055542009
-0.9998114805574787
-0.9998461996278138
-0.9999741429302628
-0.9999820337520067
-0.99999633225782
-0.9999977838652658
-0.9999994640968883
-0.9999997117516743
-0.9999999202548973
-0.9999999612126153
-0.9999999885047652
-0.9999999950390523
-0.9999999982814207
-0.9999999982819814
-0.9999999950395573
-0.9999999885049234
-0.9999999612121873
-0.9999999202552132
-0.9999997117511705
-0.9999994640974066
-0.9999977838647625
-0.9999963322577661
-0.9999820337520311
-0.9999741429301601
-0.9998461996282011
-0.9998114805579001
-0.998613105553412
-0.9985748403060735
-0.9868457570327354
-0.9887883177176944
-0.8681686450547843
-0.9074209113595961
0.4304824808270614
-0.19218328960204398
18.509334499983122
18.50952784210375
-0.19218013660704775
0.4305062324313395
-0.9074201920309343
-0.8681654702953172
-0.9887881536776686
-0.9868453180476525
-0.9985748063119884
-0.9986130439440593
-0.9998114743469928
-0.9998461911989578
-0.9999741421465468
-0.9999820328946806
-0.9999963324578007
-0.9999977840874386
-0.9999994644651027
-0.9999997121268853
-0.9999999206499508
-0.9999999616088091
-0.9999999889041544
-0.9999999954386825
-0.9999999986814293
-0.9999999986815862
-0.9999999954380339
-0.9999999889042344
-0.9999999616087769
-0.9999999206503825
-0.9999997121261616
-0.9999994644649006
-0.9999977840870711
-0.9999963324584458
-0.9999820328949777
-0.9999741421462427
-0.9998461911994205
-0.9998114743470562
-0.9986130439436978
-0.9985748063122368
-0.9868453180471806
-0.9887881536775056
-0.8681654702943217
-0.9074201920298081
0.4305062324303131
-0.19218013660957006
18.509527842103164
18.509608232303236
-0.19217881795476183
0.430516150830874
-0.9074198901806829
-0.8681641402611915
-0.9887880843747081
-0.9868451332951049
-0.9985747917573455
-0.9986130177820924
-0.9998114715897253
-0.9998461875191413
-0.9999741417218279
-0.9999820324450078
-0.9999963324630208
-0.9999977841034694
-0.9999994645442458
-0.999999712209643
-0.9999999207415845
-0.9999999617012931
-0.9999999889973986
-0.9999999955323806
-0.9999999987754244
-0.9999999987753684
-0.9999999955322415
-0.9999999889985287
-0.9999999617013516
-0.9999999207415224
-0.9999997122093549
-0.9999994645442241
-0.9999977841034171
-0.9999963324631554
-0.999982032444344
-0.9999741417219331
-0.9998461875199648
-0.9998114715898314
-0.9986130177822663
-0.9985747917573381
-0.9868451332953316
-0.9887880843747501
-0.8681641402612912
-0.9074198901806247
0.43051615083102
-0.19217881795466002
18.509608232306217
18.50964172712486
-0.1921782656953667
0.43052029945606085
-0.9074197634372189
-0.8681635824055931
-0.9887880551273893
-0.9868450555231401
-0.9985747855565905
-0.9986130066974707
-0.9998114703885124
-0.9998461859326433
-0.9999741415184971
-0.9999820322323612
-0.9999963324452965
-0.9999977840910664
-0.9999994645598533
-0.9999997122263731
-0.9999999207629532
-0.9999999617222413
-0.9999999890202511
-0.9999999955544533
-0.9999999987973849
-0.9999999987971393
-0.9999999955542085
-0.9999999890193442
-0.9999999617224733
-0.9999999207624415
-0.9999997122266269
-0.999999464560245
-0.9999977840910503
-0.9999963324459211
-0.9999820322325399
-0.999974141518035
-0.9998461859331558
-0.9998114703881178
-0.9986130066973531
-0.9985747855560647
-0.9868450555228615
-0.9887880551269148
-0.868163582405707
-0.9074197634363924
0.43052029945524517
-0.19217826569608965
18.509641727123054
18.50965570118838
-0.19217803422698485
0.43052203636819886
-0.9074197102065409
-0.8681633482889186
-0.9887880427959495
-0.9868450227876725
-0.998574782923404
-0.9986130020087997
-0.9998114698706217
-0.9998461852539561
-0.9999741414261696
-0.9999820321367159
-0.9999963324329967
-0.9999977840814809
-0.9999994645620846
-0.999999712229493
-0.9999999207672177
-0.9999999617269474
-0.9999999890252755
-0.999999995558869
-0.9999999988017577
-0.999999998801951
-0.9999999955588258
-0.9999999890248649
-0.9999999617274278
-0.9999999207671493
-0.9999997122297386
-0.9999994645615822
-0.999997784081117
-0.9999963324339574
-0.9999820321363857
-0.9999741414259216
-0.9998461852541869
-0.9998114698706093
-0.9986130020092733
-0.9985747829234334
-0.9868450227877916
-0.9887880427957526
-0.8681633482882383
-0.9074197102057691
0.430522036366909
-0.1921780342274103
18.509655701189317
18.509661519930265
-0.1921779374478133
0.4305227619030787
-0.9074196879132955
-0.8681632502905468
-0.9887880376157323
-0.9868450090521785
-0.9985747818117415
-0.9986130000339721
-0.9998114696502167
-0.9998461849664231
-0.9999741413859277
-0.9999820320958279
-0.9999963324282053
-0.9999977840769544
-0.999999464561748
-0.999999712229654
-0.9999999207684844
-0.9999999617285328
-0.9999999890261986
-0.9999999955599983
-0.9999999988041188
-0.9999999988040366
-0.9999999955611552
-0.999999989026644
-0.9999999617290994
-0.9999999207687015
-0.9999997122302636
-0.9999994645623167
-0.9999977840767545
-0.9999963324272276
-0.9999820320945945
-0.9999741413856058
-0.9998461849660931
-0.9998114696502705
-0.998613000034136
-0.9985747818121256
-0.9868450090524127
-0.9887880376151799
-0.8681632502916613
-0.9074196879131919
0.43052276190248573
-0.192177937445768
18.509661519931345
18.50966389499189
-0.19217789780211245
0.43052305885943143
-0.9074196787694198
-0.8681632101129175
-0.9887880354867385
-0.9868450034098282
-0.9985747813534875
-0.9986129992212454
-0.9998114695588578
-0.9998461848466853
-0.9999741413689524
-0.9999820320779318
-0.9999963324242713
-0.9999977840737566
-0.9999994645618617
-0.9999997122294908
-0.9999999207688834
-0.9999999617280553
-0.999999989026703
-0.9999999955607426
-0.9999999988038542
-0.9999999988040761
-0.9999999955609793
-0.9999999890261588
-0.9999999617283664
-0.9999999207685253
-0.999999712229648
-0.9999994645616144
-0.9999977840738905
-0.999996332424642
-0.9999820320779349
-0.9999741413692164
-0.9998461848466941
-0.9998114695589606
-0.9986129992212558
-0.9985747813531488
-0.9868450034096076
-0.9887880354865822
-0.8681632101127568
-0.9074196787687074
0.43052305885876363
-0.1921778978028329
18.509663894990837
18.509664741971797
-0.19217788362786997
0.43052316496888465
-0.9074196754969747
-0.8681631957371179
-0.9887880347233036
-0.9868450013884421
-0.9985747811886226
-0.9986129989288554
-0.9998114695256488
-0.9998461848036889
-0.9999741413627202
-0.9999820320712804
-0.9999963324235818
-0.9999977840732693
-0.9999994645615058
-0.9999997122295833
-0.9999999207687217
-0.9999999617286184
-0.9999999890268865
-0.9999999955603964
-0.9999999988044528
-0.9999999988043785
-0.9999999955605852
-0.9999999890267053
-0.9999999617289623
-0.9999999207687227
-0.9999997122298054
-0.9999994645615643
-0.9999977840736127
-0.9999963324232819
-0.9999820320710193
-0.9999741413631724
-0.9998461848034549
-0.9998114695259855
-0.998612998928706
-0.9985747811880854
-0.9868450013885528
-0.9887880347236757
-0.8681631957363974
-0.9074196754970881
0.43052316496808707
-0.19217788362822563
18.509664741972436
18.509664741970944
-0.19217788362807797
0.4305231649684163
-0.9074196754969783
-0.8681631957365337
-0.9887880347230518
-0.9868450013883572
-0.9985747811882248
-0.9986129989283803
-0.9998114695251717
-0.9998461848034367
-0.9999741413622178
-0.9999820320713566
-0.9999963324239614
-0.9999977840727501
-0.9999994645611108
-0.999999712229396
-0.9999999207690948
-0.999999961728828
-0.9999999890261769
-0.9999999955605878
-0.9999999988045651
-0.9999999988038393
-0.9999999955606906
-0.9999999890268367
-0.9999999617290987
-0.999999920768871
-0.9999997122293007
-0.9999994645613389
-0.9999977840730947
-0.9999963324225788
-0.9999820320709086
-0.9999741413623632
-0.9998461848034821
-0.999811469525536
-0.9986129989283078
-0.9985747811882955
-0.9868450013886739
-0.9887880347230829
-0.8681631957366406
-0.9074196754966524
0.4305231649693451
-0.1921778836275825
18.509664741971637
18.50966389498778
-0.19217789780138228
0.4305230588587683
-0.9074196787691278
-0.8681632101133772
-0.988788035486515
-0.986845003409812
-0.9985747813535066
-0.9986129992209948
-0.9998114695589
-0.9998461848462084
-0.9999741413688112
-0.9999820320774297
-0.9999963324240284
-0.9999977840733076
-0.9999994645622123
-0.9999997122296733
-0.9999999207685453
-0.9999999617281401
-0.99999998902686
-0.9999999955616208
-0.9999999988038409
-0.9999999988035957
-0.9999999955602877
-0.9999999890255942
-0.9999999617279318
-0.9999999207675372
-0.9999997122296185
-0.9999994645615542
-0.9999977840745207
-0.9999963324251708
-0.9999820320781319
-0.9999741413685508
-0.9998461848470155
-0.9998114695585991
-0.9986129992207613
-0.9985747813533493
-0.9868450034093564
-0.9887880354861728
-0.8681632101122558
-0.9074196787679576
0.430523058858472
-0.19217789780325306
18.509663894985323
18.509661519934912
-0.19217793744898884
0.4305227619032612
-0.9074196879131504
-0.8681632502911673
-0.9887880376160207
-0.9868450090525529
-0.9985747818123867
-0.998613000033904
-0.9998114696500129
-0.9998461849656288
-0.9999741413853731
-0.9999820320953979
-0.9999963324276622
-0.999997784076214
-0.9999994645619028
-0.9999997122300088
-0.9999999207687086
-0.9999999617289239
-0.9999999890264535
-0.9999999955598755
-0.9999999988036787
-0.9999999988034496
-0.9999999955603518
-0.9999999890267715
-0.9999999617291384
-0.9999999207687634
-0.9999997122301034
-0.9999994645622903
-0.9999977840770735
-0.9999963324272978
-0.999982032094701
-0.9999741413858247
-0.9998461849665523
-0.9998114696502161
-0.9986130000341213
-0.9985747818116918
-0.9868450090526488
-0.9887880376158498
-0.8681632502913885
-0.9074196879129345
0.4305227619031521
-0.19217793744644912
18.50966151993526
18.509655701191324
-0.1921780342259749
0.4305220363674442
-0.907419710206662
-0.8681633482888875
-0.9887880427960898
-0.9868450227874224
-0.9985747829238945
-0.9986130020089552
-0.9998114698712712
-0.9998461852543507
-0.9999741414266534
-0.9999820321378069
-0.999996332433948
-0.9999977840815845
-0.999999464562531
-0.9999997122297155
-0.9999999207675135
-0.9999999617272721
-0.9999999890246383
-0.9999999955592925
-0.9999999988027004
-0.9999999988022602
-0.9999999955597225
-0.9999999890251545
-0.9999999617273373
-0.9999999207673833
-0.9999997122297866
-0.9999994645623076
-0.9999977840815903
-0.9999963324332353
-0.9999820321368588
-0.9999741414258536
-0.9998461852543792
-0.9998114698704547
-0.9986130020088779
-0.9985747829233711
-0.9868450227884329
-0.9887880427954715
-0.8681633482887043
-0.9074197102060111
0.43052203636777575
-0.192178034227722
18.509655701189445
18.509641727126777
-0.19217826569607016
0.4305202994558037
-0.9074197634367813
-0.8681635824057095
-0.9887880551273369
-0.9868450555230701
-0.9985747855564868
-0.9986130066971837
-0.9998114703885936
-0.9998461859325691
-0.9999741415183854
-0.9999820322317935
-0.9999963324451293
-0.999997784091307
-0.9999994645600949
-0.9999997122266171
-0.9999999207622872
-0.9999999617223881
-0.9999999890199436
-0.9999999955542587
-0.9999999987971782
-0.9999999987971248
-0.9999999955544928
-0.9999999890197642
-0.9999999617221805
-0.9999999207630246
-0.9999997122267571
-0.9999994645599064
-0.999997784090829
-0.9999963324457932
-0.9999820322324839
-0.9999741415184891
-0.9998461859326684
-0.999811470388343
-0.9986130066974399
-0.9985747855568406
-0.986845055522787
-0.9887880551263574
-0.868163582406236
-0.9074197634367642
0.4305202994552461
-0.19217826569367946
18.509641727124652
18.509608232306988
-0.19217881795486946
0.4305161508307609
-0.9074198901802771
-0.8681641402610001
-0.9887880843744601
-0.986845133294995
-0.9985747917575208
-0.9986130177826789
-0.9998114715898951
-0.9998461875197953
-0.9999741417222048
-0.9999820324453059
-0.9999963324636325
-0.9999977841027596
-0.9999994645436117
-0.9999997122092368
-0.9999999207415997
-0.999999961701427
-0.9999999889975177
-0.999999995531496
-0.999999998775051
-0.9999999987749094
-0.9999999955323957
-0.9999999889982618
-0.9999999617009641
-0.9999999207426075
-0.9999997122090736
-0.999999464544479
-0.9999977841030155
-0.9999963324623218
-0.999982032444026
-0.9999741417216007
-0.9998461875191651
-0.9998114715900162
-0.998613017782437
-0.9985747917572811
-0.9868451332957935
-0.9887880843751242
-0.8681641402626121
-0.907419890180374
0.4305161508321417
-0.19217881795368874
18.50960823230558
18.5095278420996
-0.1921801366049541
0.43050623243094044
-0.9074201920305454
-0.8681654702949703
-0.9887881536774002
-0.9868453180472545
-0.9985748063117935
-0.9986130439437505
-0.9998114743473447
-0.9998461911993244
-0.9999741421467436
-0.9999820328951763
-0.9999963324578585
-0.9999977840874276
-0.9999994644654471
-0.9999997121266879
-0.999999920649618
-0.9999999616088738
-0.9999999889041951
-0.9999999954392556
-0.9999999986816783
-0.9999999986818671
-0.9999999954389931
-0.9999999889043425
-0.9999999616086295
-0.9999999206507006
-0.9999997121259512
-0.9999994644651284
-0.9999977840870702
-0.9999963324582812
-0.9999820328956609
-0.9999741421465573
-0.9998461911993397
-0.9998114743476587
-0.9986130439433734
-0.998574806312928
-0.9868453180471686
-0.9887881536778298
-0.8681654702944445
-0.9074201920303183
0.43050623243091224
-0.19218013660745825
18.50952784210012
18.50933449998449
-0.19218328960259465
0.43048248082677254
-0.9074209113602344
-0.8681686450548727
-0.9887883177171581
-0.9868457570331635
-0.9985748403056007
-0.9986131055540941
-0.9998114805579881
-0.9998461996279355
-0.9999741429299878
-0.9999820337512328
-0.9999963322576085
-0.9999977838653613
-0.9999994640970035
-0.9999997117511628
-0.9999999202550246
-0.9999999612125757
-0.9999999885048826
-0.9999999950393372
-0.9999999982822165
-0.9999999982822145
-0.9999999950390341
-0.9999999885050518
-0.9999999612120625
-0.9999999202553693
-0.9999997117505457
-0.9999994640968799
-0.9999977838652776
-0.9999963322585056
-0.9999820337521632
-0.9999741429304512
-0.999846199628083
-0.9998114805576008
-0.9986131055540655
-0.9985748403057568
-0.986845757033094
-0.9887883177167779
-0.8681686450542708
-0.9074209113610998
0.4304824808263399
-0.1921832896023047
18.509334499985403
18.508868364848674
-0.19219084057699656
0.43042549253303375
-0.9074226263937001
-0.8681762330568563
-0.9887887052224804
-0.9868468000690138
-0.9985749190462749
-0.9986132500928222
-0.9998114940635277
-0.9998462184931333
-0.9999741438887866
-0.9999820349230182
-0.9999963309852661
-0.9999977825507468
-0.9999994624519171
-0.9999997100927605
-0.9999999185511717
-0.9999999595058116
-0.9999999867918052
-0.9999999933259929
-0.9999999965676121
-0.9999999965674811
-0.9999999933263719
-0.9999999867927927
-0.9999999595047642
-0.9999999185514981
-0.9999997100917881
-0.9999994624521381
-0.9999977825516075
-0.9999963309838523
-0.9999820349221843
-0.9999741438884182
-0.99984621849355
-0.9998114940644434
-0.9986132500912545
-0.9985749190447444
-0.9868468000689314
-0.9887887052233932
-0.8681762330568451
-0.9074226263924654
0.4304254925352059
-0.19219084057763425
18.508868364843664
18.507741358067136
-0.1922089549865309
0.43028845568282287
-0.907426715761838
-0.8681943936679724
-0.988789617266559
-0.9868492768817317
-0.9985750988422246
-0.9986135868987012
-0.9998115213931227
-0.9998462588450465
-0.9999741424576758
-0.9999820341085324
-0.9999963245590802
-0.9999977760627097
-0.9999994552177586
-0.9999997028317194
-0.999999911193061
-0.9999999521427508
-0.999999979416518
-0.9999999859496846
-0.9999999891895657
-0.9999999891895592
-0.9999999859489076
-0.9999999794159504
-0.9999999521426857
-0.999999911193346
-0.9999997028313626
-0.9999994552173368
-0.9999977760627311
-0.9999963245596357
-0.9999820341097064
-0.9999741424580872
-0.9998462588454211
-0.9998115213931102
-0.9986135868989676
-0.9985750988430453
-0.986849276881874
-0.9887896172666986
-0.8681943936663261
-0.9074267157614787
0.43028845568257834
-0.19220895498623347
18.507741358068238
18.505007483119684
-0.19225248929139474
0.42995809536633034
-0.9074364606377743
-0.8682379158211918
-0.9887917499919718
-0.9868551491737003
-0.998575498922841
-0.9986143623003283
-0.9998115675496754
-0.9998463368481254
-0.9999741234984014
-0.9999820169438309
-0.9999962946211303
-0.9999977460605007
-0.9999994235559811
-0.9999996711272572
-0.999999879276604
-0.9999999202161527
-0.9999999474643566
-0.9999999539954305
-0.9999999572334657
-0.999999957233219
-0.9999999539952784
-0.9999999474642469
-0.999999920216058
-0.9999998792764229
-0.9999996711270404
-0.9999994235561201
-0.9999977460606577
-0.9999962946206851
-0.9999820169437328
-0.9999741234981053
-0.9998463368482591
-0.9998115675493342
-0.9986143623005055
-0.9985754989228645
-0.9868551491737008
-0.9887917499913847
-0.8682379158208579
-0.907436460637266
0.4299580953664831
-0.1922524892916786
18.505007483120217
18.4983495772927
-0.1923573114956268
0.4291593467818347
-0.9074596398807606
-0.8683423421661995
-0.9887966801784345
-0.9868690265135189
-0.9985763454697751
-0.9986161077248913
-0.9998116008399307
-0.9998464485691876
-0.9999740118570508
-0.9999819104893197
-0.9999961594148618
-0.9999976109376807
-0.9999992847940047
-0.9999995323135042
-0.9999997400100525
-0.9999997809367843
-0.9999998081291881
-0.9999998146577179
-0.9999998178893057
-0.9999998178892792
-0.9999998146590404
-0.9999998081293553
-0.9999997809367247
-0.999999740009845
-0.9999995323137922
-0.9999992847943491
-0.9999976109374672
-0.999996159413987
-0.9999819104886729
-0.9999740118567286
-0.9998464485690919
-0.9998116008398323
-0.9986161077239828
-0.9985763454689878
-0.9868690265132444
-0.9887966801788358
-0.8683423421673018
-0.9074596398813142
0.4291593467811602
-0.19235731149779903
18.49834957729184
18.48205810441491
-0.1926101699867227
0.4272214993388512
-0.9075145528313548
-0.868593115271449
-0.9888078418594253
-0.9869016157581953
-0.9985779457873865
-0.9986198651092311
-0.9998113603688106
-0.999846402578483
-0.9999734564437894
-0.9999813699099175
-0.9999955550382134
-0.999997007348249
-0.9999986733652901
-0.9999989208725153
-0.9999991276244174
-0.9999991685393808
-0.9999991956209264
-0.9999992021470244
-0.9999992053674969
-0.9999992053678328
-0.9999992021470949
-0.9999991956197778
-0.9999991685404441
-0.9999991276249556
-0.9999989208722684
-0.9999986733645412
-0.9999970073470794
-0.999995555040279
-0.9999813699118203
-0.9999734564444298
-0.9998464025780409
-0.9998113603687295
-0.9986198651097429
-0.9985779457892361
-0.9869016157581321
-0.9888078418592842
-0.8685931152723048
-0.9075145528317939
0.4272214993372052
-0.19261016998515018
18.482058104418723
18.44195923458263
-0.1932211254519915
0.42250102418289703
-0.9076436041869711
-0.8691953949726698
-0.98883211789149
-0.9869772413684328
-0.9985800753693138
-0.9986271805975447
-0.9998094155434702
-0.9998449426139914
-0.9999708500385293
-0.9999788052237364
-0.9999928512983194
-0.9999943068623269
-0.9999959563534574
-0.9999962040829367
-0.9999964089072519
-0.9999964498337084
-0.9999964766942278
-0.9999964832205601
-0.9999964864194355
-0.9999964864189024
-0.9999964832217133
-0.9999964766953285
-0.9999964498342147
-0.9999964089079675
-0.9999962040827783
-0.9999959563536355
-0.9999943068623771
-0.9999928512970674
-0.9999788052228804
-0.9999708500382465
-0.9998449426136997
-0.9998094155435018
-0.9986271805971483
-0.9985800753694993
-0.986977241368633
-0.988832117891931
-0.8691953949734086
-0.907643604187267
0.42250102418344593
-0.19322112545149178
18.44195923458225
18.342524891355495
-0.1946988309470869
0.41094671468671606
-0.907942161191721
-0.8706398178803567
-0.9888805601724584
-0.9871487353537495
-0.9985781130563183
-0.9986377000937854
-0.9997987325887816
-0.9998354709077016
-0.9999588432882968
-0.9999669129599063
-0.9999806626222298
-0.9999821289349631
-0.99998374446159
-0.9999839932113681
-0.999984194212555
-0.9999842352382116
-0.999984261674758
-0.9999842682108132
-0.999984271367802
-0.9999842713678215
-0.9999842682115128
-0.9999842616740411
-0.9999842352368709
-0.9999841942119512
-0.9999839932116936
-0.9999837444626111
-0.9999821289352211
-0.9999806626221897
-0.9999669129597619
-0.9999588432882396
-0.9998354709071318
-0.9997987325887985
-0.9986377000921354
-0.9985781130559073
-0.9871487353524532
-0.9888805601732555
-0.8706398178813679
-0.9079421611920392
0.410946714687264
-0.1946988309469879
18.34252489135873
18.093536713807143
-0.19827175249692292
0.38250195235218737
-0.9086113948543684
-0.8740881954321806
-0.9889568800418124
-0.987519550108998
-0.9985429512572086
-0.9986325570751624
-0.9997458376398922
-0.9997855885682965
-0.9999034823670245
-0.9999118557415465
-0.9999249905682459
-0.9999264880001562
-0.9999280357745262
-0.9999282877725542
-0.9999284814167171
-0.9999285227850477
-0.9999285484343525
-0.9999285550062564
-0.9999285580882457
-0.9999285580876478
-0.999928555005316
-0.9999285484330385
-0.999928522785523
-0.999928481416441
-0.9999282877718139
-0.9999280357735562
-0.9999264879999799
-0.9999249905701113
-0.999911855743389
-0.9999034823669852
-0.9997855885692639
-0.9997458376398183
-0.9986325570751919
-0.998542951257705
-0.9875195501083849
-0.9889568800418089
-0.8740881954308399
-0.9086113948529244
0.38250195235032775
-0.19827175250026435
18.093536713809492
17.46166918660893
-0.20688345258419766
0.31199787199895634
-0.9100116116999526
-0.8822305972268369
-0.9889708146407516
-0.988235687303487
-0.9983217130033972
-0.9984831439611628
-0.9994913253870499
-0.9995384574807961
-0.9996448538762467
-0.999653996536078
-0.9996658973096564
-0.9996674759688596
-0.9996688931473142
-0.9996691537851702
-0.9996693337530511
-0.9996693760410378
-0.999669400270643
-0.9996694069390477
-0.9996694098899809
-0.9996694098898167
-0.9996694069392251
-0.99966940027159
-0.9996693760408153
-0.9996693337524212
-0.9996691537850539
-0.9996688931474589
-0.9996674759693633
-0.9996658973091466
-0.9996539965349287
-0.9996448538761173
-0.9995384574812978
-0.9994913253870505
-0.9984831439608663
-0.9983217130032016
-0.9882356873039578
-0.9889708146409256
-0.8822305972272673
-0.9100116116994778
0.31199787200046614
-0.20688345258383106
17.461669186611996
15.82666754049794
-0.22745869128064422
0.13591505592148642
-0.9124514456478989
-0.9009774594303296
-0.9882521913642878
-0.9891772150773352
-0.9971449318137718
-0.9974757983823828
-0.9982598173085627
-0.9983244758201446
-0.998407611666889
-0.9984185854154506
-0.9984281029912636
-0.9984298735238039
-0.9984310484968133
-0.9984313291863708
-0.9984314846702114
-0.9984315290387753
-0.9984315508071167
-0.9984315576858963
-0.9984315604142628
-0.9984315604139986
-0.9984315576860144
-0.9984315508056649
-0.9984315290387921
-0.9984314846696811
-0.9984313291865423
-0.9984310484969695
-0.998429873523512
-0.9984281029919173
-0.9984185854160214
-0.9984076116671567
-0.9983244758203397
-0.9982598173084746
-0.9974757983822173
-0.9971449318140884
-0.9891772150770057
-0.9882521913638687
-0.9009774594302263
-0.9124514456471189
0.1359150559204052
-0.2274586912811169
15.82666754049383
11.463171365651267
-0.27569400248574316
-0.3067013560752221
-0.9140479121268614
-0.9415811267828798
-0.9829668094259147
-0.9877418781996261
-0.9910787389064322
-0.9917968968637522
-0.9921219715894076
-0.9922260688445395
-0.992264079631066
-0.9922790777865478
-0.9922841707832797
-0.992286350122357
-0.9922870917554968
-0.9922874136096882
-0.9922875267451545
-0.9922875752000182
-0.9922875928617979
-0.9922876001309933
-0.9922876025033511
-0.9922876025032701
-0.9922876001304461
-0.9922875928608677
-0.992287575200851
-0.9922875267454934
-0.9922874136097011
-0.9922870917545912
-0.9922863501217614
-0.9922841707844374
-0.9922790777862734
-0.9922640796304346
-0.9922260688445308
-0.9921219715895417
-0.9917968968651465
-0.991078738907264
-0.9877418782001157
-0.982966809425684
-0.9415811267817313
-0.9140479121255255
-0.30670135607671
-0.275694002485887
11.463171365650664
-0.8631408714706923
-0.38551329448538807
-1.415538219035088
-0.8968321620629687
-1.0143783783774034
-0.9515630641236252
-0.9648116536587896
-0.9585758922437941
-0.9601180417070674
-0.9595539266676447
-0.9597395910223021
-0.9596932655634041
-0.9597164629668067
-0.9597133326193296
-0.9597163505230786
-0.959716261560347
-0.9597166705192861
-0.9597166957984073
-0.9597167533352564
-0.9597167611119051
-0.9597167693033414
-0.9597167706222904
-0.9597167706215892
-0.9597167693050724
-0.9597167611129348
-0.9597167533360862
-0.9597166957985641
-0.9597166705204876
-0.9597162615619024
-0.9597163505236648
-0.9597133326179332
-0.9597164629655781
-0.9596932655636362
-0.959739591021366
-0.959553926667351
-0.9601180417070503
-0.9585758922441691
-0.9648116536592639
-0.9515630641232675
-1.0143783783810485
-0.896832162063286
-1.4155382190354646
-0.38551329448109417
-0.8631408714666772
-40.87309936480209
-0.6476271650512049
-4.0500561494982055
-0.7074040217040378
-1.0031742219892252
-0.733251945390734
-0.7607100963760944
-0.739289659435348
-0.7418625231635796
-0.7402131870648494
-0.7404460097321603
-0.7403253302824002
-0.7403441716061119
-0.740335876893349
-0.7403369030189155
-0.7403363274082362
-0.7403362647182261
-0.7403362076689068
-0.7403361701762627
-0.7403361598498893
-0.7403361506597528
-0.740336148808239
-0.7403361488095206
-0.7403361506611629
-0.7403361598468282
-0.7403361701750033
-0.7403362076681703
-0.7403362647184919
-0.7403363274058514
-0.7403369030171647
-0.7403358768937822
-0.7403441716063982
-0.7403253302805434
-0.7404460097310114
-0.7402131870644386
-0.7418625231636333
-0.7392896594319092
-0.7607100963762765
-0.7332519453921524
-1.003174221991306
-0.7074040217027926
-4.0500561495037095
-0.6476271650575414
-40.87309936479564
-298.47207174357357
4.82842034408303
-1.48273596987794
18.86156381837295
18.64312403452286
20.465953739087926
20.481405226378115
20.66159023436333
20.667615188143483
20.686543533494266
20.68774177447095
20.68983132872156
20.690035494311317
20.690277209040424
20.69031007236697
20.690339374249668
20.690344551360077
20.69034827530996
20.69034908614159
20.6903495806669
20.690349705028535
20.690349764112
20.690349764114785
20.690349705030116
20.69034958066297
20.690349086146213
20.690348275311845
20.690344551355548
20.690339374255082
20.690310072364344
20.690277209042506
20.69003549430709
20.689831328724694
20.687741774468112
20.686543533497435
20.66761518814471
20.66159023437124
20.48140522636795
20.465953739107952
18.643124034502108
18.861563818380564
-1.482735969873176
4.82842034407785
-298.47207174357817