-381.16390805754276
-4.004024950990324
-13.998948170322048
15.175240553972362
16.305088951195344
20.228908530852205
20.924895420184427
21.665892841971925
21.90071016622575
22.074184667756406
22.14575127204779
22.19170328262924
22.213221149431668
22.226287164501436
22.23282582528502
22.23670868560774
22.238729505868015
22.239919514198554
22.240555203220552
22.24092863404519
22.241131833222955
22.241251011603346
22.241316359881292
22.24135391781187
22.241373301754173
22.24138189181486
22.241381891801524
22.241373301765265
22.241353917809064
22.241316359885907
22.241251011602216
22.2411318332208
22.240928634047265
22.240555203205684
22.239919514205233
22.23872950586223
22.236708685611887
22.232825825274084
22.22628716450216
22.21322114943336
22.191703282625618
22.145751272072175
22.07418466774739
21.900710166230738
21.665892841962098
20.924895420186576
20.228908530871177
16.305088951179265
15.175240553971953
-13.998948170321157
-4.004024950973905
-381.16390805749154
-36.947391214701774
-7.971641097794168
-6.628317381662959
-2.770004181844887
-0.7763212871485875
-0.024201012985425593
0.6158941181282132
0.8104168146737097
0.9888639292793474
1.0461210055339558
1.0956638986688692
1.1133144126900443
1.1274361188794857
1.1329778351316695
1.137128371518015
1.138888357805041
1.1401429338394844
1.1407077966206711
1.1410963237435396
1.1412795303003027
1.1414023074194115
1.1414621916779704
1.1415013437554076
1.1415205321822905
1.1415320803365328
1.1415365091443386
1.141536509144526
1.14153208033496
1.1415205321821156
1.1415013437543005
1.1414621916796497
1.1414023074201554
1.1412795303002177
1.1410963237442584
1.1407077966216561
1.1401429338388693
1.1388883578046332
1.1371283715179414
1.1329778351306836
1.1274361188791193
1.113314412692807
1.095663898668048
1.0461210055358607
0.988863929277068
0.8104168146745923
0.615894118125369
-0.024201012984806605
-0.77632128714913
-2.7700041818452905
-6.628317381659147
-7.971641097799396
-36.947391214673104
-8.603083905457709
-1.9412258149566037
-3.6360953056184764
-1.5896454270014853
-1.5363980506004438
-0.9547955098442948
-0.8602115085059708
-0.6908437641005195
-0.6511068451440432
-0.6010392770286348
-0.5869935857027271
-0.572010360890664
-0.5672738561330266
-0.5627299797573988
-0.5611551350368462
-0.5597569456270541
-0.5592347462924785
-0.5587979462821467
-0.5586244367163764
-0.5584859175951251
-0.5584280717002414
-0.5583836121369828
-0.5583644212006408
-0.5583503676171022
-0.558344559291322
-0.558341340383435
-0.5583413403825228
-0.5583445592910448
-0.5583503676169232
-0.5583644212005785
-0.5583836121369004
-0.5584280717000465
-0.5584859175948503
-0.558624436715834
-0.558797946281613
-0.5592347462918972
-0.559756945627653
-0.5611551350359945
-0.5627299797580241
-0.5672738561323827
-0.5720103608904274
-0.5869935857029556
-0.6010392770297159
-0.6511068451441188
-0.6908437641008522
-0.8602115085069151
-0.9547955098445011
-1.5363980506012287
-1.589645427000264
-3.6360953056210628
-1.941225814954958
-8.603083905473653
7.8834911495541276
-0.6466709683527403
-0.8678184161071163
-1.1723113539600072
-1.0724399809705236
-1.0444554919815947
-0.9680629590306145
-0.9461027477628049
-0.9136648425050911
-0.9045174977833763
-0.892823650938116
-0.8894440162742535
-0.8854889036075492
-0.8842936171313482
-0.8829906185338385
-0.8825760759191177
-0.8821507575412304
-0.8820083124298231
-0.8818695528278886
-0.8818208257015188
-0.8817753880664165
-0.881758807415447
-0.8817439588262159
-0.8817384980312515
-0.8817340483890665
-0.8817327701299662
-0.8817327701297937
-0.881734048389006
-0.8817384980312529
-0.8817439588262629
-0.8817588074152374
-0.881775388066502
-0.8818208257017017
-0.8818695528274336
-0.8820083124298026
-0.8821507575408678
-0.8825760759195007
-0.882990618533882
-0.8842936171314452
-0.8854889036076117
-0.8894440162736985
-0.8928236509384884
-0.9045174977834723
-0.913664842505074
-0.9461027477627665
-0.9680629590306922
-1.0444554919814044
-1.0724399809706828
-1.1723113539589427
-0.867818416109823
-0.6466709683515901
7.883491149539968
13.737465440098998
0.08527091787672522
0.13885992191188673
-0.7810538479202462
-0.8680251846940916
-0.948208349776971
-0.96783466843017
-0.9689461645190197
-0.971108926454641
-0.9674270680280421
-0.9670454358048144
-0.9650650843426315
-0.9646888224989043
-0.9638800448119267
-0.9636985844173518
-0.9633989930485936
-0.9633254720256401
-0.9632194155317486
-0.9631917493472683
-0.9631550414140386
-0.9631450440180371
-0.9631325006144372
-0.9631290163820999
-0.9631248713237688
-0.9631237908332676
-0.9631228168793848
-0.9631228168795505
-0.9631237908330765
-0.963124871323932
-0.9631290163822694
-0.9631325006141581
-0.9631450440180489
-0.9631550414140482
-0.9631917493471456
-0.9632194155317146
-0.9633254720256959
-0.9633989930487357
-0.9636985844173341
-0.9638800448118368
-0.9646888224990671
-0.9650650843422903
-0.9670454358050362
-0.967427068028043
-0.9711089264546301
-0.968946164518989
-0.9678346684299379
-0.9482083497772311
-0.8680251846935404
-0.7810538479205169
0.13885992191250718
0.08527091787665715
13.737465440100674
16.748602655668478
0.3948978281663962
0.6993429157789921
-0.6083702208723274
-0.7186829884512073
-0.8960360733999786
-0.9355635506777331
-0.9673704517899772
-0.9768112180884554
-0.983374857521725
-0.9852286510813614
-0.9866679289976596
-0.9869407862947599
-0.9872634562213165
-0.9872686161899435
-0.9873411561158747
-0.9873219929245096
-0.9873381695747528
-0.9873266981354799
-0.9873302704433338
-0.9873251903598161
-0.987325988976393
-0.987323994444893
-0.9873241847217189
-0.9873235160582404
-0.9873235545520407
-0.9873235545520483
-0.9873235160580203
-0.9873241847217642
-0.9873239944451804
-0.987325988976019
-0.9873251903596316
-0.9873302704432494
-0.9873266981356889
-0.9873381695748593
-0.9873219929247361
-0.9873411561160117
-0.9872686161898534
-0.987263456221472
-0.9869407862947466
-0.9866679289978031
-0.9852286510811417
-0.9833748575218818
-0.9768112180882678
-0.9673704517900721
-0.9355635506776632
-0.8960360734000945
-0.7186829884506194
-0.6083702208728947
0.699342915780873
0.39489782816652524
16.748602655674162
18.130775101686375
0.5566106261342258
0.9604438187668799
-0.5082711111842108
-0.6456207668467846
-0.8582752998472523
-0.9165789576156416
-0.9584307241609077
-0.9758263911311862
-0.985476750767499
-0.9903014211937492
-0.9926895124800292
-0.994015961409659
-0.9946256854400213
-0.994995182603698
-0.9951534606431917
-0.9952587352298801
-0.9953003432288385
-0.995331186756838
-0.9953422632417332
-0.9953515880882043
-0.9953545714620895
-0.9953574655190995
-0.9953582632999334
-0.9953591092587014
-0.9953592712641547
-0.995359271264161
-0.9953591092585724
-0.9953582632999705
-0.9953574655192374
-0.9953545714619179
-0.9953515880884303
-0.9953422632417566
-0.9953311867568804
-0.9953003432288927
-0.9952587352299893
-0.9951534606433309
-0.9949951826034572
-0.9946256854401887
-0.9940159614095201
-0.9926895124803901
-0.9903014211934849
-0.9854767507672848
-0.9758263911310454
-0.9584307241605274
-0.9165789576157575
-0.8582752998472285
-0.6456207668465849
-0.508271111184508
0.9604438187676132
0.5566106261342354
18.130775101687128
18.836833285796214
0.6356939347334138
1.0981826417606122
-0.4583747309259406
-0.6039083809340378
-0.838308970217908
-0.9035520838646514
-0.9526329105827158
-0.9729819904954752
-0.9852575066317966
-0.9911535771219416
-0.9944989440569525
-0.996187075747687
-0.9971404561576038
-0.9976269887007106
-0.9979067654049447
-0.9980488485714147
-0.9981329820512269
-0.998175148679225
-0.9982010477515646
-0.9982137753932996
-0.9982219189554267
-0.9982257982595681
-0.9982283448489835
-0.9982294464578545
-0.9982300279664809
-0.9982300279667697
-0.9982294464577235
-0.9982283448493181
-0.9982257982593875
-0.998221918955407
-0.9982137753935163
-0.9982010477511247
-0.9981751486793553
-0.998132982051134
-0.9980488485712183
-0.9979067654050948
-0.9976269887006126
-0.9971404561576784
-0.9961870757475957
-0.9944989440569557
-0.9911535771218167
-0.9852575066317544
-0.9729819904954968
-0.952632910582401
-0.9035520838646554
-0.8383089702179007
-0.603908380933795
-0.45837473092569836
1.0981826417598994
0.6356939347344335
18.836833285790647
19.1878014303728
0.6768675764269627
1.1675504972269939
-0.4313544614071375
-0.5823374600528451
-0.826713276842776
-0.8963761095119398
-0.9486442145711225
-0.9710202013997907
-0.9844215065957203
-0.991133990754318
-0.9948784841615879
-0.996877672714358
-0.9979691189647593
-0.9985704401671054
-0.9988966216689728
-0.9990802196483037
-0.9991795325067165
-0.9992365359348634
-0.9992672696273364
-0.9992852694138454
-0.9992949042672967
-0.999300638472681
-0.9993036191504101
-0.9993053109128138
-0.9993059836519065
-0.9993059836527287
-0.9993053109127781
-0.9993036191508161
-0.9993006384725898
-0.9992949042672432
-0.9992852694138004
-0.9992672696268909
-0.9992365359352342
-0.9991795325066672
-0.9990802196485186
-0.9988966216687636
-0.9985704401671437
-0.9979691189645676
-0.9968776727142441
-0.9948784841617022
-0.9911339907542751
-0.9844215065958519
-0.9710202013998233
-0.9486442145710916
-0.8963761095117471
-0.8267132768430501
-0.5823374600523952
-0.43135446140704414
1.1675504972266801
0.6768675764276577
19.18780143037111
19.369049141875216
0.6979801619472714
1.204014149303629
-0.4173132158473693
-0.5705995022460733
-0.8205038616421745
-0.892205658191266
-0.9463569691855848
-0.9696745432839008
-0.9837940279150048
-0.9908842401306096
-0.9949065484007964
-0.9970479297904987
-0.9982452214254396
-0.9988978629896768
-0.9992635835357682
-0.9994650940795509
-0.999578934445086
-0.9996420077207109
-0.9996780188051109
-0.9996980149481158
-0.9997095500123798
-0.9997159155167864
-0.9997195565229511
-0.9997214265360103
-0.9997222599028708
-0.9997222599033431
-0.9997214265359973
-0.9997195565231701
-0.9997159155165809
-0.9997095500123158
-0.99969801494806
-0.9996780188043379
-0.9996420077212275
-0.9995789344451269
-0.9994650940798155
-0.9992635835354964
-0.9988978629897445
-0.9982452214251678
-0.9970479297903444
-0.994906548401332
-0.9908842401306741
-0.983794027914918
-0.9696745432836071
-0.9463569691855743
-0.8922056581911473
-0.8205038616424885
-0.5705995022460473
-0.4173132158478535
1.2040141493033234
0.6979801619482373
19.369049141874974
19.46220463236797
0.7090589798955345
1.2229573356523011
-0.40980210841144316
-0.5643967415041341
-0.8170739190901679
-0.8899275295051472
-0.9450120750930214
-0.9688816429722158
-0.9833552716434006
-0.9906789538199235
-0.9948378579739589
-0.9970730048766182
-0.9983220269820143
-0.9990111344795326
-0.9993959230908197
-0.9996112833830852
-0.9997319576674656
-0.9998001992138252
-0.9998385917793369
-0.9998604916614555
-0.9998728310378802
-0.9998798848500949
-0.9998837826062716
-0.9998858753861215
-0.9998867668041697
-0.9998867668047337
-0.9998858753860669
-0.9998837826063683
-0.9998798848501196
-0.9998728310376849
-0.9998604916614928
-0.9998385917792186
-0.999800199214496
-0.9997319576674011
-0.9996112833833398
-0.9993959230905038
-0.9990111344799674
-0.9983220269820625
-0.997073004876795
-0.9948378579742461
-0.9906789538197602
-0.9833552716430113
-0.9688816429719793
-0.9450120750930905
-0.8899275295047351
-0.8170739190902696
-0.564396741503818
-0.4098021084112841
1.2229573356525085
0.7090589798970683
19.462204632368724
19.510864053889943
0.7148602376830503
1.232968111291005
-0.40583058881821044
-0.5610571748916509
-0.8152272589179491
-0.8886608822377946
-0.944262350262852
-0.9684119665329877
-0.9830891208529082
-0.9905318354901733
-0.9947728496546996
-0.9970559662416882
-0.9983377681400635
-0.9990455303158217
-0.9994431557121646
-0.9996655549703983
-0.9997911604282919
-0.9998619848415551
-0.9999022406942694
-0.9999250621205874
-0.9999380942637046
-0.9999454649956162
-0.9999496089991327
-0.9999517985450747
-0.9999527505614676
-0.9999527505619319
-0.9999517985448851
-0.9999496089992028
-0.9999454649958365
-0.9999380942637938
-0.9999250621203137
-0.9999022406941518
-0.9998619848420112
-0.9997911604278646
-0.9996655549706028
-0.999443155711844
-0.9990455303162553
-0.9983377681398559
-0.997055966241815
-0.9947728496547121
-0.9905318354899363
-0.9830891208528086
-0.9684119665328483
-0.944262350263137
-0.8886608822376714
-0.815227258918026
-0.5610571748922928
-0.4058305888179715
1.2329681112906634
0.7148602376835146
19.510864053889676
19.536310208285826
0.7179290989625919
1.238248655908134
-0.40370615297937673
-0.5592748953168596
-0.814221888244463
-0.8879712363806569
-0.9438412725649458
-0.968146356521145
-0.982929545013584
-0.9904402111685051
-0.994724233524068
-0.9970357214867389
-0.9983347888391831
-0.9990540620753229
-0.9994584704060758
-0.9996854333589271
-0.9998136389467718
-0.9998862373264058
-0.9999274649104763
-0.9999509638314887
-0.9999643488490113
-0.9999719717031281
-0.9999762367646623
-0.9999785094591052
-0.9999794903395294
-0.9999794903400325
-0.9999785094592956
-0.9999762367647573
-0.9999719717031725
-0.9999643488491752
-0.9999509638310182
-0.9999274649102974
-0.9998862373267168
-0.999813638946265
-0.9996854333589991
-0.9994584704056693
-0.9990540620754218
-0.9983347888385137
-0.9970357214865462
-0.9947242335241715
-0.9904402111684165
-0.9829295450137987
-0.9681463565210413
-0.9438412725657006
-0.8879712363804009
-0.8142218882445539
-0.5592748953175973
-0.40370615297873935
1.23824865590766
0.7179290989627857
19.536310208283673
19.549724777459176
0.7195545460518062
1.2410562271397736
-0.40257279342849084
-0.5583163268430194
-0.8136791865362483
-0.8875934513288544
-0.943609267314278
-0.9679961073841932
-0.9828379647108832
-0.9903846101591756
-0.9946930197492878
-0.9970196459429577
-0.9983288011523586
-0.9990542626147776
-0.9994627771720229
-0.9996922069549166
-0.999822053216922
-0.9998956114057455
-0.9999374826644669
-0.9999613457756433
-0.9999749781866232
-0.9999827344254877
-0.9999870897153654
-0.9999894054735151
-0.9999904088821775
-0.9999904088825373
-0.9999894054735772
-0.99998708971531
-0.9999827344255543
-0.9999749781867995
-0.9999613457752838
-0.9999374826644962
-0.9998956114061948
-0.9998220532164416
-0.9996922069549272
-0.9994627771712202
-0.9990542626147493
-0.9983288011520488
-0.9970196459429679
-0.9946930197499226
-0.9903846101589315
-0.9828379647109697
-0.9679961073837331
-0.9436092673146221
-0.8875934513281902
-0.8136791865365325
-0.5583163268437839
-0.40257279342809804
1.2410562271397074
0.7195545460517081
19.549724777460035
19.556813625357083
0.7204200678604311
1.242550342362307
-0.40196489439170474
-0.5578019097732333
-0.8133849202019379
-0.8873880618119594
-0.9434811920938568
-0.9679125975161758
-0.9827857157138657
-0.9903522865265176
-0.9946737815546136
-0.9970089650182578
-0.9983235783163492
-0.9990526270624964
-0.9994633820415741
-0.999694285311542
-0.9998250328497595
-0.9998991848575446
-0.9999414107994886
-0.9999655086636551
-0.9999792770137115
-0.9999871232899733
-0.9999915277138154
-0.9999938738209319
-0.9999948893807121
-0.9999948893810221
-0.9999938738208359
-0.9999915277137681
-0.9999871232898176
-0.9999792770135831
-0.9999655086636554
-0.9999414107990214
-0.9998991848580043
-0.9998250328495351
-0.999694285311888
-0.999463382041238
-0.9990526270629538
-0.9983235783164368
-0.9970089650181492
-0.9946737815554146
-0.9903522865260679
-0.982785715714378
-0.9679125975158553
-0.9434811920941902
-0.8873880618115644
-0.8133849202019677
-0.5578019097737501
-0.4019648943911259
1.2425503423623483
0.7204200678612166
19.556813625356156
19.560577206599497
0.7208818191144085
1.243348887203111
-0.4016388087671674
-0.55752481512679
-0.8132257885877132
-0.8872761395643474
-0.9434110204849813
-0.967866231667141
-0.9827564170795904
-0.9903336999426942
-0.9946624427953896
-0.9970022627887337
-0.998319954352181
-0.9990509639895506
-0.99946301043537
-0.9996947263411993
-0.999826006996059
-0.9999004889968821
-0.9999429311544032
-0.9999671600798661
-0.9999810141997298
-0.9999889107569374
-0.9999933473071301
-0.999995710306608
-0.9999967340189944
-0.9999967340195426
-0.9999957103065789
-0.9999933473074148
-0.9999889107568363
-0.999981014199548
-0.9999671600803063
-0.9999429311539008
-0.9999004889968497
-0.9998260069957972
-0.9996947263412856
-0.9994630104356308
-0.999050963989835
-0.998319954352337
-0.9970022627886118
-0.9946624427957671
-0.9903336999420743
-0.9827564170793086
-0.96786623166713
-0.943411020485271
-0.8872761395640374
-0.8132257885873441
-0.557524815126567
-0.4016388087667846
1.243348887202868
0.720881819113905
19.56057720659996
19.5625801174674
0.721128956052896
1.2437763363430476
-0.40146337495489903
-0.5573755609161533
-0.8131395509699115
-0.8872153142989003
-0.9433725595551626
-0.9678406786661888
-0.9827400487766035
-0.9903231967689878
-0.9946558652277919
-0.9969982563042687
-0.9983176284495314
-0.9990497428289987
-0.9994625006767807
-0.9996946832339434
-0.9998262602304548
-0.9999009360296657
-0.999943499348358
-0.9999678072593922
-0.9999817097206849
-0.9999896374464989
-0.999994092151824
-0.9999964658905421
-0.9999974942111198
-0.9999974942111967
-0.9999964658903155
-0.9999940921516202
-0.999989637446514
-0.9999817097204742
-0.9999678072598264
-0.9999434993477337
-0.9999009360298869
-0.9998262602303187
-0.9996946832337987
-0.999462500676773
-0.9990497428285167
-0.9983176284494002
-0.9969982563040557
-0.9946558652281172
-0.9903231967692026
-0.9827400487766162
-0.9678406786664981
-0.9433725595553317
-0.8872153142988608
-0.8131395509697115
-0.5573755609163197
-0.401463374955243
1.2437763363427212
0.7211289560527221
19.562580117465743
19.563649299703542
0.7212614678430492
1.24400575613857
-0.40136890937040737
-0.557294994937646
-0.8130928434493622
-0.8871822227360697
-0.9433515436350375
-0.9678266105629986
-0.9827309743755531
-0.9903172963516929
-0.9946521187742086
-0.9969959106011893
-0.9983162156486111
-0.9990489367344288
-0.9994620951449602
-0.9996945362630749
-0.9998262829674461
-0.9999010671225385
-0.9999437012056709
-0.9999680536478024
-0.999981984971404
-0.9999899303845252
-0.9999943961709308
-0.9999967760277166
-0.9999978072049223
-0.9999978072052949
-0.9999967760279744
-0.9999943961710351
-0.9999899303843528
-0.9999819849714797
-0.9999680536480082
-0.9999437012057596
-0.999901067122718
-0.9998262829670079
-0.9996945362630667
-0.9994620951443255
-0.9990489367340893
-0.9983162156485295
-0.9969959106010543
-0.9946521187747615
-0.9903172963516869
-0.9827309743754797
-0.9678266105629677
-0.9433515436350591
-0.8871822227359798
-0.8130928434491178
-0.5572949949377008
-0.4013689093699707
1.2440057561387992
0.7212614678438201
19.563649299702426
19.564221215277655
0.7213326745824555
1.2441290763015886
-0.40131794723742864
-0.5572514788723647
-0.813067514682043
-0.8871642344017194
-0.943340059542821
-0.9678188910019649
-0.9827259553993737
-0.9903140083130851
-0.9946500018855504
-0.9969945640678128
-0.9983153797750417
-0.999048438068737
-0.9994618174816956
-0.9996944041627623
-0.9998262453182525
-0.9999010914037584
-0.9999437652240303
-0.999968143559484
-0.9999820912253374
-0.9999900471138341
-0.9999945192165534
-0.9999969027555932
-0.9999979355671529
-0.999997935567313
-0.9999969027553676
-0.999994519216709
-0.9999900471136405
-0.999982091225766
-0.9999681435592165
-0.9999437652241026
-0.9999010914037177
-0.9998262453183646
-0.9996944041628484
-0.9994618174814931
-0.9990484380689353
-0.9983153797751168
-0.9969945640678742
-0.9946500018857287
-0.9903140083131944
-0.9827259553991683
-0.9678188910018943
-0.9433400595434824
-0.8871642344016875
-0.8130675146819346
-0.5572514788724452
-0.4013179472371008
1.2441290763017285
0.7213326745825663
19.564221215277126
19.564527794627573
0.7213709957897254
1.2441954843543876
-0.40129042801467457
-0.5572279425319804
-0.8130537776233497
-0.8871544502198818
-0.9433337920897233
-0.9678146582996691
-0.9827231898271762
-0.9903121824062697
-0.9946488162023063
-0.9969937988736255
-0.9983148959594624
-0.9990481395420541
-0.9994616419244149
-0.9996943092086513
-0.9998262035355638
-0.9999010842050226
-0.9999437806997953
-0.9999681736203259
-0.9999821307527115
-0.9999900925888424
-0.9999945684047276
-0.9999969540468143
-0.9999979878288308
-0.9999979878287302
-0.9999969540467144
-0.9999945684046487
-0.9999900925888867
-0.9999821307528741
-0.9999681736201986
-0.9999437807000112
-0.9999010842045062
-0.9998262035360446
-0.9996943092087817
-0.999461641925053
-0.9990481395423176
-0.9983148959595703
-0.9969937988736964
-0.9946488162022107
-0.9903121824063179
-0.9827231898271755
-0.9678146582992949
-0.9433337920900233
-0.8871544502192448
-0.8130537776231257
-0.5572279425315413
-0.4012904280142663
1.2441954843545475
0.7213709957901588
19.564527794626287
19.5646923780473
0.7213916471142291
1.244231283475487
-0.4012755517475568
-0.5572152059197617
-0.8130463228301585
-0.8871491302996364
-0.9433303723624942
-0.9678123416066973
-0.9827216685337903
-0.9903111728512821
-0.9946481552552164
-0.9969933682773956
-0.9983146194118262
-0.9990479652532249
-0.9994615353985075
-0.9996942475690221
-0.9998261714159387
-0.9999010715501109
-0.9999437807362593
-0.9999681819660284
-0.9999821444407592
-0.99999010970852
-0.9999945876353238
-0.999996974503623
-0.999998008840038
-0.9999980088396947
-0.9999969745036992
-0.999994587634754
-0.999990109708225
-0.9999821444407582
-0.9999681819660994
-0.9999437807367184
-0.9999010715500493
-0.9998261714164336
-0.9996942475690133
-0.9994615353989027
-0.9990479652529944
-0.9983146194120356
-0.9969933682775591
-0.9946481552551671
-0.9903111728509625
-0.98272166853379
-0.967812341606024
-0.9433303723629451
-0.8871491302995744
-0.8130463228299636
-0.5572152059199076
-0.40127555174736607
1.2442312834751108
0.7213916471138728
19.564692378048953
19.564780793438217
0.7214027793246436
1.2442505893816822
-0.4012675105849691
-0.557208313393158
-0.8130422797549819
-0.8871462392826834
-0.9433285092007111
-0.9678110754677196
-0.9827208341500406
-0.990310616413327
-0.9946477888969769
-0.9969931275747567
-0.9983144631799403
-0.9990478650999234
-0.9994614726618423
-0.9996942096038948
-0.9998261498876891
-0.999901060841359
-0.9999437771627246
-0.9999681830465192
-0.9999821485567524
-0.9999901157611821
-0.9999945948994398
-0.9999969824641237
-0.9999980171209375
-0.9999980171207541
-0.9999969824641668
-0.9999945948991265
-0.999990115760724
-0.999982148556757
-0.9999681830463754
-0.9999437771632194
-0.9999010608409298
-0.9998261498876284
-0.9996942096039996
-0.9994614726623745
-0.9990478650994297
-0.9983144631803149
-0.9969931275747308
-0.9946477888971754
-0.990310616413525
-0.9827208341503075
-0.9678110754675806
-0.9433285092008935
-0.8871462392831952
-0.8130422797549017
-0.5572083133932587
-0.40126751058441545
1.2442505893825326
0.721402779324628
19.564780793436633
19.564828187108915
0.7214087658761477
1.244260974424499
-0.401263175574768
-0.557204594418439
-0.8130400936858839
-0.8871446737836255
-0.9433274978161863
-0.9678103865905806
-0.9827203786641385
-0.9903103115789831
-0.9946475871642831
-0.9969929942396489
-0.9983143758574174
-0.9990478084652378
-0.9994614365131493
-0.9996941870985325
-0.9998261364354812
-0.9999010533935241
-0.999943773671423
-0.9999681821608738
-0.9999821493659835
-0.999990117664371
-0.9999945974836226
-0.9999969854450579
-0.9999980202829983
-0.9999980202825866
-0.999996985445341
-0.9999945974837043
-0.9999901176641526
-0.999982149366289
-0.9999681821607145
-0.9999437736723826
-0.9999010533929942
-0.9998261364356464
-0.99969418709834
-0.9994614365129562
-0.9990478084649497
-0.9983143758574378
-0.9969929942392541
-0.9946475871640812
-0.9903103115788455
-0.9827203786641686
-0.9678103865907477
-0.9433274978163337
-0.8871446737837848
-0.813040093685712
-0.5572045944180724
-0.4012631755745666
1.2442609744248174
0.721408765875013
19.564828187108
19.564853303794806
0.7214119474706293
1.2442664952528544
-0.40126086677849554
-0.5572026120835047
-0.8130389264958116
-0.8871438367615383
-0.9433269560500821
-0.9678100168074542
-0.9827201335593838
-0.9903101470232268
-0.9946474778623677
-0.9969929216262781
-0.9983143280011988
-0.9990477771352159
-0.9994614162595199
-0.9996941742275098
-0.9998261284884471
-0.9999010487134894
-0.9999437711579038
-0.9999681810730598
-0.9999821492134973
-0.9999901181146502
-0.999994598312373
-0.9999969864932392
-0.999998021431834
-0.9999980214313147
-0.9999969864930978
-0.9999945983119611
-0.9999901181145231
-0.9999821492140961
-0.9999681810733262
-0.999943771158494
-0.9999010487126554
-0.9998261284888226
-0.999694174227357
-0.9994614162600648
-0.9990477771350694
-0.9983143280014053
-0.9969929216264559
-0.9946474778619306
-0.9903101470235742
-0.9827201335591926
-0.9678100168073398
-0.9433269560498594
-0.8871438367617396
-0.8130389264952591
-0.5572026120833002
-0.40126086677790535
1.2442664952524172
0.7214119474702358
19.56485330379355
19.564866028518267
0.7214135631767167
1.2442692994292814
-0.4012596922649279
-0.5572016030436575
-0.813038331544615
-0.8871434096781987
-0.9433266791835895
-0.9678098275511459
-0.9827200078557712
-0.9903100624443968
-0.9946474215133566
-0.9969928840606257
-0.9983143031206616
-0.999047760744967
-0.9994614055644482
-0.9996941673406288
-0.9998261241430033
-0.999901046061327
-0.999943769629263
-0.9999681802884257
-0.9999821489161338
-0.9999901181330906
-0.9999945985290789
-0.9999969868254839
-0.9999980218171938
-0.9999980218166218
-0.9999969868254724
-0.9999945985289691
-0.9999901181330867
-0.9999821489164897
-0.9999681802885667
-0.9999437696304116
-0.9999010460610781
-0.9998261241434129
-0.9996941673402404
-0.999461405564614
-0.999047760745426
-0.9983143031215255
-0.9969928840610045
-0.9946474215131864
-0.9903100624449355
-0.9827200078553522
-0.9678098275511495
-0.943326679183066
-0.8871434096780019
-0.8130383315443985
-0.5572016030430822
-0.40125969226514785
1.2442692994301474
0.7214135631768068
19.564866028516438
19.56487135066221
0.7214142400083519
1.2442704742989568
-0.4012591996835481
-0.5572011796769625
-0.8130380816991292
-0.8871432301977195
-0.9433265627202283
-0.9678097478567982
-0.9827199548585434
-0.9903100267306715
-0.9946473976781509
-0.9969928681329807
-0.9983142925414927
-0.9990477537469138
-0.9994614009734593
-0.9996941643599371
-0.9998261222400542
-0.9999010448768231
-0.9999437689229496
-0.999968179898221
-0.9999821487338918
-0.999990118085839
-0.9999945985664884
-0.9999969869125294
-0.9999980219267226
-0.999998021926235
-0.9999969869122896
-0.9999945985662568
-0.9999901180856451
-0.9999821487342376
-0.9999681798983426
-0.9999437689233449
-0.9999010448766021
-0.9998261222400651
-0.999694164359971
-0.999461400973813
-0.9990477537470372
-0.9983142925415502
-0.9969928681325256
-0.994647397678056
-0.990310026731093
-0.9827199548585138
-0.9678097478569131
-0.943326562720038
-0.8871432301980611
-0.8130380816984353
-0.5572011796767141
-0.401259199683556
1.244270474299902
0.7214142400071383
19.564871350662223
19.564871350590707
0.7214142400092866
1.2442704742956372
-0.4012591996836476
-0.557201179676885
-0.81303808169919
-0.8871432301971508
-0.9433265627202383
-0.9678097478563898
-0.9827199548585589
-0.9903100267306686
-0.9946473976784829
-0.9969928681334717
-0.9983142925418149
-0.9990477537470779
-0.9994614009735654
-0.9996941643600514
-0.999826122240451
-0.9999010448773045
-0.9999437689232276
-0.9999681798984275
-0.9999821487340499
-0.9999901180861075
-0.9999945985663763
-0.9999969869124136
-0.999998021926694
-0.9999980219261119
-0.9999969869123742
-0.9999945985664551
-0.9999901180858279
-0.9999821487343314
-0.9999681798983436
-0.9999437689233376
-0.9999010448765604
-0.9998261222403841
-0.9996941643602166
-0.9994614009735354
-0.9990477537467597
-0.9983142925413192
-0.9969928681326352
-0.99464739767823
-0.9903100267311533
-0.9827199548581218
-0.9678097478569294
-0.943326562719863
-0.8871432301979143
-0.8130380816984437
-0.5572011796767837
-0.4012591996832648
1.244270474295285
0.7214142400075835
19.56487135059134
19.564866028561617
0.7214135631778167
1.2442692994313103
-0.4012596922643641
-0.5572016030432265
-0.8130383315446043
-0.8871434096776295
-0.9433266791834204
-0.9678098275507272
-0.9827200078559228
-0.9903100624444161
-0.9946474215136079
-0.9969928840610369
-0.9983143031210362
-0.9990477607452153
-0.9994614055645816
-0.9996941673406541
-0.999826124143057
-0.9999010460614879
-0.9999437696297316
-0.9999681802888294
-0.9999821489165039
-0.9999901181331938
-0.9999945985289576
-0.9999969868253358
-0.9999980218172178
-0.9999980218167555
-0.9999969868257846
-0.9999945985289529
-0.9999901181331712
-0.9999821489164142
-0.9999681802883872
-0.9999437696302783
-0.9999010460611554
-0.9998261241433125
-0.9996941673401804
-0.999461405564312
-0.9990477607448803
-0.998314303121047
-0.9969928840611184
-0.9946474215131194
-0.9903100624448911
-0.9827200078553979
-0.9678098275511713
-0.9433266791831854
-0.8871434096779558
-0.8130383315445268
-0.5572016030434833
-0.401259692264455
1.2442692994321014
0.7214135631779852
19.564866028563568
19.564853303779103
0.7214119474716292
1.2442664952521887
-0.4012608667779091
-0.5572026120835647
-0.8130389264955054
-0.8871438367615403
-0.9433269560499782
-0.9678100168073391
-0.982720133559223
-0.9903101470232656
-0.9946474778622553
-0.9969929216261371
-0.9983143280014498
-0.9990477771351216
-0.9994614162598144
-0.9996941742274624
-0.9998261284883152
-0.999901048713335
-0.9999437711579442
-0.999968181072872
-0.9999821492134855
-0.9999901181144939
-0.9999945983124376
-0.9999969864930592
-0.9999980214319212
-0.9999980214314013
-0.9999969864929729
-0.9999945983120422
-0.9999901181142865
-0.999982149213492
-0.9999681810732008
-0.9999437711583845
-0.9999010487128347
-0.9998261284885094
-0.9996941742275964
-0.9994614162601878
-0.9990477771353414
-0.9983143280016249
-0.9969929216261199
-0.9946474778624728
-0.9903101470233229
-0.9827201335589446
-0.9678100168073802
-0.9433269560496288
-0.887143836762091
-0.8130389264957163
-0.5572026120833713
-0.4012608667776412
1.2442664952527858
0.7214119474716507
19.56485330377724
19.564828187088928
0.7214087658745092
1.2442609744237596
-0.40126317557517166
-0.5572045944187562
-0.8130400936863109
-0.8871446737837984
-0.9433274978164539
-0.9678103865910306
-0.982720378664135
-0.9903103115790537
-0.994647587164139
-0.9969929942394606
-0.9983143758573211
-0.9990478084648086
-0.9994614365131675
-0.9996941870983788
-0.9998261364354066
-0.9999010533932345
-0.999943773671373
-0.9999681821606172
-0.9999821493660868
-0.9999901176644375
-0.9999945974837483
-0.9999969854454375
-0.9999980202831165
-0.999998020282665
-0.999996985445238
-0.9999945974836015
-0.9999901176643051
-0.9999821493663276
-0.9999681821608131
-0.9999437736718402
-0.9999010533932038
-0.9998261364354977
-0.9996941870985809
-0.9994614365130097
-0.999047808464896
-0.9983143758574297
-0.9969929942392791
-0.9946475871637417
-0.9903103115787029
-0.9827203786641536
-0.9678103865911936
-0.9433274978163942
-0.8871446737841016
-0.8130400936853562
-0.5572045944188242
-0.40126317557482255
1.2442609744225162
0.7214087658732624
19.564828187088164
19.564780793492947
0.7214027793247231
1.2442505893845521
-0.4012675105851226
-0.5572083133928687
-0.8130422797554087
-0.8871462392824616
-0.9433285092008268
-0.9678110754674518
-0.982720834150079
-0.990310616413508
-0.9946477888974489
-0.9969931275749888
-0.9983144631801556
-0.9990478651000734
-0.999461472662224
-0.9996942096040493
-0.9998261498878291
-0.9999010608413746
-0.9999437771627209
-0.9999681830463762
-0.9999821485564917
-0.9999901157610431
-0.99999459489927
-0.9999969824643457
-0.9999980171208861
-0.9999980171205249
-0.9999969824644779
-0.9999945948991128
-0.999990115761273
-0.9999821485569691
-0.9999681830464383
-0.9999437771628521
-0.9999010608408984
-0.9998261498877248
-0.9996942096038108
-0.9994614726620918
-0.9990478650996751
-0.9983144631800047
-0.9969931275745201
-0.9946477888968982
-0.9903106164136783
-0.9827208341507416
-0.9678110754674621
-0.9433285092007783
-0.8871462392826723
-0.8130422797548752
-0.5572083133934924
-0.4012675105850137
1.2442505893847864
0.7214027793256128
19.564780793493494
19.564692377978457
0.7213916471133283
1.2442312834708498
-0.40127555174732094
-0.5572152059195941
-0.8130463228300859
-0.8871491302989916
-0.9433303723621529
-0.967812341606312
-0.9827216685338558
-0.9903111728511138
-0.994648155255272
-0.9969933682773238
-0.9983146194117695
-0.9990479652534026
-0.9994615353987191
-0.9996942475693629
-0.9998261714162611
-0.9999010715499326
-0.9999437807364839
-0.9999681819663381
-0.9999821444411754
-0.9999901097087142
-0.9999945876351855
-0.9999969745034235
-0.9999980088402255
-0.9999980088399917
-0.9999969745036733
-0.9999945876349717
-0.99999010970882
-0.9999821444410797
-0.9999681819661335
-0.9999437807365479
-0.9999010715499169
-0.9998261714159062
-0.9996942475687136
-0.9994615353978548
-0.9990479652530122
-0.9983146194119676
-0.9969933682776422
-0.9946481552554755
-0.9903111728510477
-0.9827216685336297
-0.967812341606153
-0.9433303723628521
-0.8871491302996296
-0.8130463228299043
-0.5572152059205953
-0.4012755517474786
1.2442312834703309
0.7213916471141498
19.5646923779761
19.564527794694236
0.7213709957905228
1.2441954843581788
-0.40129042801395437
-0.5572279425314243
-0.8130537776230313
-0.8871544502197923
-0.943333792089474
-0.9678146582998821
-0.9827231898269058
-0.9903121824061181
-0.994648816202345
-0.9969937988735976
-0.9983148959596511
-0.9990481395425329
-0.9994616419247445
-0.9996943092087823
-0.9998262035359128
-0.9999010842048865
-0.9999437807000076
-0.9999681736204987
-0.9999821307530685
-0.9999900925887317
-0.9999945684047817
-0.9999969540467657
-0.9999979878287519
-0.9999979878289806
-0.9999969540465483
-0.9999945684046706
-0.999990092588868
-0.9999821307526181
-0.9999681736203914
-0.9999437806997107
-0.9999010842045628
-0.9998262035357051
-0.9996943092087642
-0.9994616419243084
-0.9990481395425681
-0.998314895959636
-0.9969937988729862
-0.9946488162021557
-0.9903121824062188
-0.9827231898272055
-0.9678146582997035
-0.9433337920897267
-0.8871544502193728
-0.8130537776226852
-0.5572279425317561
-0.4012904280136226
1.244195484358563
0.7213709957912422
19.564527794695543
19.56422121523272
0.7213326745819345
1.244129076299357
-0.40131794723670244
-0.5572514788724823
-0.8130675146818517
-0.8871642344021508
-0.9433400595428334
-0.9678188910019039
-0.9827259553990351
-0.9903140083131583
-0.9946500018858253
-0.9969945640678142
-0.9983153797748637
-0.9990484380683425
-0.9994618174814006
-0.9996944041623258
-0.9998262453185427
-0.9999010914038307
-0.9999437652244326
-0.9999681435594359
-0.9999820912257197
-0.9999900471135331
-0.999994519216967
-0.9999969027555553
-0.9999979355672364
-0.9999979355668343
-0.9999969027552928
-0.999994519216612
-0.9999900471137166
-0.9999820912254538
-0.9999681435590235
-0.9999437652234882
-0.9999010914039652
-0.9998262453184192
-0.9996944041630833
-0.99946181748159
-0.9990484380690944
-0.9983153797751212
-0.9969945640677798
-0.9946500018859701
-0.9903140083130211
-0.9827259553994317
-0.9678188910025762
-0.9433400595427561
-0.8871642344016272
-0.8130675146815022
-0.5572514788728746
-0.40131794723807795
1.244129076298883
0.7213326745807174
19.56422121523247
19.563649299714307
0.7212614678413816
1.2440057561382918
-0.401368909370462
-0.5572949949379173
-0.8130928434496282
-0.8871822227358248
-0.9433515436352924
-0.967826610563175
-0.9827309743758174
-0.9903172963518435
-0.9946521187740573
-0.9969959106009989
-0.9983162156482461
-0.9990489367341784
-0.999462095144712
-0.9996945362631309
-0.9998262829675864
-0.9999010671223507
-0.9999437012056054
-0.9999680536475849
-0.9999819849716152
-0.9999899303844362
-0.9999943961707648
-0.999996776027547
-0.9999978072048181
-0.9999978072054292
-0.9999967760278832
-0.9999943961708155
-0.9999899303843751
-0.99998198497134
-0.9999680536481741
-0.9999437012058161
-0.9999010671229839
-0.9998262829672333
-0.9996945362632829
-0.9994620951450709
-0.999048936734243
-0.9983162156486993
-0.996995910600941
-0.9946521187744294
-0.9903172963513776
-0.9827309743754702
-0.9678266105626806
-0.9433515436347937
-0.8871822227359578
-0.8130928434485845
-0.5572949949382924
-0.4013689093701207
1.2440057561383946
0.7212614678427159
19.563649299716744
19.56258011749993
0.7211289560530099
1.2437763363440464
-0.40146337495515594
-0.5573755609157662
-0.813139550969596
-0.887215314298742
-0.9433725595553004
-0.9678406786662458
-0.9827400487763714
-0.9903231967688935
-0.9946558652276665
-0.9969982563043371
-0.9983176284495705
-0.9990497428291135
-0.9994625006768867
-0.9996946832339358
-0.999826260230318
-0.9999009360296481
-0.999943499348339
-0.999967807259895
-0.9999817097207371
-0.9999896374464503
-0.9999940921519516
-0.9999964658905003
-0.9999974942110585
-0.9999974942113212
-0.9999964658900324
-0.9999940921519163
-0.9999896374467424
-0.9999817097208921
-0.9999678072598819
-0.999943499348084
-0.9999009360300575
-0.9998262602301421
-0.9996946832336768
-0.9994625006761457
-0.9990497428284955
-0.9983176284498814
-0.9969982563041015
-0.9946558652286961
-0.99032319676885
-0.9827400487771316
-0.9678406786661005
-0.9433725595554208
-0.8872153142985545
-0.8131395509700692
-0.557375560916733
-0.40146337495525536
1.2437763363447267
0.721128956053964
19.5625801174968
19.560577206534298
0.7208818191129822
1.2433488871995069
-0.4016388087667577
-0.5575248151269312
-0.8132257885876688
-0.8872761395645611
-0.9434110204847941
-0.9678662316672932
-0.9827564170793595
-0.9903336999428906
-0.9946624427954696
-0.9970022627893953
-0.9983199543524124
-0.9990509639903056
-0.9994630104359579
-0.9996947263416073
-0.9998260069963586
-0.9999004889966987
-0.9999429311539785
-0.9999671600798203
-0.9999810141996917
-0.9999889107566864
-0.999993347307285
-0.9999957103064541
-0.9999967340194292
-0.9999967340198836
-0.9999957103066675
-0.9999933473078297
-0.9999889107566572
-0.9999810142001979
-0.9999671600797755
-0.9999429311540472
-0.9999004889969845
-0.9998260069958851
-0.9996947263414504
-0.9994630104351492
-0.9990509639898711
-0.9983199543527024
-0.9970022627884023
-0.9946624427954549
-0.990333699941543
-0.9827564170796308
-0.967866231667055
-0.943411020485527
-0.8872761395642198
-0.8132257885878614
-0.5575248151276057
-0.4016388087671905
1.2433488871992702
0.7208818191129118
19.56057720653235
19.55681362544027
0.7204200678610907
1.2425503423670967
-0.4019648943917705
-0.557801909773348
-0.8133849202021775
-0.8873880618121119
-0.943481192093945
-0.9679125975163503
-0.9827857157138662
-0.9903522865268395
-0.9946737815545815
-0.9970089650182801
-0.9983235783163897
-0.9990526270621909
-0.999463382041491
-0.9996942853114483
-0.9998250328497524
-0.9998991848577139
-0.999941410799341
-0.9999655086639896
-0.9999792770136429
-0.9999871232898893
-0.9999915277137819
-0.9999938738208616
-0.99999488938069
-0.9999948893808499
-0.9999938738208176
-0.9999915277138094
-0.9999871232897222
-0.9999792770137301
-0.9999655086631704
-0.9999414107989565
-0.9998991848580769
-0.9998250328497487
-0.9996942853118875
-0.9994633820415781
-0.9990526270630414
-0.9983235783162765
-0.9970089650179119
-0.9946737815552331
-0.9903522865265588
-0.9827857157147757
-0.9679125975160419
-0.9434811920946419
-0.8873880618113151
-0.8133849202020795
-0.5578019097738611
-0.4019648943908636
1.242550342367053
0.7204200678623353
19.556813625438977
19.549724777386807
0.7195545460489219
1.2410562271344552
-0.4025727934286296
-0.5583163268434881
-0.8136791865366542
-0.8875934513291471
-0.9436092673145465
-0.9679961073843202
-0.9828379647108698
-0.9903846101593484
-0.9946930197488805
-0.9970196459424663
-0.99832880115198
-0.9990542626142696
-0.9994627771719067
-0.9996922069544197
-0.9998220532162772
-0.9998956114052298
-0.9999374826641434
-0.9999613457755748
-0.9999749781863401
-0.999982734425645
-0.9999870897154277
-0.9999894054739071
-0.9999904088821567
-0.9999904088822447
-0.9999894054733955
-0.9999870897151176
-0.9999827344256403
-0.9999749781867049
-0.99996134577514
-0.9999374826649541
-0.999895611406528
-0.9998220532166617
-0.9996922069549798
-0.9994627771719629
-0.9990542626148444
-0.9983288011526502
-0.9970196459430001
-0.9946930197497296
-0.9903846101591984
-0.9828379647109473
-0.9679961073832165
-0.9436092673144583
-0.887593451328111
-0.8136791865366504
-0.5583163268440944
-0.4025727934279707
1.2410562271349526
0.7195545460503296
19.549724777383602
19.5363102083353
0.7179290989618909
1.238248655911459
-0.403706152980162
-0.5592748953172664
-0.8142218882450204
-0.8879712363814375
-0.9438412725656828
-0.9681463565215096
-0.9829295450136987
-0.9904402111685403
-0.9947242335240765
-0.9970357214867838
-0.9983347888386815
-0.9990540620750532
-0.9994584704057183
-0.9996854333587216
-0.9998136389466267
-0.9998862373264586
-0.9999274649104366
-0.9999509638316629
-0.9999643488493313
-0.9999719717036224
-0.999976236764497
-0.9999785094589719
-0.9999794903394497
-0.9999794903398911
-0.9999785094594552
-0.9999762367645442
-0.9999719717030673
-0.9999643488489371
-0.9999509638315405
-0.9999274649102717
-0.9998862373265267
-0.9998136389463768
-0.9996854333593579
-0.9994584704057928
-0.9990540620756794
-0.9983347888391774
-0.9970357214868701
-0.9947242335249299
-0.990440211168687
-0.9829295450137168
-0.9681463565211972
-0.9438412725655514
-0.8879712363802739
-0.8142218882444301
-0.5592748953162863
-0.4037061529784487
1.238248655911113
0.7179290989638292
19.536310208334257
19.510864053881924
0.714860237683581
1.232968111291788
-0.40583058881817924
-0.5610571748916695
-0.8152272589176626
-0.888660882237637
-0.9442623502621184
-0.9684119665327839
-0.983089120852667
-0.9905318354901709
-0.9947728496547749
-0.9970559662424173
-0.9983377681406749
-0.9990455303162384
-0.9994431557123498
-0.9996655549706526
-0.999791160428791
-0.9998619848417184
-0.999902240694977
-0.9999250621204863
-0.9999380942638394
-0.9999454649957733
-0.9999496089989924
-0.9999517985453397
-0.9999527505615687
-0.999952750562377
-0.9999517985446917
-0.9999496089995661
-0.9999454649958992
-0.99993809426407
-0.9999250621205046
-0.9999022406941575
-0.9998619848417578
-0.9997911604283902
-0.9996655549707044
-0.9994431557120136
-0.9990455303159652
-0.9983377681399268
-0.9970559662420417
-0.9947728496549761
-0.9905318354900066
-0.9830891208526238
-0.9684119665328361
-0.9442623502632013
-0.8886608822378366
-0.8152272589187004
-0.5610571748923754
-0.4058305888190243
1.2329681112892596
0.7148602376823147
19.51086405388046
19.462204632327456
0.7090589798938778
1.2229573356498036
-0.40980210841224357
-0.5643967415044298
-0.817073919090147
-0.8899275295049951
-0.9450120750925937
-0.9688816429722604
-0.9833552716434619
-0.990678953820264
-0.9948378579739141
-0.9970730048763661
-0.9983220269814683
-0.99901113447995
-0.9993959230913777
-0.9996112833836187
-0.9997319576676043
-0.999800199213593
-0.9998385917793227
-0.9998604916612381
-0.9998728310377945
-0.9998798848501051
-0.999883782606471
-0.9998858753862789
-0.9998867668042022
-0.9998867668048516
-0.9998858753859802
-0.9998837826068603
-0.9998798848499254
-0.999872831038362
-0.9998604916614979
-0.9998385917795725
-0.9998001992141008
-0.9997319576674393
-0.9996112833828577
-0.9993959230906986
-0.9990111344795063
-0.9983220269821924
-0.9970730048762995
-0.9948378579739459
-0.9906789538193668
-0.9833552716431134
-0.9688816429720892
-0.9450120750931885
-0.8899275295045067
-0.8170739190902147
-0.5643967415033325
-0.4098021084116054
1.222957335650885
0.7090589798955871
19.462204632329822
19.369049141958286
0.6979801619475448
1.2040141493068663
-0.4173132158476516
-0.5705995022461212
-0.8205038616423115
-0.8922056581913371
-0.9463569691861591
-0.969674543284111
-0.9837940279155468
-0.9908842401303843
-0.9949065484005253
-0.9970479297901954
-0.9982452214251707
-0.9988978629897297
-0.9992635835352781
-0.999465094079744
-0.9995789344446697
-0.9996420077208139
-0.9996780188050787
-0.999698014948064
-0.9997095500124306
-0.9997159155170492
-0.9997195565233075
-0.9997214265363082
-0.9997222599026728
-0.9997222599030651
-0.9997214265358736
-0.9997195565231816
-0.9997159155167498
-0.9997095500127748
-0.9996980149479908
-0.9996780188044606
-0.9996420077211352
-0.9995789344450108
-0.9994650940795704
-0.9992635835357582
-0.9988978629899641
-0.9982452214251711
-0.9970479297904293
-0.9949065484010335
-0.9908842401304706
-0.9837940279150661
-0.9696745432836471
-0.9463569691858758
-0.8922056581907485
-0.8205038616430305
-0.5705995022453045
-0.41731321584725767
1.2040141493073535
0.6979801619479948
19.36904914195766
19.187801430269836
0.6768675764275371
1.1675504972217914
-0.4313544614065827
-0.582337460053193
-0.8267132768428113
-0.8963761095123237
-0.9486442145712822
-0.971020201399924
-0.9844215065955375
-0.991133990754147
-0.9948784841617284
-0.9968776727144899
-0.9979691189648756
-0.9985704401671003
-0.9988966216686196
-0.9990802196480144
-0.9991795325062132
-0.999236535934952
-0.999267269627271
-0.9992852694136987
-0.9992949042674921
-0.9993006384725267
-0.9993036191501645
-0.9993053109127998
-0.9993059836520123
-0.9993059836526463
-0.9993053109128643
-0.9993036191506428
-0.9993006384724679
-0.9992949042667603
-0.9992852694134592
-0.9992672696270354
-0.9992365359352919
-0.9991795325068695
-0.9990802196485934
-0.9988966216695431
-0.9985704401674038
-0.9979691189645101
-0.9968776727147584
-0.9948784841616757
-0.9911339907544878
-0.9844215065957285
-0.9710202013997553
-0.9486442145711745
-0.896376109512096
-0.8267132768427248
-0.5823374600527831
-0.43135446140727884
1.1675504972215969
0.6768675764269796
19.18780143026668
18.83683328588873
0.6356939347360858
1.0981826417662919
-0.45837473092498093
-0.6039083809334769
-0.8383089702172108
-0.9035520838644819
-0.9526329105820694
-0.9729819904947989
-0.9852575066311116
-0.991153577121917
-0.9944989440571754
-0.9961870757479596
-0.997140456157737
-0.9976269887000782
-0.9979067654048396
-0.9980488485709165
-0.9981329820509921
-0.9981751486795032
-0.9982010477518707
-0.9982137753935447
-0.9982219189554744
-0.9982257982589667
-0.9982283448485749
-0.9982294464580393
-0.9982300279666307
-0.998230027966543
-0.998229446457884
-0.9982283448490301
-0.998225798259117
-0.9982219189552171
-0.9982137753930711
-0.9982010477511729
-0.9981751486794416
-0.99813298205158
-0.9980488485711329
-0.9979067654050675
-0.9976269887004807
-0.9971404561573005
-0.9961870757478466
-0.9944989440568472
-0.9911535771219433
-0.9852575066314884
-0.9729819904953152
-0.9526329105821111
-0.9035520838646947
-0.8383089702179083
-0.6039083809336641
-0.45837473092536485
1.0981826417672411
0.6356939347361668
18.836833285887792
18.130775101623176
0.5566106261354318
0.9604438187639592
-0.5082711111841329
-0.64562076684692
-0.8582752998474672
-0.9165789576152409
-0.9584307241609085
-0.9758263911314231
-0.9854767507675772
-0.9903014211938184
-0.9926895124797669
-0.9940159614095676
-0.9946256854404565
-0.9949951826043212
-0.9951534606437848
-0.9952587352300761
-0.995300343229472
-0.9953311867569317
-0.9953422632417348
-0.9953515880876133
-0.9953545714616582
-0.9953574655189996
-0.9953582632998685
-0.995359109258923
-0.9953592712639595
-0.99535927126443
-0.9953591092586647
-0.9953582632997788
-0.9953574655193287
-0.9953545714621856
-0.9953515880880793
-0.9953422632421853
-0.9953311867568596
-0.995300343228478
-0.9952587352297317
-0.9951534606430308
-0.9949951826032946
-0.994625685439831
-0.9940159614097321
-0.9926895124796115
-0.9903014211937331
-0.9854767507670976
-0.9758263911304585
-0.9584307241611778
-0.91657895761619
-0.8582752998472085
-0.6456207668467683
-0.5082711111833957
0.9604438187646778
0.556610626134
18.13077510161886
16.748602655681623
0.3948978281658049
0.6993429157798579
-0.6083702208734192
-0.7186829884507333
-0.8960360734006168
-0.9355635506770934
-0.9673704517900996
-0.9768112180879646
-0.9833748575216835
-0.985228651081648
-0.9866679289980065
-0.9869407862949156
-0.9872634562212809
-0.9872686161901476
-0.9873411561161873
-0.9873219929250794
-0.9873381695750096
-0.9873266981355655
-0.9873302704434174
-0.9873251903601644
-0.9873259889768975
-0.9873239944450363
-0.9873241847219265
-0.9873235160585931
-0.9873235545518501
-0.987323554551911
-0.9873235160580535
-0.9873241847222229
-0.9873239944454864
-0.9873259889760941
-0.9873251903599465
-0.9873302704433471
-0.9873266981354543
-0.9873381695743446
-0.987321992924459
-0.9873411561157326
-0.9872686161902704
-0.9872634562208711
-0.9869407862945776
-0.9866679289970736
-0.9852286510815434
-0.9833748575220771
-0.9768112180889674
-0.9673704517910431
-0.9355635506777098
-0.8960360734001896
-0.7186829884507773
-0.6083702208728814
0.6993429157800184
0.3948978281665028
16.74860265568718
13.737465440130286
0.0852709178781266
0.13885992191289476
-0.7810538479197268
-0.868025184693916
-0.9482083497769369
-0.9678346684300863
-0.9689461645194153
-0.971108926454848
-0.9674270680283998
-0.9670454358048988
-0.9650650843427966
-0.9646888224990533
-0.9638800448121434
-0.9636985844172602
-0.9633989930478383
-0.9633254720252005
-0.9632194155315564
-0.96319174934768
-0.9631550414144336
-0.9631450440175207
-0.9631325006137103
-0.9631290163813875
-0.9631248713235698
-0.9631237908327543
-0.9631228168791588
-0.9631228168797434
-0.963123790832993
-0.9631248713238052
-0.963129016381815
-0.963132500613887
-0.9631450440178912
-0.9631550414140624
-0.9631917493464408
-0.9632194155317992
-0.963325472025607
-0.9633989930489804
-0.9636985844173417
-0.9638800448114873
-0.9646888224991381
-0.9650650843425113
-0.967045435805628
-0.9674270680283308
-0.9711089264546617
-0.9689461645193989
-0.9678346684307577
-0.9482083497780293
-0.868025184693818
-0.7810538479204749
0.13885992191363522
0.08527091787819557
13.73746544013494
7.883491149458884
-0.6466709683535021
-0.8678184161131162
-1.1723113539602208
-1.0724399809714686
-1.0444554919815463
-0.9680629590309717
-0.9461027477623023
-0.9136648425051881
-0.9045174977835407
-0.8928236509385029
-0.8894440162744367
-0.8854889036077416
-0.8842936171310603
-0.8829906185335198
-0.8825760759191805
-0.8821507575414806
-0.8820083124298042
-0.8818695528279691
-0.8818208257013218
-0.8817753880665498
-0.8817588074158076
-0.8817439588262617
-0.8817384980312019
-0.8817340483887264
-0.8817327701304084
-0.8817327701298463
-0.8817340483891072
-0.881738498030955
-0.881743958826295
-0.8817588074154263
-0.8817753880663677
-0.8818208257020805
-0.8818695528279419
-0.882008312430399
-0.8821507575411089
-0.8825760759193568
-0.8829906185334075
-0.8842936171315887
-0.8854889036078164
-0.8894440162741546
-0.8928236509381953
-0.9045174977825957
-0.9136648425055018
-0.9461027477622324
-0.9680629590308203
-1.0444554919805982
-1.0724399809696012
-1.172311353959518
-0.8678184161126157
-0.6466709683531929
7.883491149455253
-8.603083905317174
-1.9412258149564132
-3.636095305611115
-1.5896454270008717
-1.5363980505994657
-0.9547955098438472
-0.8602115085061708
-0.6908437641008371
-0.651106845144441
-0.6010392770288329
-0.586993585702527
-0.5720103608905267
-0.5672738561325623
-0.5627299797575829
-0.5611551350365204
-0.5597569456271354
-0.5592347462927276
-0.5587979462825388
-0.5586244367167192
-0.5584859175956849
-0.5584280717007153
-0.5583836121369758
-0.5583644211996392
-0.5583503676170305
-0.5583445592912599
-0.558341340383655
-0.5583413403828839
-0.5583445592907197
-0.5583503676166789
-0.5583644212003538
-0.5583836121365986
-0.558428071701107
-0.558485917595646
-0.5586244367164503
-0.5587979462816648
-0.5592347462922449
-0.5597569456268563
-0.5611551350363279
-0.5627299797572585
-0.5672738561330637
-0.5720103608908744
-0.5869935857032971
-0.6010392770290993
-0.6511068451436803
-0.6908437641001979
-0.8602115085063523
-0.9547955098445972
-1.5363980506006496
-1.5896454270006206
-3.6360953056139316
-1.9412258149547337
-8.603083905333932
-36.94739121479776
-7.971641097796744
-6.6283173816672
-2.77000418184605
-0.7763212871486093
-0.024201012985457383
0.6158941181293575
0.8104168146743803
0.9888639292801784
1.0461210055333487
1.0956638986685694
1.1133144126895667
1.1274361188799704
1.1329778351324673
1.1371283715179166
1.1388883578051496
1.14014293383868
1.14070779661983
1.141096323741899
1.1412795302988052
1.1414023074181605
1.1414621916776984
1.1415013437569161
1.1415205321839192
1.141532080336492
1.1415365091442355
1.1415365091441818
1.1415320803346223
1.1415205321817121
1.1415013437561217
1.1414621916791399
1.1414023074200137
1.1412795302998378
1.1410963237441352
1.140707796621103
1.1401429338390443
1.1388883578057327
1.1371283715194682
1.132977835134045
1.1274361188800275
1.1133144126904746
1.0956638986660805
1.046121005532187
0.9888639292785868
0.8104168146751025
0.6158941181293695
-0.024201012985564693
-0.7763212871491161
-2.7700041818488117
-6.628317381671916
-7.971641097799418
-36.947391214790635
-381.1639080574489
-4.004024950991743
-13.998948170315561
15.175240553971658
16.305088951196026
20.22890853085191
20.924895420184775
21.66589284197183
21.900710166225657
22.074184667756377
22.14575127204706
22.19170328262942
22.213221149432655
22.226287164502576
22.23282582528406
22.236708685608633
22.238729505867937
22.239919514197993
22.24055520322036
22.24092863404534
22.241131833222354
22.241251011602223
22.24131635988384
22.241353917812265
22.24137330175455
22.241381891813134
22.241381891801616
22.241373301765456
22.24135391780951
22.241316359885964
22.241251011602543
22.241131833217967
22.240928634050306
22.240555203204266
22.239919514204622
22.238729505862693
22.236708685613394
22.232825825274006
22.226287164505496
22.213221149430865
22.191703282627017
22.145751272067955
22.074184667745044
21.900710166232955
21.665892841963238
20.92489542018584
20.22890853087558
16.305088951177197
15.17524055397384
-13.998948170324603
-4.00402495096545
-381.16390805745243