36.9831654486933
-2.417852472830612
-3.1613847966072672
-6.527723486958498
-7.1498626483696
-7.7000853263585105
-7.898920284161629
-8.018555357794348
-8.070895566692762
-8.093567285591782
-8.093567285591433
-8.070895566692805
-8.018555357793836
-7.898920284161802
-7.70008532635822
-7.149862648370146
-6.527723486958498
-3.1613847966065713
-2.417852472830506
36.98316544869313
6.767197676391393
0.6114478817875364
1.1638941877128026
0.5039277793437387
0.45362615101873066
0.3382629963280675
0.3015577975296125
0.27399830348650966
0.262004609791633
0.256378674414768
0.25637867441479356
0.2620046097916972
0.2739983034865439
0.3015577975297291
0.33826299632809015
0.45362615101862686
0.5039277793437078
1.1638941877128253
0.6114478817875676
6.767197676391388
-1.3810363498648945
0.43059271350158923
0.7333029369231757
0.817870987757055
0.8732266514942154
0.8843738175973219
0.8925736848027044
0.8941416558371634
0.895086993648786
0.8952046085466019
0.8952046085466143
0.8950869936488189
0.8941416558371167
0.8925736848028032
0.8843738175973259
0.8732266514941376
0.8178709877569998
0.7333029369231865
0.4305927135015871
-1.3810363498649116
-4.387307595448536
0.2944351447211759
0.40871667773259795
0.7921567109029082
0.8720948268285972
0.9340847638823456
0.9581396772421
0.9715781473547451
0.9776489635048522
0.9801726293545419
0.9801726293545442
0.9776489635048737
0.9715781473546734
0.9581396772421343
0.9340847638823606
0.8720948268285464
0.7921567109029442
0.4087166777326288
0.2944351447211887
-4.387307595448415
-5.632593339415635
0.22516204348598018
0.24529513563239316
0.760439684654572
0.8471581788707735
0.9319041528002511
0.9622448342341954
0.980977142033911
0.9892309543144797
0.9928319288175882
0.9928319288175995
0.9892309543145476
0.9809771420339046
0.9622448342342108
0.9319041528002787
0.8471581788707103
0.7604396846546391
0.2452951356324116
0.22516204348585914
-5.632593339415457
-6.1790616980691055
0.19112825599563862
0.1667597087779366
0.7421466324993773
0.8311602995549261
0.9265915794272274
0.9596717887165991
0.9809036839838546
0.9901505407454049
0.9942611079113156
0.9942611079113548
0.9901505407454685
0.9809036839838778
0.9596717887165839
0.9265915794272506
0.8311602995548816
0.7421466324994479
0.16675970877790955
0.19112825599551206
-6.179061698069054
-6.426619991570602
0.1745358774552392
0.12921821419244603
0.7326826555747998
0.8226186246716567
0.9231638854385795
0.9575113237839801
0.9799563871552763
0.9896751751740247
0.9940346119956982
0.9940346119957
0.9896751751740214
0.9799563871552093
0.9575113237839699
0.9231638854386464
0.8226186246717032
0.732682655574928
0.12921821419249985
0.17453587745527288
-6.426619991570655
-6.540388647403137
0.1665126085780001
0.11133377151659926
0.7279642747638266
0.818309596039802
0.921306981605223
0.9562557040485354
0.9792920370671978
0.9892388463049946
0.993720653491736
0.9937206534917514
0.9892388463050064
0.979292037067252
0.9562557040485564
0.9213069816052343
0.818309596039709
0.7279642747638153
0.11133377151657833
0.16651260857806677
-6.540388647403157
-6.591748805494053
0.16276032285240524
0.10305693850222425
0.7257163327680451
0.8162468970346803
0.9203861916434303
0.9556149731693528
0.9789306273474891
0.988984950564588
0.9935250647038383
0.9935250647038005
0.9889849505644864
0.9789306273475444
0.9556149731693346
0.9203861916434317
0.8162468970346507
0.7257163327680474
0.10305693850222608
0.16276032285253927
-6.5917488054939355
-6.611606697819143
0.16127762445308283
0.09980722561699092
0.7248184286940338
0.8154214228563432
0.9200109576358724
0.9553505006345183
0.9787773735278136
0.9888745326437023
0.9934380063559254
0.993438006355922
0.9888745326436865
0.9787773735278991
0.9553505006343991
0.9200109576358644
0.8154214228563235
0.7248184286940653
0.0998072256169638
0.16127762445298205
-6.6116066978191075
-6.611606697819161
0.1612776244532098
0.09980722561699726
0.7248184286939556
0.8154214228563181
0.9200109576358657
0.9553505006345164
0.9787773735277845
0.9888745326436292
0.9934380063559398
0.9934380063559773
0.9888745326436933
0.9787773735278437
0.9553505006343688
0.9200109576358492
0.8154214228563366
0.7248184286940786
0.09980722561696867
0.16127762445295182
-6.611606697819335
-6.591748805494397
0.16276032285253023
0.10305693850219133
0.7257163327679026
0.816246897034602
0.9203861916434081
0.9556149731693623
0.9789306273474896
0.9889849505645112
0.9935250647038398
0.9935250647037795
0.9889849505644613
0.9789306273473739
0.955614973169298
0.9203861916434763
0.8162468970347051
0.7257163327680052
0.1030569385022311
0.16276032285250205
-6.5917488054944675
-6.540388647403611
0.16651260857798078
0.11133377151664836
0.7279642747638694
0.8183095960398274
0.9213069816052221
0.9562557040485055
0.9792920370671563
0.9892388463049984
0.9937206534916976
0.9937206534916644
0.9892388463050179
0.9792920370672451
0.9562557040485813
0.9213069816052475
0.81830959603962
0.7279642747637343
0.11133377151657509
0.16651260857813496
-6.540388647403587
-6.426619991570835
0.1745358774551269
0.12921821419247376
0.7326826555748934
0.8226186246717258
0.9231638854385771
0.9575113237839701
0.9799563871553185
0.9896751751740781
0.9940346119956384
0.9940346119955814
0.9896751751739933
0.9799563871552688
0.9575113237839857
0.9231638854386413
0.8226186246715783
0.7326826555749117
0.12921821419256208
0.17453587745530486
-6.42661999157076
-6.179061698068928
0.19112825599566635
0.16675970877792526
0.7421466324993762
0.8311602995549565
0.9265915794271995
0.9596717887166157
0.980903683983903
0.9901505407454131
0.9942611079113173
0.9942611079112975
0.9901505407454716
0.9809036839838237
0.9596717887165693
0.9265915794272173
0.8311602995548591
0.7421466324994884
0.1667597087780175
0.19112825599540328
-6.179061698068999
-5.6325933394153065
0.22516204348612284
0.24529513563238237
0.760439684654536
0.8471581788707638
0.9319041528002392
0.9622448342342029
0.9809771420338667
0.9892309543144434
0.9928319288175897
0.9928319288176635
0.9892309543145608
0.9809771420338222
0.9622448342341989
0.9319041528002717
0.8471581788707929
0.7604396846546415
0.2452951356323603
0.22516204348570149
-5.632593339415374
-4.387307595448464
0.29443514472112475
0.4087166777325719
0.7921567109027877
0.8720948268285083
0.9340847638822858
0.95813967724207
0.9715781473547027
0.9776489635048512
0.9801726293545916
0.980172629354606
0.9776489635048571
0.9715781473546214
0.9581396772421858
0.9340847638824298
0.8720948268287021
0.7921567109029581
0.4087166777326007
0.2944351447212842
-4.387307595448253
-1.3810363498646236
0.4305927135014963
0.73330293692323
0.8178709877571284
0.8732266514943166
0.8843738175974137
0.8925736848026988
0.8941416558371758
0.8950869936487724
0.8952046085466363
0.8952046085466518
0.895086993648835
0.8941416558372315
0.8925736848028001
0.8843738175973339
0.8732266514941631
0.8178709877570902
0.7333029369231341
0.43059271350160455
-1.3810363498645584
6.7671976763915245
0.611447881787464
1.1638941877127973
0.5039277793438102
0.4536261510187477
0.3382629963280958
0.30155779752960576
0.27399830348671406
0.2620046097918439
0.2563786744150175
0.25637867441471685
0.26200460979153906
0.273998303486359
0.3015577975296134
0.33826299632812096
0.4536261510188565
0.5039277793438905
1.1638941877128965
0.6114478817874308
6.767197676391633
36.9831654486933
-2.4178524728306856
-3.1613847966072677
-6.5277234869585365
-7.149862648369699
-7.7000853263585345
-7.898920284161708
-8.018555357794241
-8.070895566692649
-8.093567285591611
-8.09356728559141
-8.070895566692865
-8.018555357793973
-7.898920284161868
-7.700085326358174
-7.149862648369978
-6.527723486958397
-3.161384796606577
-2.417852472830636
36.98316544869317