-0.726590430015466
0.3527736132356748
0.38777237022045563
0.36178991944837463
0.3261959778037346
0.30630083188661894
0.2943932835447917
0.28784255508393664
0.28436827474236537
0.28287512320444763
0.282875123203961
0.2843682747418165
0.2878425550839342
0.2943932835450512
0.3063008318870152
0.3261959778036373
0.36178991944789207
0.3877723702206418
0.35277361323601153
-0.7265904300154691
-0.00009479607315692842
-0.10025252235206614
-0.13296315770721154
-0.14541999593614668
-0.15582498498365863
-0.1620653247740499
-0.1660434463561291
-0.16837401290253284
-0.16966317906559839
-0.17023153471747515
-0.1702315347175176
-0.16966317906561365
-0.1683740129025788
-0.16604344635616086
-0.16206532477408575
-0.1558249849837101
-0.1454199959362128
-0.13296315770717115
-0.10025252235209217
-0.00009479607328828074
0.08897783140485646
-0.05280438149888901
-0.06576954604768911
-0.06776969654503048
-0.06788063184826823
-0.06829676608831813
-0.06874582373036059
-0.0691162980774658
-0.06936390393181482
-0.06948501775117863
-0.069485017751165
-0.06936390393175543
-0.06911629807744227
-0.06874582373039606
-0.06829676608836155
-0.06788063184828577
-0.06776969654501254
-0.06576954604764232
-0.05280438149890723
0.08897783140479834
0.09380049138252065
-0.03497176349020244
-0.03789462715200373
-0.03478890378782518
-0.030469426452860222
-0.02819190623767191
-0.026908470849259937
-0.02625613262154979
-0.025935197275537447
-0.025805026845960827
-0.025805026845958888
-0.02593519727550487
-0.026256132621521655
-0.02690847084928364
-0.028191906237683674
-0.030469426452862318
-0.03478890378781217
-0.03789462715196172
-0.034971763490205435
0.09380049138249963
0.09196908049441621
-0.02947794126416708
-0.028713159891478487
-0.023476042443687187
-0.017354442312339274
-0.01390237471739479
-0.011821872239275916
-0.010672476683826452
-0.010063415088927451
-0.009802328437106513
-0.009802328437134251
-0.010063415088963927
-0.010672476683823906
-0.011821872239252776
-0.013902374717381137
-0.01735444231236112
-0.02347604244371855
-0.02871315989145073
-0.02947794126412484
0.09196908049440441
0.09086705410033331
-0.0277084902944796
-0.02564415701725547
-0.019573276471555573
-0.012742579611216814
-0.008800268777170113
-0.006371576225585776
-0.004994855016056271
-0.004249262919522155
-0.0039246639718890555
-0.003924663971881446
-0.004249262919517785
-0.004994855016068608
-0.006371576225591692
-0.00880026877718095
-0.01274257961122886
-0.01957327647154228
-0.025644157017256197
-0.027708490294453707
0.09086705410032009
0.09042223860294213
-0.027101347834324135
-0.024572610636044746
-0.018183347379533952
-0.011077424810206255
-0.006935742439128168
-0.004360031683542256
-0.0028836858282063746
-0.0020765021789286584
-0.0017226967474485199
-0.0017226967474137209
-0.0020765021788967442
-0.002883685828208137
-0.004360031683573223
-0.006935742439155932
-0.011077424810197767
-0.01818334737949269
-0.0245726106360572
-0.027101347834306087
0.09042223860291702
0.09025989832324435
-0.02688208187791841
-0.024183461864788203
-0.01767333510501048
-0.010460989463950302
-0.006239444513799754
-0.003603047060936529
-0.002084353319750775
-0.0012503807248808022
-0.0008836780564501379
-0.0008836780564646922
-0.0012503807249095752
-0.002084353319760689
-0.003603047060912282
-0.006239444513802655
-0.010460989463968833
-0.017673335105031576
-0.02418346186477862
-0.026882081877869002
0.09025989832323034
0.09020318577033598
-0.026801104624416594
-0.024039823644633213
-0.017484284702984347
-0.010231282110430319
-0.005978440226751246
-0.0033177114144392417
-0.001781660876594674
-0.0009365167300784897
-0.000564374039406023
-0.0005643740394379699
-0.0009365167301178481
-0.001781660876591219
-0.0033177114144252104
-0.005978440226755144
-0.010231282110459546
-0.01748428470300252
-0.024039823644592593
-0.026801104624374544
0.09020318577030895
0.09018544600990272
-0.026773979999263016
-0.02399182625939865
-0.017421037076625838
-0.01015421621067086
-0.005890564112342389
-0.003221303985285766
-0.0016790797578276188
-0.0008299168269262913
-0.000455802637236005
-0.0004558026372513148
-0.0008299168269158018
-0.001679079757816923
-0.0032213039853142746
-0.005890564112365912
-0.010154216210673226
-0.017421037076606215
-0.02399182625932663
-0.026773979999265
0.09018544600985276
0.09018544600981239
-0.026773979999270822
-0.023991826259405855
-0.017421037076591376
-0.010154216210605856
-0.005890564112305605
-0.0032213039852964954
-0.0016790797578496335
-0.0008299168269023096
-0.0004558026371893316
-0.000455802637204295
-0.0008299168269164173
-0.0016790797578360834
-0.003221303985285733
-0.005890564112308768
-0.010154216210630049
-0.017421037076599477
-0.02399182625935592
-0.026773979999255723
0.09018544600976083
0.09020318577032253
-0.026801104624440547
-0.024039823644642952
-0.017484284702965647
-0.010231282110426608
-0.005978440226750925
-0.0033177114144455812
-0.0017816608765851422
-0.0009365167300599473
-0.0005643740394031514
-0.000564374039425054
-0.0009365167300952484
-0.0017816608765950338
-0.003317711414415161
-0.005978440226744276
-0.010231282110441837
-0.01748428470299441
-0.024039823644626174
-0.026801104624375696
0.09020318577028946
0.09025989832336653
-0.026882081877926463
-0.024183461864781347
-0.01767333510502956
-0.010460989464013852
-0.006239444513854246
-0.0036030470609138077
-0.0020843533197178327
-0.0012503807249033532
-0.0008836780565436703
-0.0008836780565119912
-0.001250380724890975
-0.0020843533197276868
-0.0036030470609474275
-0.006239444513886915
-0.010460989464028752
-0.01767333510500431
-0.0241834618647849
-0.02688208187790319
0.0902598983233503
0.09042223860289428
-0.027101347834322644
-0.024572610636042352
-0.01818334737951189
-0.011077424810176997
-0.006935742439089253
-0.004360031683543932
-0.002883685828221326
-0.002076502178931157
-0.0017226967474186223
-0.0017226967474002187
-0.0020765021789091245
-0.0028836858282297534
-0.0043600316835762706
-0.006935742439113572
-0.01107742481015354
-0.018183347379480193
-0.024572610636058586
-0.027101347834292314
0.09042223860286802
0.09086705410029719
-0.027708490294463674
-0.025644157017241275
-0.01957327647153518
-0.012742579611159047
-0.008800268777140302
-0.006371576225602981
-0.004994855016111939
-0.00424926291953831
-0.003924663971851108
-0.00392466397186035
-0.0042492629195521586
-0.004994855016079764
-0.006371576225565797
-0.008800268777125617
-0.01274257961118465
-0.01957327647157624
-0.025644157017245796
-0.027708490294417878
0.09086705410027161
0.09196908049453847
-0.02947794126415605
-0.028713159891457122
-0.023476042443711376
-0.01735444231240059
-0.013902374717441828
-0.011821872239275385
-0.010672476683815255
-0.010063415088994113
-0.009802328437183795
-0.009802328437189714
-0.010063415088970101
-0.010672476683806255
-0.011821872239280561
-0.013902374717450037
-0.017354442312415667
-0.02347604244371613
-0.028713159891426365
-0.02947794126413463
0.09196908049452285
0.09380049138247085
-0.03497176349019655
-0.037894627152007705
-0.03478890378782408
-0.03046942645283454
-0.0281919062376429
-0.02690847084924852
-0.02625613262153802
-0.02593519727553248
-0.02580502684596253
-0.02580502684596637
-0.02593519727552058
-0.026256132621531612
-0.026908470849287873
-0.028191906237681884
-0.030469426452830288
-0.03478890378776759
-0.03789462715194
-0.03497176349020384
0.09380049138244581
0.08897783140476101
-0.052804381498895124
-0.06576954604769758
-0.06776969654497204
-0.06788063184819154
-0.06829676608826897
-0.06874582373037899
-0.0691162980774841
-0.06936390393177813
-0.06948501775110975
-0.06948501775112359
-0.06936390393178062
-0.06911629807747156
-0.06874582373033142
-0.0682967660882756
-0.06788063184823515
-0.06776969654500738
-0.06576954604767168
-0.05280438149888843
0.08897783140464571
-0.00009479607309107447
-0.10025252235210413
-0.13296315770718947
-0.14541999593614902
-0.15582498498371028
-0.16206532477412366
-0.16604344635618215
-0.1683740129025618
-0.16966317906556655
-0.17023153471751634
-0.17023153471756775
-0.16966317906567713
-0.1683740129025056
-0.1660434463561008
-0.1620653247741227
-0.15582498498384106
-0.14541999593626204
-0.13296315770721623
-0.1002525223520718
-0.00009479607325530947
-0.7265904300153985
0.35277361323568657
0.38777237022047534
0.36178991944836275
0.3261959778036868
0.30630083188659374
0.29439328354478883
0.2878425550839554
0.28436827474239557
0.2828751232044485
0.2828751232039251
0.2843682747417645
0.2878425550839737
0.29439328354507177
0.30630083188696633
0.326195977803556
0.36178991944789274
0.3877723702206578
0.3527736132359977
-0.7265904300153208