-5.275636316463794
0.8100926895793705
1.591572153095596
1.3490508748392882
1.1166757981662687
0.9764614094725068
0.8951383121762266
0.8497809642231454
0.8243452109523524
0.8100617638503713
0.8019807286878199
0.7973794441393025
0.794741792158641
0.7932205613167126
0.7923382624966104
0.7918239308784505
0.7915227180001634
0.7913455776123899
0.7912410074310248
0.7911790646917911
0.791142259580546
0.7911203334592216
0.7911072477785777
0.7910994387857645
0.7910948017022905
0.7910920986120897
0.7910906140337959
0.791089957608712
0.7910899576115222
0.7910906140339883
0.7910920986076528
0.7910948017101254
0.7910994387803936
0.7911072477772656
0.7911203334592257
0.7911422595823852
0.7911790646819674
0.7912410074424567
0.7913455775994334
0.7915227180053943
0.7918239308836104
0.7923382624915833
0.79322056132348
0.7947417921511678
0.797379444134614
0.8019807286993272
0.8100617638488108
0.824345210944799
0.8497809642414322
0.8951383121616153
0.9764614094723296
1.1166757981805202
1.3490508748121495
1.5915721531042446
0.8100926895852076
-5.275636316465438
0.3078760110125733
-0.0712109296500284
-0.17045726704799286
-0.2707492893536381
-0.3499259293318131
-0.40051705795765746
-0.4322016809353456
-0.4511442928198812
-0.4623782157307118
-0.4689785613044626
-0.47285117291881956
-0.47512271981283133
-0.47645721836214217
-0.4772428553378679
-0.47770652674258657
-0.4779808921334603
-0.478143666461058
-0.47824048355634685
-0.4782982112214288
-0.4783327115504843
-0.478353374281258
-0.4783657717670974
-0.47837321814498746
-0.4783776873323908
-0.47838035458267286
-0.4783819160389853
-0.4783827764844925
-0.4783831577450879
-0.47838315774463447
-0.4783827764859032
-0.47838191603916413
-0.4783803545814016
-0.47837768733156627
-0.4783732181451952
-0.4783657717668731
-0.4783533742815569
-0.47833271154933044
-0.4782982112217221
-0.4782404835578492
-0.4781436664615778
-0.47798089213239014
-0.47770652674155545
-0.47724285533858746
-0.47645721836396726
-0.47512271981165655
-0.4728511729170414
-0.4689785613053439
-0.46237821573179627
-0.45114429281994783
-0.43220168093546735
-0.4005170579575159
-0.34992592933020583
-0.27074928935443066
-0.17045726704723235
-0.07121092964906704
0.30787601101121853
0.44881368609349775
-0.021252597862407747
-0.09374020744759094
-0.12617756951286843
-0.14867005594840116
-0.16467225953615255
-0.17582564865818892
-0.18319294302502426
-0.18793767172563558
-0.19092422065667025
-0.19277940494736756
-0.19392074335606535
-0.19461868340931426
-0.19504377452016936
-0.19530205198769646
-0.19545875523184414
-0.1955537668746884
-0.19561136429603443
-0.19564628710304588
-0.1956674703422447
-0.1956803259799521
-0.19568813081593384
-0.1956928683758865
-0.19569573856417266
-0.19569746562816606
-0.19569848369217646
-0.1956990477145516
-0.19569929849213652
-0.195699298492088
-0.19569904771460472
-0.1956984836925124
-0.19569746562842855
-0.19569573856427203
-0.19569286837555944
-0.19568813081583708
-0.19568032597948298
-0.19566747034195975
-0.1956462871034198
-0.19561136429627943
-0.19555376687521583
-0.19545875523181847
-0.19530205198690204
-0.19504377452010513
-0.1946186834097716
-0.1939207433552994
-0.1927794049472343
-0.19092422065663006
-0.18793767172584008
-0.18319294302555872
-0.17582564865847916
-0.16467225953579862
-0.14867005594796306
-0.1261775695125375
-0.09374020744782674
-0.02125259786242946
0.4488136860928001
0.2949168142342099
-0.020871364967655834
-0.06164858745301671
-0.06429476166529957
-0.06401961985341639
-0.06518212813244989
-0.06684170109001933
-0.06843968801994593
-0.06973194285694692
-0.07068553488235749
-0.07135197125758763
-0.0718013903716564
-0.07209723187837186
-0.07228867307519567
-0.07241103772860853
-0.07248854340562826
-0.07253730495416688
-0.0725678272444025
-0.07258685944686313
-0.07259869217953574
-0.07260603178933603
-0.07261057513654043
-0.0726133810114307
-0.07261510710431904
-0.07261615966035938
-0.07261678708247443
-0.07261713769187986
-0.07261729444327433
-0.07261729444337497
-0.07261713769196454
-0.07261678708283338
-0.07261615966061344
-0.07261510710449075
-0.07261338101135259
-0.07261057513630341
-0.07260603178921657
-0.0725986921791909
-0.07258685944724033
-0.07256782724419067
-0.07253730495448517
-0.07248854340607591
-0.07241103772820184
-0.07228867307535677
-0.07209723187848463
-0.0718013903710505
-0.07135197125759216
-0.07068553488229859
-0.06973194285674592
-0.06843968802068448
-0.06684170109005239
-0.06518212813241023
-0.06401961985361032
-0.0642947616645346
-0.061648587453643405
-0.020871364967569882
0.2949168142344384
0.21842042723449068
-0.025252866181244005
-0.05431542538612627
-0.045128044605732595
-0.03608993855893754
-0.031138904253222605
-0.02863284992856581
-0.027522325863485162
-0.027089711746890774
-0.026968107971900995
-0.026973155070529685
-0.027019984152266203
-0.027072509071113998
-0.027117639290047166
-0.027152318180228577
-0.02717738375105437
-0.02719482022909007
-0.027206639208675325
-0.02721450357491509
-0.027219665098812837
-0.02722301701293175
-0.027225175148312547
-0.027226553991523395
-0.027227427429697096
-0.027227973506725837
-0.02722830577534488
-0.027228494372399492
-0.027228579529159254
-0.02722857952914621
-0.027228494372536133
-0.027228305775500374
-0.027227973507035663
-0.02722742742970887
-0.027226553991319714
-0.027225175148181097
-0.027223017012822634
-0.027219665098770465
-0.027214503575095892
-0.02720663920855187
-0.027194820229036416
-0.027177383751293464
-0.02715231818003795
-0.02711763929022154
-0.027072509071146954
-0.027019984151796288
-0.02697315507095728
-0.02696810797175129
-0.02708971174671985
-0.027522325864278135
-0.02863284992823289
-0.03113890425345727
-0.03608993855904711
-0.045128044605074705
-0.0543154253864402
-0.02525286618162423
0.21842042723483182
0.18927887944601823
-0.027660963271280856
-0.05289580230368381
-0.03926013123962771
-0.026940322640040308
-0.019553089056273086
-0.015296664900913758
-0.012979732126829829
-0.011735407195330219
-0.011080718478581697
-0.010741668699240377
-0.01056959223096122
-0.010484401453710733
-0.010443660468847923
-0.010425164042238665
-0.01041747778503276
-0.01041482491552378
-0.01041436012622771
-0.010414731115014775
-0.010415329410837748
-0.01041590603951659
-0.010416378131091347
-0.010416734081957417
-0.010416988714494126
-0.010417163216728425
-0.010417276968668523
-0.010417344771829921
-0.01041737630760622
-0.010417376307448815
-0.010417344771867579
-0.010417276968684185
-0.010417163217004033
-0.01041698871441595
-0.010416734082018706
-0.010416378130988047
-0.010415906039438434
-0.010415329410915202
-0.010414731115024365
-0.010414360126313393
-0.010414824915384657
-0.010417477785007227
-0.010425164042426747
-0.010443660468906713
-0.010484401453439525
-0.010569592231178516
-0.010741668699173531
-0.011080718478508285
-0.011735407195357915
-0.012979732127233919
-0.01529666490072347
-0.01955308905633862
-0.02694032263997477
-0.03926013123962066
-0.052895802303559725
-0.027660963271502054
0.1892788794461419
0.17883048083297615
-0.028680556558972083
-0.05266916786904594
-0.03740159363331831
-0.023866441611024657
-0.015527944928364897
-0.01055656097053584
-0.007721728641305919
-0.006111901661164829
-0.005205786857008026
-0.0046971806278343475
-0.004412707875909734
-0.004254048117655854
-0.0041658425400437895
-0.004116976219969187
-0.004090012621780744
-0.004075203743067166
-0.0040671150237317375
-0.0040627257733688695
-0.004060362790704613
-0.004059102938877889
-0.004058439269230004
-0.00405809491058594
-0.0040579196464274915
-0.00405783265018154
-0.004057790923971836
-0.004057772043986966
-0.004057764887707347
-0.0040577648876522834
-0.004057772043852765
-0.004057790923985335
-0.004057832650266102
-0.004057919646390825
-0.004058094910691612
-0.004058439269180026
-0.004059102938937902
-0.004060362790665711
-0.0040627257734398145
-0.004067115023887614
-0.004075203742956895
-0.004090012621676487
-0.004116976220304893
-0.004165842539953611
-0.004254048117413511
-0.0044127078764308846
-0.0046971806273228365
-0.005205786857211581
-0.006111901661374696
-0.0077217286411707985
-0.01055656097071346
-0.015527944928336718
-0.023866441610852097
-0.037401593633859614
-0.05266916786869728
-0.028680556558937455
0.17883048083306874
0.17512617199189345
-0.029076732408948033
-0.05264930044315026
-0.03678701977795938
-0.022802254534046853
-0.014096167516216075
-0.008837691108332438
-0.00578591382710626
-0.004016529939202967
-0.002996098744645319
-0.002407322112826892
-0.002067678965943184
-0.0018716545979795877
-0.001758488876212242
-0.0016931428328420981
-0.001655406990660141
-0.0016336165492352472
-0.0016210359386439415
-0.0016137746257402377
-0.0016095851155308078
-0.0016071691014798806
-0.0016057767500531818
-0.0016049751942229398
-0.001604514786713751
-0.001604251873979696
-0.0016041042844591714
-0.0016040258245560934
-0.001603991910909714
-0.0016039919109381814
-0.0016040258244039583
-0.0016041042845192433
-0.0016042518739514955
-0.0016045147869096174
-0.0016049751941454849
-0.0016057767499854298
-0.0016071691014680224
-0.001609585115576429
-0.0016137746258222947
-0.001621035938490831
-0.0016336165491604524
-0.0016554069905057173
-0.001693142832937701
-0.0017584888760825974
-0.0018716545981192368
-0.002067678965932949
-0.0024073221127959097
-0.0029960987445293353
-0.0040165299394981785
-0.005785913826795375
-0.008837691108363098
-0.014096167516092651
-0.022802254534043
-0.03678701977830395
-0.05264930044328081
-0.029076732408703922
0.17512617199193173
0.17380707797662887
-0.02922514985158016
-0.052654525903427694
-0.03657491173036005
-0.022423055202557454
-0.0135754457369015
-0.008202759961672744
-0.005061522899138358
-0.0032239575284001053
-0.0021529075356769393
-0.0015273770920550644
-0.0011615747928892895
-0.0009472509108973838
-0.0008214765238898262
-0.000747556901243819
-0.0007040581151218812
-0.0006784327771514865
-0.0006633226320662687
-0.0006544056265857525
-0.0006491397268407085
-0.0006460281781826277
-0.0006441889334639105
-0.0006431019238579009
-0.0006424605406189388
-0.0006420843215942267
-0.0006418676814587204
-0.0006417499742452318
-0.0006416983218522307
-0.0006416983219063478
-0.0006417499740419231
-0.0006418676814313204
-0.0006420843214468482
-0.0006424605408710761
-0.0006431019237509582
-0.0006441889336352768
-0.0006460281780635252
-0.0006491397269883588
-0.0006544056265852568
-0.0006633226318152317
-0.0006784327772147197
-0.0007040581150010042
-0.0007475569010953506
-0.0008214765239246799
-0.0009472509112396397
-0.0011615747924967814
-0.001527377092475537
-0.002152907535261324
-0.003223957528615696
-0.005061522898933763
-0.008202759961589402
-0.013575445736663142
-0.022423055202946095
-0.03657491173014717
-0.052654525904253825
-0.029225149851030405
0.17380707797667438
0.17333286858997374
-0.029279793123060498
-0.0526584336726172
-0.03649879780044092
-0.02228438249977313
-0.013382253252618506
-0.007964324324121731
-0.004786549669681609
-0.002920266993506981
-0.001827224015772347
-0.0011852264776664495
-0.0008073450932204228
-0.0005843198084373862
-0.00045237748050296555
-0.0003741477330538517
-0.00032767497564080845
-0.0003000205381884083
-0.0002835397187047176
-0.00027370500509866906
-0.0002678295477864614
-0.0002643160451674332
-0.0002622135568715369
-0.00026095536963561476
-0.00026020365626482116
-0.00025975732809988515
-0.0002594974139823484
-0.0002593548628094096
-0.00025929190942661066
-0.00025929190962419523
-0.0002593548625667478
-0.0002594974140557255
-0.00025975732797153995
-0.00026020365622034583
-0.0002609553695510909
-0.0002622135570638555
-0.000264316045172767
-0.0002678295481073565
-0.00027370500508659993
-0.0002835397186337499
-0.00030002053823797775
-0.0003276749753670476
-0.00037414773296833264
-0.0004523774806114034
-0.0005843198085734411
-0.0008073450932298742
-0.0011852264780597137
-0.0018272240156268866
-0.0029202669935586133
-0.004786549669472472
-0.007964324324088074
-0.013382253252386057
-0.02228438250002503
-0.03649879780025156
-0.05265843367351451
-0.02927979312238855
0.173332868590158
0.1731605379921527
-0.029299735616671298
-0.052659930423512094
-0.0364705480581263
-0.022232506316366633
-0.013309305917641576
-0.007873469593799708
-0.004680852022319756
-0.002802588553233341
-0.0017001176319211878
-0.0010508667273389754
-0.0006675195760607641
-0.0004404513121208319
-0.0003055680686291827
-0.00022523093358217355
-0.00017726830133500403
-0.00014857323753157713
-0.0001313734522329918
-0.0001210468646522966
-0.00011483788695244995
-0.00011110009014029813
-0.00010884794800555237
-0.00010749072681986894
-0.00010667413676661565
-0.0001061859736100945
-0.0001058999093278141
-0.00010574219535444972
-0.00010567230113400273
-0.0001056723013272141
-0.00010574219514125213
-0.00010589990951578343
-0.00010618597364493468
-0.00010667413673395233
-0.00010749072707048383
-0.0001088479479277394
-0.00011110009005326816
-0.0001148378870131477
-0.0001210468641831411
-0.00013137345228884066
-0.00014857323770189207
-0.00017726830109988923
-0.00022523093392742694
-0.00030556806849144254
-0.0004404513118664082
-0.00066751957658859
-0.0010508667272212781
-0.0017001176319840512
-0.002802588553428964
-0.004680852021926611
-0.007873469593999104
-0.013309305917543217
-0.02223250631612388
-0.03647054805871582
-0.05265993042362831
-0.029299735616198593
0.17316053799207998
0.17309723774185104
-0.02930697954530076
-0.0526603170390348
-0.036459763987323715
-0.022212717969802294
-0.01328133521834399
-0.007838401939623669
-0.004639769586792342
-0.0027565377638243734
-0.0016500631430787995
-0.0009976571868379035
-0.0006118747298273677
-0.0003829616345197433
-0.0002467045334164943
-0.0001653599932328422
-0.00011666896802456947
-0.0000874539189306992
-0.0000698872014996509
-0.00005930440539980979
-0.00005291825768607989
-0.00004905904943845392
-0.000046724432345439115
-0.00004531169936139478
-0.00004445816525454765
-0.000043945835957073346
-0.00004364447913796031
-0.00004347781216281505
-0.00004340379415159838
-0.000043403794130047574
-0.000043477812160922814
-0.000043644479323224786
-0.000043945835999776885
-0.000044458165104266996
-0.00004531169927110367
-0.000046724432077085274
-0.000049059049528330526
-0.00005291825774676003
-0.00005930440513506924
-0.00006988720198160771
-0.00008745391892487725
-0.00011666896784739033
-0.00016535999353743712
-0.0002467045332409071
-0.0003829616343334817
-0.0006118747305817343
-0.0009976571864133664
-0.0016500631432229589
-0.0027565377640161666
-0.0046397695863544825
-0.007838401939946959
-0.013281335218430328
-0.022212717969449736
-0.036459763987989766
-0.05266031703831334
-0.029306979545281178
0.17309723774171337
0.1730737507885815
-0.029309603145758208
-0.05266034233569296
-0.03645555199713725
-0.02220504349959186
-0.013270465837861647
-0.007824712555347182
-0.004623644125696744
-0.0027383592326910063
-0.0016301953331775653
-0.000976429586883053
-0.0005895747841667227
-0.0003598317300752376
-0.00022294323603807965
-0.00014112586535487497
-0.00009208581928899352
-0.00006261651461612415
-0.00004486680279579771
-0.000034153757966928544
-0.000027675854013657276
-0.000023752631864129533
-0.00002137377794197847
-0.000019930781459913104
-0.000019056799017462784
-0.00001853090821644436
-0.000018220867117975925
-0.000018049069078470967
-0.00001797267293679402
-0.000017972672826423404
-0.000018049069242356328
-0.000018220867201963534
-0.00001853090821540522
-0.0000190567990765033
-0.00001993078137758123
-0.000021373777949697822
-0.000023752631780479094
-0.00002767585374983749
-0.0000341537578567866
-0.00004486680320533753
-0.00006261651443935053
-0.00009208581952142882
-0.00014112586540650777
-0.0002229432358804284
-0.00035983172986301976
-0.000589574784485435
-0.000976429586429446
-0.0016301953331813624
-0.002738359232601773
-0.0046236441256402305
-0.007824712555540684
-0.013270465837811373
-0.02220504349957931
-0.03645555199717499
-0.0526603423352394
-0.02930960314586712
0.1730737507883282
0.1730649547439084
-0.029310551072414155
-0.05266028960152565
-0.03645387651107211
-0.022202025105776117
-0.013266192670983824
-0.007819315024609752
-0.00461725917948951
-0.0027311274045451533
-0.0016222537995794124
-0.0009679059086399919
-0.0005805831342108143
-0.00035047082034162034
-0.0002132959270335089
-0.00013125991804481535
-0.00008205538511371375
-0.00005246398880321689
-0.00003462477562135116
-0.000023846872853617717
-0.000017322473244708383
-0.000013366259758823897
-0.00001096423299296387
-9.505135826060385e-6
-8.62011578530782e-6
-8.086807663808568e-6
-7.771962755033298e-6
-7.597301333842958e-6
-7.519570315922549e-6
-7.5195703287054886e-6
-7.597301522925345e-6
-7.771962700452597e-6
-8.08680770133166e-6
-8.620115740220883e-6
-9.505135828078536e-6
-0.000010964233100761868
-0.000013366259647732206
-0.000017322473074147247
-0.00002384687275801495
-0.00003462477570659676
-0.00005246398877350091
-0.00008205538529504015
-0.00013125991791928
-0.00021329592709451608
-0.00035047082025896825
-0.0005805831343907984
-0.0009679059085316072
-0.0016222537995626788
-0.0027311274044893464
-0.004617259179653433
-0.007819315024644696
-0.01326619267104109
-0.022202025106004004
-0.03645387651087255
-0.05266028960179639
-0.02931055107203366
0.17306495474371072
0.1730616323741873
-0.029310892639733688
-0.052660240410960096
-0.036453200274431344
-0.022200823816838286
-0.013264495691871617
-0.007817168029163837
-0.004614711300550094
-0.0027282303795832445
-0.0016190594143435356
-0.0009644634902240114
-0.0005769378770224714
-0.00034666269808080206
-0.0002093592511068798
-0.00012722336662062273
-0.00007794237053359736
-0.00004829322921854887
-0.000030410956174490695
-0.000019601322292289472
-0.000013053799707654024
-9.080915412223547e-6
-6.666997506546237e-6
-5.199516673006556e-6
-4.308668910360255e-6
-3.7713957563520153e-6
-3.4539552075086764e-6
-3.2777333042279066e-6
-3.199271372622435e-6
-3.1992714181714394e-6
-3.2777333624675635e-6
-3.453955253513046e-6
-3.771395590962788e-6
-4.30866875003234e-6
-5.199516752358144e-6
-6.666997691747963e-6
-9.080915609564925e-6
-0.000013053800038966807
-0.00001960132218242186
-0.000030410956175744765
-0.00004829322933889291
-0.0000779423705828561
-0.000127223366685654
-0.00020935925140918205
-0.0003466626979810217
-0.0005769378772460913
-0.0009644634900886385
-0.0016190594144866932
-0.002728230379755635
-0.00461471130027861
-0.007817168029271761
-0.013264495692036436
-0.022200823816649694
-0.03645320027471012
-0.05266024041138382
-0.02931089263934211
0.17306163237395522
0.17306036765868194
-0.029311015272400518
-0.05266020863247545
-0.03645292418702943
-0.022200340899718354
-0.013263815834784018
-0.007816307331329809
-0.0046136874928752
-0.002727062582268152
-0.0016177672162721486
-0.0009630659668918717
-0.0005754528836575813
-0.0003451063596545447
-0.0002077456943433998
-0.0001255646376462349
-0.00007624849928452978
-0.00004657239159512373
-0.000028669689088938003
-0.000017844763882190464
-0.000011285926298688982
-7.304761083595791e-6
-4.884850089517111e-6
-3.41308512673067e-6
-2.519220068372235e-6
-1.979869873907893e-6
-1.6610560013573819e-6
-1.4840016302306622e-6
-1.4051480334027758e-6
-1.4051479253041356e-6
-1.4840015568613288e-6
-1.6610559751443274e-6
-1.9798695647569616e-6
-2.519220126425717e-6
-3.413085318817255e-6
-4.884850042266996e-6
-7.304761076212299e-6
-0.000011285926449859912
-0.000017844763616184276
-0.00002866968910181095
-0.00004657239167340956
-0.00007624849902750608
-0.00012556463790639084
-0.00020774569439212844
-0.00034510635931227554
-0.0005754528842016174
-0.0009630659664012185
-0.0016177672167109018
-0.0027270625822455054
-0.004613687492174865
-0.007816307331833115
-0.013263815834868235
-0.022200340899047565
-0.03645292418767991
-0.05266020863234856
-0.029311015272534578
0.17306036765851912
0.17305988277243373
-0.029311059077292822
-0.05266019079600952
-0.03645281043546455
-0.02220014510686203
-0.013263541367148664
-0.0078159598967704
-0.004613273526851338
-0.0027265891793484894
-0.0016172418057187653
-0.0009624959322973605
-0.0005748452727755797
-0.00034446766102485854
-0.00020708170005684633
-0.00012488037857282693
-0.00007554824131508145
-0.00004585967422658192
-0.000027947393380127594
-0.000017115194001560098
-0.000010550895888824039
-6.565677925800509e-6
-4.142794112728981e-6
-2.668875589061876e-6
-1.7734756396761604e-6
-1.2330565487938516e-6
-9.135293713915041e-7
-7.360396348999173e-7
-6.569799530367636e-7
-6.569798159302096e-7
-7.360396723827777e-7
-9.135293160567553e-7
-1.2330566222288174e-6
-1.7734756964394375e-6
-2.6688756863413865e-6
-4.142793967639385e-6
-6.565678140027705e-6
-0.00001055089600265453
-0.000017115193894357745
-0.000027947393482459887
-0.00004585967407557305
-0.00007554824095477847
-0.00012488037880169158
-0.00020708170010041147
-0.00034446766090439175
-0.0005748452733934076
-0.0009624959316881308
-0.001617241806281827
-0.002726589179210353
-0.004613273526371779
-0.007815959897010068
-0.01326354136700518
-0.022200145106092653
-0.03645281043552817
-0.05266019079520309
-0.029311059077121063
0.17305988277202378
0.17305969564582496
-0.02931107461225671
-0.052660181505768816
-0.03645276322455836
-0.02220006514505503
-0.01326342981200344
-0.007815818782543397
-0.004613105202370676
-0.0027263962877515265
-0.0016170271729536567
-0.0009622624203828108
-0.0005745956635927274
-0.0003442045620578842
-0.00020680747853896617
-0.00012459712634482393
-0.00007525776244715511
-0.00004556349036089685
-0.00002764676395025135
-0.00001681114272796516
-0.000010244240679270803
-6.257065190371046e-6
-3.832726928097371e-6
-2.3577411604707383e-6
-1.4615724612602507e-6
-9.206124460025629e-7
-6.007206569743877e-7
-4.230070688759258e-7
-3.4384076571716634e-7
-3.4384054352991175e-7
-4.230072317930986e-7
-6.007202905411765e-7
-9.206124944828302e-7
-1.4615724422795313e-6
-2.3577410823693174e-6
-3.832726742553207e-6
-6.2570651285200896e-6
-0.00001024424045268787
-0.00001681114271314436
-0.000027646764110116637
-0.000045563490255009444
-0.00007525776269224978
-0.0001245971263559467
-0.00020680747863409857
-0.00034420456177155427
-0.0005745956635036667
-0.0009622624201750538
-0.001617027172954999
-0.002726396287357312
-0.004613105202671178
-0.007815818782468823
-0.013263429812066609
-0.02220006514483746
-0.03645276322402768
-0.052660181505104646
-0.029311074612248723
0.17305969564492218
0.17305962299138627
-0.029311080065395196
-0.05266017688436972
-0.03645274351427995
-0.022200032283314165
-0.013263384201300354
-0.007815761151157414
-0.004613036411486886
-0.002726317326281721
-0.0016169391192822815
-0.0009621663859090381
-0.0005744927473003655
-0.00034409581080198766
-0.00020669385802069777
-0.00012447950361342525
-0.00007513689685878866
-0.000045440032510242625
-0.00002752126023644319
-0.000016684044414949266
-0.0000101159136414961
-6.127803456855947e-6
-3.702761973324826e-6
-2.227254479625669e-6
-1.3307057460521553e-6
-7.894756054273705e-7
-4.694001357810592e-7
-2.9157345066873117e-7
-2.1235305322481684e-7
-2.123528997480806e-7
-2.915738859566798e-7
-4.694000967593807e-7
-7.894759950409395e-7
-1.3307054886981993e-6
-2.2272543444365763e-6
-3.7027619055323997e-6
-6.127803434474421e-6
-0.000010115913723666232
-0.000016684044771502943
-0.000027521260336283933
-0.000045440032499197356
-0.00007513689695065842
-0.0001244795034355573
-0.0002066938580741638
-0.00034409581053345957
-0.0005744927471256047
-0.0009621663860923627
-0.0016169391189351052
-0.002726317326406395
-0.004613036411967728
-0.00781576115081693
-0.013263384201398375
-0.022200032283338632
-0.03645274351388922
-0.05266017688414468
-0.029311080065413976
0.17305962299035255
0.17305959462413972
-0.029311081952721266
-0.05266017465529169
-0.03645273524555163
-0.02220001870466523
-0.013263365454299658
-0.00781573749745632
-0.00461300816837975
-0.002726284865295348
-0.001616902853346817
-0.0009621267473956566
-0.0005744501707658891
-0.00034405071626713874
-0.00020664663921087553
-0.00012443051929125615
-0.00007508646515873127
-0.00004538843056578807
-0.000027468723912311953
-0.00001663077093341077
-0.000010062066165400601
-6.073513571147735e-6
-3.648135296079768e-6
-2.1723761085961277e-6
-1.2756414419021824e-6
-7.342783953701652e-7
-4.141120368928245e-7
-2.3622869770822016e-7
-1.5698109672031e-7
-1.5698115056442608e-7
-2.3622887141708868e-7
-4.1411219803588235e-7
-7.34278666930565e-7
-1.2756413027971222e-6
-2.1723764822983663e-6
-3.648135300109194e-6
-6.073513364356809e-6
-0.000010062066134089829
-0.00001663077098579616
-0.000027468723806266698
-0.000045388430804485245
-0.00007508646503242242
-0.0001244305195253468
-0.00020664663947415852
-0.0003440507160257075
-0.000574450170807855
-0.0009621267469677535
-0.0016169028533792407
-0.0027262848659686907
-0.004613008168486001
-0.007815737497425458
-0.013263365454374197
-0.02220001870438859
-0.03645273524561771
-0.05266017465494919
-0.02931108195179688
0.17305959462336135
0.17305958349009692
-0.02931108259150999
-0.052660173603277426
-0.036452731762610824
-0.02220001306699647
-0.013263357712560124
-0.00781572774554227
-0.0046129965241644005
-0.0027262714689621466
-0.0016168878629786846
-0.0009621103314902923
-0.0005744325018421718
-0.0003440319628061208
-0.00020662696183724156
-0.00012441006553525177
-0.00007506536844687802
-0.0000453668085461937
-0.00002744667769249964
-0.000016608386274374517
-0.000010039415526147368
-6.050655182423986e-6
-3.625117650860922e-6
-2.149237982669449e-6
-1.25241340407635e-6
-7.10985694760427e-7
-3.9077472097650354e-7
-2.1286338160889874e-7
-1.3360231418502972e-7
-1.3360229970284926e-7
-2.1286326026158782e-7
-3.907748332745432e-7
-7.109854974287618e-7
-1.2524134480937921e-6
-2.149238093238611e-6
-3.6251171127014895e-6
-6.050655097971e-6
-0.00001003941554669206
-0.000016608386146898583
-0.000027446677710359004
-0.000045366808583097314
-0.00007506536837632983
-0.00012441006572812052
-0.00020662696169630973
-0.00034403196250022634
-0.0005744325019951544
-0.0009621103309851479
-0.0016168878631380415
-0.0027262714689200076
-0.004612996523800542
-0.007815727745906657
-0.013263357712814013
-0.02220001306671491
-0.036452731763043617
-0.052660173602800495
-0.029311082591242942
0.17305958348897993
0.1730595790974872
-0.02931108280069289
-0.052660173115012116
-0.036452730290882675
-0.022200010716896028
-0.013263354502210724
-0.007815723708785402
-0.00461299170507669
-0.0027262659202007484
-0.0016168816456314308
-0.0009621035118953746
-0.0005744251479408032
-0.0003440241424692102
-0.00020661874049184177
-0.00012440150382043644
-0.00007505652269138897
-0.000045357727566671074
-0.000027437405018995815
-0.00001659895983081432
-0.000010029866033862935
-6.041009154549316e-6
-3.615396883570801e-6
-2.1394599487066453e-6
-1.2425927218067594e-6
-7.011337399132816e-7
-3.8090087252914923e-7
-2.0297618909768982e-7
-1.2370828477550912e-7
-1.2370829312647064e-7
-2.0297616127876646e-7
-3.8090081912815834e-7
-7.011333163142034e-7
-1.2425928651525778e-6
-2.139459811446368e-6
-3.615396996891082e-6
-6.041009469689138e-6
-0.000010029866086611966
-0.00001659895965298246
-0.000027437405356095724
-0.000045357727272990176
-0.0000750565227798362
-0.00012440150381769552
-0.00020661874047889808
-0.00034402414251819913
-0.0005744251477613272
-0.0009621035118218496
-0.0016168816459289333
-0.0027262659200168737
-0.004612991704951814
-0.007815723709122153
-0.013263354502154562
-0.02220001071667059
-0.036452730290527924
-0.052660173114143644
-0.029311082801353812
0.1730595790966399
0.17305957735736124
-0.029311082866895703
-0.05266017289058653
-0.03645272966690272
-0.022200009733634646
-0.013263353165730084
-0.007815722031606846
-0.004612989703558661
-0.0027262636142528916
-0.001616879059034001
-0.0009621006706603127
-0.0005744220787855591
-0.00034402087329802624
-0.00020661529735610786
-0.00012439791194495984
-0.0000750528054299273
-0.00004535390559861869
-0.000027433497075245273
-0.000016594982249136422
-0.000010025831632867429
-6.036930542285275e-6
-3.611283493899117e-6
-2.1353192474919514e-6
-1.2384318233595329e-6
-6.969580226541932e-7
-3.767143528296805e-7
-1.9878347950073195e-7
-1.1951214287782866e-7
-1.195120272661498e-7
-1.9878339589118334e-7
-3.767140987440832e-7
-6.969577838547229e-7
-1.2384321889020576e-6
-2.135319085635706e-6
-3.6112836366672544e-6
-6.036930483244686e-6
-0.000010025831300392069
-0.000016594982221246754
-0.000027433496790960108
-0.00004535390538334581
-0.00007505280562101688
-0.00012439791172056365
-0.0002066152974759894
-0.00034402087336365733
-0.0005744220784883325
-0.0009621006712883378
-0.0016168790592291456
-0.00272626361382943
-0.004612989703967658
-0.007815722031541537
-0.0132633531657112
-0.022200009733683607
-0.03645272966611758
-0.05266017289041765
-0.029311082866938575
0.1730595773568916
0.17305957666467411
-0.029311082886454676
-0.05266017278832069
-0.03645272940173094
-0.022200009320849104
-0.013263352607667464
-0.007815721332573586
-0.0046129888696216665
-0.0027262626531902533
-0.001616877980059567
-0.0009620994837720468
-0.0005744207947394173
-0.00034401950341400177
-0.0002066138520196397
-0.000124396402082821
-0.0000750512401480517
-0.00004535229387120577
-0.000027431846859498422
-0.00001659330033832408
-0.000010024124039727433
-6.035202718525226e-6
-3.6095395992756233e-6
-2.1335626292925208e-6
-1.2366659387074917e-6
-6.9518489050189e-7
-3.749361207204023e-7
-1.9700200337574513e-7
-1.1772905932439042e-7
-1.1772921640616198e-7
-1.9700203963347642e-7
-3.7493601692270274e-7
-6.951847946163779e-7
-1.2366657987154377e-6
-2.133562556384975e-6
-3.6095396117686398e-6
-6.035202869735822e-6
-0.000010024123934515165
-0.00001659330073451655
-0.00002743184654270127
-0.000045352294195034486
-0.00007505124003747655
-0.00012439640174750707
-0.00020661385223491295
-0.0003440195033376993
-0.000574420794752855
-0.0009620994841232956
-0.0016168779797049527
-0.0027262626528525074
-0.004612988870284916
-0.007815721332161123
-0.013263352607501864
-0.02220000932092297
-0.03645272940126228
-0.05266017278857482
-0.02931108288624571
0.17305957666388236
0.17305957638690506
-0.029311082890638288
-0.052660172742350346
-0.0364527292890267
-0.022200009147096987
-0.013263352373842031
-0.00781572104043255
-0.00461298852130052
-0.002726262251680219
-0.0016168775288930618
-0.0009620989869175967
-0.0005744202569663359
-0.00034401892836802663
-0.00020661324455043502
-0.00012439576646620788
-0.00007505058003760502
-0.00004535161331839922
-0.000027431149364624163
-0.000016592588433356565
-0.000010023400880810727
-6.0344701499827975e-6
-3.6087993045599757e-6
-2.1328167180504578e-6
-1.2359153430937582e-6
-6.944309225697633e-7
-3.741802459849318e-7
-1.9624421325921109e-7
-1.1697092337179014e-7
-1.169710002325204e-7
-1.9624416594744202e-7
-3.741802156029588e-7
-6.944310076207655e-7
-1.235915309698856e-6
-2.132816840325559e-6
-3.608799356705701e-6
-6.034469986547317e-6
-0.000010023400829540666
-0.000016592588356294653
-0.000027431149413838597
-0.000045351613598794096
-0.00007505057995528731
-0.00012439576643779189
-0.00020661324467579305
-0.0003440189280788854
-0.0005744202569980762
-0.0009620989866451922
-0.0016168775289396556
-0.002726262252050986
-0.004612988521646277
-0.007815721040416687
-0.013263352373888239
-0.022200009147100533
-0.03645272928909112
-0.05266017274213526
-0.029311082890642652
0.17305957638669872
0.17305957627634017
-0.029311082891053546
-0.052660172722044145
-0.03645272924118002
-0.022200009074126018
-0.013263352276144193
-0.00781572091865198
-0.004612988376255163
-0.0027262620843457198
-0.001616877340555726
-0.0009620987792678093
-0.0005744200318085594
-0.00034401868736339317
-0.0002066129899886803
-0.00012439549941642186
-0.00007505030238289672
-0.000045351326836140265
-0.000027430855220924928
-0.000016592287769709246
-0.000010023095287647837
-6.03416027017809e-6
-3.6084860473095467e-6
-2.132500869107094e-6
-1.235597113975104e-6
-6.941113932863254e-7
-3.7385954963473414e-7
-1.9592257247564842e-7
-1.1664934455569883e-7
-1.1664930481018484e-7
-1.959228674776927e-7
-3.738596302808995e-7
-6.941111523992073e-7
-1.235597214378014e-6
-2.13250071875286e-6
-3.6084858645674644e-6
-6.03415994199282e-6
-0.000010023095241124109
-0.000016592287609061177
-0.00002743085539834712
-0.00004535132671763971
-0.00007505030230219065
-0.00012439549900293982
-0.0002066129895897006
-0.0003440186873529845
-0.0005744200318370117
-0.0009620987793742471
-0.0016168773408188563
-0.0027262620845214967
-0.004612988375842664
-0.007815720918630989
-0.013263352275914925
-0.022200009073987254
-0.036452729241164904
-0.052660172721562475
-0.02931108289097742
0.17305957627542845
0.17305957623394652
-0.029311082891260054
-0.05266017271378701
-0.03645272922147981
-0.02220000904394262
-0.01326335223608841
-0.00781572086859501
-0.004612988316802801
-0.002726262015843264
-0.0016168772635335787
-0.0009620986946380318
-0.0005744199395384575
-0.0003440185884933913
-0.00020661288502308653
-0.00012439538899601969
-0.00007505018782426946
-0.00004535120868514941
-0.00002743073332456662
-0.000016592163839036664
-0.000010022968719389928
-6.034031947859707e-6
-3.608356144157783e-6
-2.132369609958967e-6
-1.2354652594069758e-6
-6.939788352726742e-7
-3.737259169285707e-7
-1.9578978029814213e-7
-1.1651569049495713e-7
-1.1651568162585911e-7
-1.957896969112276e-7
-3.7372619670175575e-7
-6.939785141279659e-7
-1.2354654807537255e-6
-2.1323694605137914e-6
-3.608356080912218e-6
-6.034031737964377e-6
-0.000010022968329152586
-0.00001659216407801253
-0.000027430733505156475
-0.000045351208744133354
-0.0000750501881239408
-0.00012439538891980114
-0.00020661288507321075
-0.0003440185888143385
-0.0005744199388980215
-0.0009620986947234873
-0.001616877263444803
-0.0027262620157022313
-0.004612988316738871
-0.007815720868700249
-0.013263352236000144
-0.022200009044379652
-0.036452729220518926
-0.052660172713296344
-0.029311082891022973
0.1730595762329562
0.17305957621886392
-0.029311082890617977
-0.05266017270991717
-0.03645272921407389
-0.022200009033318254
-0.01326335222171346
-0.007815720850753806
-0.0046129882956154385
-0.0027262619912555314
-0.001616877236060244
-0.0009620986641913014
-0.0005744199062437301
-0.00034401855318890953
-0.00020661284740744929
-0.00012439534962166427
-0.00007505014700791467
-0.00004535116616935507
-0.000027430689568833796
-0.00001659211946252009
-0.000010022922935828806
-6.033985745331681e-6
-3.6083091500985864e-6
-2.1323222168959254e-6
-1.2354176638024522e-6
-6.93930735330434e-7
-3.736778180231621e-7
-1.9574197327217153e-7
-1.1646688688169907e-7
-1.1646750646652186e-7
-1.9574151257255175e-7
-3.7367783508953337e-7
-6.93930749921458e-7
-1.23541782434638e-6
-2.132322085542195e-6
-3.608309252365067e-6
-6.033985514662232e-6
-0.000010022922695921445
-0.000016592119963560258
-0.00002743068921348694
-0.00004535116631859016
-0.00007505014696933612
-0.00012439534934121022
-0.00020661284764399705
-0.0003440185535146592
-0.0005744199056396759
-0.0009620986646655309
-0.0016168772359707903
-0.002726261991091508
-0.004612988295753094
-0.007815720850710984
-0.013263352221602732
-0.02220000903363271
-0.036452729213124827
-0.05266017271093589
-0.029311082890531148
0.17305957621918594
0.17305957621889506
-0.029311082890230267
-0.05266017270917436
-0.03645272921383398
-0.022200009033421703
-0.01326335222163208
-0.007815720850812415
-0.004612988295451325
-0.0027262619911378617
-0.00161687723616051
-0.0009620986639168987
-0.0005744199062353699
-0.00034401855319027167
-0.00020661284736100483
-0.00012439534981720612
-0.00007505014711557556
-0.00004535116601380975
-0.00002743068993545948
-0.000016592119240090136
-0.000010022922921501264
-6.033985604517656e-6
-3.6083090155904138e-6
-2.1323223352224784e-6
-1.2354175143557842e-6
-6.939307193854431e-7
-3.736782383881712e-7
-1.9574137874140415e-7
-1.1646695819819271e-7
-1.1646758032688907e-7
-1.9574131114589107e-7
-3.7367800440350326e-7
-6.93930708137099e-7
-1.235417641905177e-6
-2.1323220897705678e-6
-3.6083092810300755e-6
-6.033985604463981e-6
-0.000010022923247869428
-0.00001659211927869574
-0.000027430689361614308
-0.00004535116615050555
-0.00007505014682966657
-0.00012439534948242888
-0.0002066128476699349
-0.00034401855331057615
-0.0005744199059903288
-0.0009620986646517681
-0.0016168772358666765
-0.0027262619913348274
-0.004612988295514603
-0.00781572085067488
-0.013263352221462982
-0.022200009033451616
-0.036452729213969644
-0.05266017271103389
-0.029311082890006758
0.1730595762198916
0.17305957623343027
-0.029311082890590038
-0.05266017271299123
-0.0364527292210787
-0.02220000904391358
-0.013263352235958967
-0.007815720868556756
-0.004612988316493991
-0.0027262620157351403
-0.001616877263645369
-0.0009620986942904704
-0.000574419939547821
-0.00034401858835484854
-0.00020661288470205058
-0.00012439538910581708
-0.00007505018788285484
-0.00004535120834955714
-0.000027430733693881095
-0.00001659216364947855
-0.000010022968712593131
-6.034031669459431e-6
-3.6083557967086e-6
-2.1323695472152665e-6
-1.2354650981050254e-6
-6.939786315278912e-7
-3.737264321805979e-7
-1.9578927994690873e-7
-1.1651577649672557e-7
-1.165156710179156e-7
-1.9578919280917557e-7
-3.7372623700118194e-7
-6.939785390594433e-7
-1.2354652811553266e-6
-2.1323696499370772e-6
-3.6083562765854864e-6
-6.034031796990547e-6
-0.000010022968815305432
-0.000016592163270016206
-0.000027430733920666313
-0.00004535120866031359
-0.00007505018792497936
-0.000124395389300968
-0.00020661288518243414
-0.0003440185883814583
-0.0005744199395664128
-0.0009620986942352726
-0.0016168772633915383
-0.002726262015922124
-0.004612988316498569
-0.007815720868752877
-0.013263352235988209
-0.022200009044052976
-0.03645272922171463
-0.05266017271325767
-0.029311082890650497
0.17305957623394325
0.17305957627520113
-0.029311082890907496
-0.052660172722148
-0.036452729241067655
-0.022200009074017896
-0.013263352276239962
-0.007815720918589932
-0.0046129883762252594
-0.0027262620844596863
-0.0016168773405584647
-0.0009620987793475738
-0.0005744200317119852
-0.00034401868729700357
-0.000206612989789065
-0.00012439549935201364
-0.00007505030241109774
-0.00004535132699531596
-0.000027430855221453022
-0.000016592287794527
-0.000010023095153422275
-6.034160031604081e-6
-3.608486082350046e-6
-2.1325007721436646e-6
-1.2355972484633014e-6
-6.941114408560265e-7
-3.738595197063474e-7
-1.9592270178932224e-7
-1.1664932218459125e-7
-1.1664925482110172e-7
-1.959228029037245e-7
-3.7385947873970106e-7
-6.941112020414425e-7
-1.2355972260588086e-6
-2.1325008878815295e-6
-3.6084861601167114e-6
-6.034160195780108e-6
-0.000010023094953806162
-0.000016592287951231903
-0.000027430855256277606
-0.00004535132676335106
-0.00007505030227890333
-0.00012439549922623952
-0.00020661298976917515
-0.00034401868748850143
-0.0005744200320421208
-0.0009620987791582503
-0.0016168773406645925
-0.0027262620841136597
-0.004612988376132384
-0.007815720918501235
-0.013263352275852014
-0.022200009074070208
-0.03645272924143431
-0.05266017272174173
-0.029311082891444795
0.173059576275838
0.17305957638558025
-0.029311082890120563
-0.052660172742518406
-0.03645272928896449
-0.022200009146972878
-0.013263352373859503
-0.00781572104048049
-0.0046129885214560235
-0.002726262251722347
-0.001616877528742245
-0.0009620989872062555
-0.0005744202568625225
-0.00034401892839321715
-0.00020661324475535275
-0.00012439576629998426
-0.00007505058008695747
-0.00004535161354657333
-0.000027431149148597568
-0.00001659258857907043
-0.00001002340087710684
-6.0344700667086185e-6
-3.6087994477841753e-6
-2.1328165705617733e-6
-1.2359153605527798e-6
-6.944311961353647e-7
-3.7418000326675634e-7
-1.9624455108806348e-7
-1.1697102754460853e-7
-1.1697081193259132e-7
-1.9624443937944535e-7
-3.7418004315895534e-7
-6.944310633802723e-7
-1.2359156563092915e-6
-2.1328167999769964e-6
-3.6087994155732475e-6
-6.034470039692314e-6
-0.000010023400395364125
-0.00001659258890996731
-0.00002743114883450588
-0.0000453516135911843
-0.00007505058029437697
-0.00012439576630465273
-0.00020661324486883086
-0.00034401892841046404
-0.0005744202564155796
-0.0009620989871894231
-0.001616877528888853
-0.0027262622515257908
-0.004612988521986728
-0.007815721040158763
-0.013263352373863512
-0.022200009147573252
-0.03645272928885049
-0.052660172742614114
-0.029311082890927233
0.17305957638687364
0.17305957666323252
-0.029311082885954732
-0.052660172787968064
-0.036452729401354696
-0.022200009320656716
-0.013263352607579682
-0.00781572133267148
-0.0046129888697032904
-0.002726262653073675
-0.0016168779801020191
-0.0009620994838314174
-0.0005744207947346721
-0.00034401950334371153
-0.00020661385203702104
-0.00012439640191314413
-0.00007505124012457318
-0.0000453522936941189
-0.000027431846694433555
-0.000016593300155501343
-0.000010024123915927401
-6.035202724760184e-6
-3.609539272033894e-6
-2.1335625303957995e-6
-1.2366659623891838e-6
-6.951847878912552e-7
-3.74936066464768e-7
-1.9700214182176181e-7
-1.177290381184425e-7
-1.1772921054755839e-7
-1.9700219588123015e-7
-3.7493615011504995e-7
-6.951847945404228e-7
-1.2366658200898707e-6
-2.1335623812381696e-6
-3.6095396590437076e-6
-6.035202604304751e-6
-0.00001002412419546989
-0.00001659330059378481
-0.000027431846727561528
-0.00004535229401871505
-0.0000750512403100776
-0.00012439640157145912
-0.00020661385220320305
-0.0003440195031161068
-0.0005744207943314297
-0.0009620994840415963
-0.0016168779798487487
-0.0027262626530155086
-0.004612988870050317
-0.007815721332260453
-0.013263352607637079
-0.022200009320767926
-0.03645272940153367
-0.052660172789026446
-0.02931108288620364
0.17305957666439775
0.17305957735713257
-0.029311082867013026
-0.052660172889561846
-0.03645272966626287
-0.022200009733479017
-0.013263353165647598
-0.007815722031857038
-0.004612989703541745
-0.0027262636141556157
-0.0016168790594298307
-0.0009621006705267034
-0.0005744220789160341
-0.0003440208733245112
-0.00020661529717575755
-0.00012439791196523932
-0.00007505280514402014
-0.000045353905430488076
-0.000027433497456885732
-0.000016594981802214754
-0.000010025831778680373
-6.03693071580214e-6
-3.6112832310658635e-6
-2.1353194213172513e-6
-1.2384319240873982e-6
-6.969575765207845e-7
-3.7671441455393023e-7
-1.987831547174235e-7
-1.1951202154710953e-7
-1.1951234093492512e-7
-1.9878316804898989e-7
-3.7671456310949724e-7
-6.969578248080037e-7
-1.238431789052273e-6
-2.1353194184748514e-6
-3.61128321626223e-6
-6.0369302048237764e-6
-0.000010025831971063041
-0.00001659498175817522
-0.00002743349715869294
-0.000045353905528566374
-0.0000750528053763605
-0.000124397911873547
-0.00020661529732568024
-0.0003440208729423705
-0.0005744220788555594
-0.0009621006705850169
-0.0016168790593610507
-0.0027262636143913412
-0.004612989703567873
-0.007815722031958718
-0.013263353165901218
-0.02220000973302473
-0.03645272966717511
-0.052660172890679396
-0.029311082866680598
0.17305957735875876
0.17305957909726188
-0.029311082801122323
-0.052660173114182585
-0.03645273029054441
-0.02220001071706405
-0.013263354502412315
-0.007815723709147225
-0.004612991705033849
-0.002726265920071443
-0.0016168816456151596
-0.0009621035117190138
-0.0005744251479839521
-0.000344024142619408
-0.00020661874037717422
-0.00012440150410762533
-0.00007505652253772417
-0.00004535772752983543
-0.000027437405232498377
-0.000016598959715790958
-0.000010029866262318364
-6.041009222517519e-6
-3.6153968738593515e-6
-2.1394601157818587e-6
-1.242592571568546e-6
-7.011334446218185e-7
-3.8090103533828047e-7
-2.0297603128140794e-7
-1.2370836369395004e-7
-1.2370847500071105e-7
-2.029759917662919e-7
-3.8090117618369557e-7
-7.011336070708732e-7
-1.2425928124420779e-6
-2.1394604300549414e-6
-3.6153967201990613e-6
-6.041009526477961e-6
-0.000010029866296213524
-0.000016598959661731916
-0.0000274374053662711
-0.00004535772781445087
-0.0000750565223867355
-0.00012440150421374568
-0.00020661874054967222
-0.0003440241424494877
-0.0005744251483428073
-0.0009621035116033417
-0.0016168816461527308
-0.0027262659204504865
-0.004612991704974603
-0.007815723709182973
-0.013263354502033243
-0.022200010716243963
-0.03645273029132924
-0.052660173114444625
-0.02931108280104783
0.17305957909825948
0.17305958348845651
-0.02931108259075045
-0.05266017360309926
-0.036452731762481094
-0.022200013067191805
-0.013263357712858737
-0.007815727745426746
-0.004612996524132764
-0.0027262714691715846
-0.0016168878628837365
-0.0009621103315499162
-0.0005744325019156661
-0.00034403196300492896
-0.00020662696190862042
-0.0001244100655266067
-0.00007506536854388054
-0.000045366808597543895
-0.0000274466775181609
-0.000016608386506686713
-0.000010039415222258237
-6.050655030505199e-6
-3.625118031455639e-6
-2.149238049345088e-6
-1.2524134707128329e-6
-7.109859113538961e-7
-3.907747549306962e-7
-2.1286333495953696e-7
-1.3360229511752952e-7
-1.3360226453141607e-7
-2.1286351939444127e-7
-3.9077457424213434e-7
-7.109856989516477e-7
-1.2524133657507716e-6
-2.14923769802711e-6
-3.625117404706822e-6
-6.050655533933326e-6
-0.000010039415277511775
-0.00001660838645385974
-0.000027446677631976608
-0.00004536680856143143
-0.00007506536829375994
-0.00012441006574467282
-0.0002066269617633608
-0.0003440319627341252
-0.0005744325019052945
-0.000962110331354632
-0.0016168878627243442
-0.0027262714688515858
-0.004612996524076752
-0.007815727745578701
-0.01326335771252528
-0.022200013067162107
-0.036452731763053366
-0.052660173603108526
-0.029311082592375345
0.1730595834900785
0.17305959462198411
-0.029311081951516306
-0.05266017465525339
-0.03645273524529544
-0.022200018704690266
-0.013263365454324664
-0.007815737497202917
-0.004613008168497163
-0.0027262848654994003
-0.0016169028533277296
-0.0009621267475239295
-0.0005744501706890367
-0.0003440507161697953
-0.00020664663907174078
-0.0001244305190284094
-0.00007508646530337749
-0.0000453884305216466
-0.00002746872384256634
-0.000016630771198691355
-0.00001006206617218096
-6.073513403356074e-6
-3.648135410130107e-6
-2.1723757474720637e-6
-1.275641474113966e-6
-7.342785519054587e-7
-4.14112237493004e-7
-2.3622880010370823e-7
-1.5698115134855402e-7
-1.5698087866867439e-7
-2.3622880078213633e-7
-4.141115851265572e-7
-7.342785982968818e-7
-1.2756413719849421e-6
-2.172376024147151e-6
-3.648135679364402e-6
-6.073513293359213e-6
-0.000010062065578514747
-0.000016630771071434748
-0.00002746872378177975
-0.00004538843036429462
-0.00007508646534574645
-0.0001244305191685002
-0.0002066466395445167
-0.00034405071624834973
-0.0005744501705038041
-0.0009621267475537123
-0.0016169028531147407
-0.0027262848656108615
-0.004613008168787127
-0.00781573749688681
-0.013263365454198628
-0.022200018704936954
-0.03645273524521742
-0.05266017465506389
-0.029311081953092098
0.17305959462456993
0.1730596229905454
-0.029311080065617175
-0.0526601768836662
-0.03645274351369508
-0.02220003228307354
-0.013263384201219378
-0.007815761151414309
-0.004613036411449814
-0.002726317326075794
-0.001616939119263082
-0.0009621663857851662
-0.0005744927470842112
-0.0003440958105139838
-0.0002066938577781475
-0.00012447950371075126
-0.00007513689697183389
-0.00004544003254518903
-0.00002752126052819469
-0.000016684044240145576
-0.000010115913517793492
-6.127803321173902e-6
-3.702761618152602e-6
-2.2272543102489975e-6
-1.3307058112125068e-6
-7.894753337193637e-7
-4.694001793621373e-7
-2.9157347552291094e-7
-2.12353084790431e-7
-2.1235302844427036e-7
-2.915737038338964e-7
-4.6940023770151795e-7
-7.894758543289114e-7
-1.330705491313716e-6
-2.2272546244279066e-6
-3.7027620078419256e-6
-6.127803290138811e-6
-0.000010115914114238623
-0.00001668404459045278
-0.00002752126021818541
-0.00004544003234995857
-0.00007513689681912168
-0.0001244795035069013
-0.00020669385833308726
-0.0003440958104406821
-0.0005744927476923515
-0.0009621663859544416
-0.0016169391194304156
-0.002726317326419909
-0.004613036411493569
-0.007815761150618234
-0.013263384201435125
-0.02220003228310618
-0.036452743514512304
-0.05266017688489261
-0.029311080065791414
0.17305962299216332
0.17305969564510115
-0.029311074612792115
-0.052660181504915846
-0.03645276322388298
-0.022200065144708216
-0.013263429811785871
-0.007815818782605236
-0.0046131052021830396
-0.002726396287578019
-0.0016170271730582032
-0.0009622624201117748
-0.0005745956637032846
-0.0003442045622311104
-0.00020680747855611811
-0.0001245971264970256
-0.00007525776221098507
-0.000045563490246449424
-0.00002764676416304616
-0.00001681114227925323
-0.000010244240683060219
-6.257065438070933e-6
-3.832726595283338e-6
-2.3577414029761355e-6
-1.4615725684863402e-6
-9.206124307380646e-7
-6.007210285239454e-7
-4.230070602399113e-7
-3.438407229694537e-7
-3.4384076561914017e-7
-4.2300691675381264e-7
-6.007205843206869e-7
-9.206123298168527e-7
-1.4615723601851703e-6
-2.3577416601700264e-6
-3.832726438916816e-6
-6.25706498822094e-6
-0.000010244240935761605
-0.00001681114226353418
-0.000027646763950867653
-0.0000455634907269746
-0.00007525776244153036
-0.000124597126855661
-0.00020680747860487696
-0.000344204561595563
-0.0005745956642264217
-0.0009622624194482836
-0.001617027173246837
-0.002726396287770187
-0.004613105201777528
-0.007815818783102176
-0.013263429812435118
-0.022200065144475707
-0.036452763225397186
-0.05266018150599998
-0.029311074612475202
0.17305969564559281
0.17305988277123416
-0.029311059076957503
-0.05266019079609568
-0.03645281043549278
-0.02220014510671911
-0.013263541367050036
-0.007815959896742507
-0.0046132735267622035
-0.0027265891791249082
-0.0016172418056915909
-0.0009624959322434539
-0.0005748452727779387
-0.00034446766090498915
-0.00020708170006693285
-0.00012488037865442326
-0.00007554824115853017
-0.00004585967416238271
-0.000027947393247288545
-0.000017115193809402464
-0.000010550895920221668
-6.565678023204013e-6
-4.142794041307479e-6
-2.668875825910843e-6
-1.773475553636991e-6
-1.2330567227859716e-6
-9.135293411690157e-7
-7.360394095018243e-7
-6.569798456226364e-7
-6.569797033345852e-7
-7.360394805108715e-7
-9.135296613464932e-7
-1.2330567356343247e-6
-1.7734757071695516e-6
-2.6688756712680096e-6
-4.142793841567404e-6
-6.565678166239325e-6
-0.000010550896155145807
-0.00001711519380092642
-0.000027947393574854783
-0.000045859674422438844
-0.00007554824096881473
-0.00012488037886875333
-0.00020708170009570436
-0.0003444676608855259
-0.0005748452731648208
-0.0009624959314338423
-0.0016172418063687564
-0.002726589179382225
-0.004613273526152621
-0.00781595989740289
-0.013263541366962936
-0.02220014510612641
-0.036452810435924736
-0.05266019079492667
-0.029311059077049638
0.17305988277068002
0.17306036765868604
-0.029311015272017942
-0.05266020863290598
-0.03645292418730745
-0.022200340899844143
-0.013263815835044383
-0.007816307331216157
-0.004613687492970232
-0.0027270625823660136
-0.0016177672162355774
-0.0009630659670284221
-0.0005754528835165153
-0.00034510635960279906
-0.0002077456945733791
-0.00012556463756138698
-0.00007624849947972874
-0.000046572391536387175
-0.000028669688912686716
-0.00001784476419351933
-0.000011285926559457175
-7.304761168969636e-6
-4.8848506038493454e-6
-3.413085022495408e-6
-2.5192199614207287e-6
-1.979869906819448e-6
-1.6610556133784453e-6
-1.4840015359835804e-6
-1.4051478458884212e-6
-1.4051477831224432e-6
-1.4840020761349379e-6
-1.6610560146869367e-6
-1.979869655285657e-6
-2.5192202042345226e-6
-3.4130847944590623e-6
-4.8848499776215245e-6
-7.304761014492417e-6
-0.00001128592610093977
-0.000017844763618263444
-0.000028669689088897813
-0.000046572391375073
-0.0000762484993974278
-0.00012556463759084952
-0.00020774569421764473
-0.0003451063592454002
-0.0005754528834198111
-0.0009630659668080947
-0.0016177672165606951
-0.002727062582006092
-0.0046136874928549634
-0.007816307331670968
-0.0132638158347199
-0.02220034089952122
-0.03645292418681996
-0.05266020863195039
-0.029311015272120485
0.17306036765882404
0.17306163237468442
-0.029310892638879694
-0.052660240411069204
-0.03645320027460093
-0.022200823816978486
-0.013264495692250418
-0.007817168029275672
-0.004614711300693877
-0.0027282303797756826
-0.0016190594143933945
-0.0009644634904196673
-0.0005769378771049678
-0.00034666269815621326
-0.0002093592511205708
-0.00012722336640298156
-0.00007794237063950237
-0.00004829322915244983
-0.00003041095611565838
-0.000019601322550631343
-0.00001305379986921073
-9.080915574430573e-6
-6.666997786020433e-6
-5.1995164896395894e-6
-4.308668904889224e-6
-3.7713956404451474e-6
-3.453955043003253e-6
-3.2777334632505777e-6
-3.199271479689366e-6
-3.199271579475231e-6
-3.2777337142721857e-6
-3.453955045007091e-6
-3.7713956701278755e-6
-4.30866879927842e-6
-5.199516265885025e-6
-6.666997821741364e-6
-9.080915639805287e-6
-0.00001305379967442887
-0.00001960132253995053
-0.00003041095657268864
-0.000048293229352226054
-0.00007794237082322313
-0.00012722336624696042
-0.00020935925107174342
-0.00034666269784275247
-0.0005769378771903224
-0.00096446349046842
-0.0016190594143622727
-0.002728230379688253
-0.004614711300879197
-0.007817168029107365
-0.013264495691679621
-0.02220082381666654
-0.03645320027413122
-0.05266024041132901
-0.02931089263911712
0.1730616323748609
0.17306495474427808
-0.029310551072435003
-0.05266028960148254
-0.03645387651132295
-0.022202025106065233
-0.013266192670974071
-0.007819315024597822
-0.004617259179382833
-0.0027311274044702193
-0.0016222537996805728
-0.0009679059084488083
-0.0005805831343282855
-0.0003504708203161058
-0.00021329592666788892
-0.00013125991832806767
-0.0000820553852052678
-0.000052463988845907666
-0.000034624775713769775
-0.000023846872705188505
-0.000017322473073879096
-0.00001336625968034766
-0.00001096423282944298
-9.505136230889708e-6
-8.620115846707676e-6
-8.086807503582896e-6
-7.77196291478682e-6
-7.597301198350632e-6
-7.519570447769329e-6
-7.519570699911347e-6
-7.597301375923775e-6
-7.771962744637484e-6
-8.086807615414344e-6
-8.62011535794041e-6
-9.5051359042527e-6
-0.00001096423317821956
-0.000013366259836135346
-0.00001732247345141526
-0.00002384687275258313
-0.0000346247758131845
-0.00005246398876521621
-0.00008205538479928585
-0.00013125991808812733
-0.00021329592725243506
-0.00035047082030852377
-0.0005805831351749424
-0.0009679059086181946
-0.0016222537998019705
-0.002731127404912957
-0.0046172591794216376
-0.007819315024608128
-0.013266192670922479
-0.022202025105659745
-0.03645387651162405
-0.052660289601900806
-0.02931055107218264
0.17306495474418493
0.17307375079001316
-0.029309603146425854
-0.052660342335866375
-0.03645555199741655
-0.022205043499660054
-0.01327046583782232
-0.007824712555496454
-0.004623644125667178
-0.002738359232718042
-0.0016301953332392778
-0.0009764295866777357
-0.0005895747841871625
-0.00035983173018835587
-0.00022294323615727226
-0.00014112586561658384
-0.00009208581910871526
-0.00006261651459479553
-0.00004486680296409175
-0.0000341537579057951
-0.000027675854241496972
-0.000023752632035135138
-0.000021373777654065488
-0.000019930781457086365
-0.00001905679878082406
-0.000018530908385655894
-0.00001822086747664622
-0.00001804906911300242
-0.000017972673137852523
-0.000017972673087670886
-0.000018049068788334996
-0.00001822086721757915
-0.000018530908493765542
-0.000019056799138452645
-0.00001993078210489111
-0.00002137377787770758
-0.00002375263177964644
-0.000027675854085845052
-0.00003415375751444727
-0.000044866803149594384
-0.00006261651458780555
-0.00009208581896000366
-0.00014112586587955436
-0.00022294323562774488
-0.0003598317295586273
-0.0005895747849725128
-0.0009764295862731388
-0.0016301953332822326
-0.002738359232876157
-0.004623644125003627
-0.007824712555580034
-0.013270465837861598
-0.022205043499221037
-0.03645555199830195
-0.05266034233519006
-0.029309603145859724
0.17307375078860027
0.1730972377416964
-0.029306979545036044
-0.05266031703967918
-0.0364597639875254
-0.022212717969568342
-0.013281335218299013
-0.007838401939521726
-0.0046397695869604405
-0.002756537763934011
-0.0016500631429117762
-0.0009976571869179554
-0.0006118747296885947
-0.000382961634523891
-0.0002467045337331478
-0.00016535999316683112
-0.00011666896821118476
-0.00008745391903272975
-0.00006988720122369739
-0.00005930440516099617
-0.00005291825741675887
-0.0000490590491858338
-0.000046724432400634147
-0.00004531169950822488
-0.00004445816536675783
-0.00004394583623707106
-0.000043644478985398325
-0.00004347781239477137
-0.000043403794153283964
-0.0000434037939310444
-0.00004347781203529876
-0.00004364447929542814
-0.00004394583580389414
-0.00004445816492471684
-0.00004531169923363479
-0.00004672443221972688
-0.000049059049826792526
-0.00005291825792306411
-0.00005930440536650661
-0.00006988720167950017
-0.00008745391865050807
-0.00011666896783547668
-0.00016535999340712014
-0.00024670453318446895
-0.0003829616348132468
-0.0006118747303223713
-0.0009976571864813784
-0.001650063143189653
-0.002756537763618068
-0.004639769586167757
-0.007838401939857596
-0.01328133521826707
-0.022212717969903692
-0.03645976398741818
-0.05266031703809913
-0.029306979545346758
0.17309723774025473
0.17316053798996534
-0.029299735615536893
-0.052659930423909734
-0.03647054805824167
-0.022232506316089556
-0.013309305917546168
-0.00787346959359244
-0.00468085202228736
-0.0028025885531555096
-0.001700117631764403
-0.001050866727622505
-0.0006675195759664516
-0.00044045131195442487
-0.00030556806875367516
-0.0002252309332016456
-0.0001772683013234864
-0.0001485732377294444
-0.00013137345227706362
-0.0001210468650452547
-0.00011483788691499282
-0.0001111000900746774
-0.00010884794810945181
-0.00010749072646815835
-0.00010667413680202411
-0.00010618597361663798
-0.00010589990881591842
-0.0001057421955740846
-0.00010567230096496642
-0.0001056723007160915
-0.00010574219529459192
-0.00010589990931575312
-0.0001061859733268615
-0.00010667413726704586
-0.00010749072693465764
-0.00010884794802049584
-0.00011110008981618798
-0.00011483788636889797
-0.00012104686436640018
-0.0001313734518353304
-0.00014857323762891003
-0.00017726830163326395
-0.00022523093343235456
-0.00030556806859207303
-0.0004404513123379161
-0.0006675195756276344
-0.001050866727427711
-0.0017001176315190841
-0.0028025885529655205
-0.004680852022138992
-0.007873469593949065
-0.013309305917422892
-0.022232506316718387
-0.036470548057231544
-0.05265993042343893
-0.029299735616002166
0.17316053798857298
0.1733328685906424
-0.029279793123860608
-0.05265843367292386
-0.036498797800652356
-0.02228438249986546
-0.013382253252644674
-0.007964324324082155
-0.004786549669673451
-0.002920266993462958
-0.0018272240157763738
-0.001185226477563044
-0.0008073450930084264
-0.0005843198084477056
-0.0004523774804825058
-0.0003741477330284134
-0.00032767497566086495
-0.00030002053823850446
-0.00028353971865278027
-0.00027370500506778436
-0.0002678295476620168
-0.0002643160451657597
-0.0002622135569602489
-0.000260955369832638
-0.0002602036564108201
-0.0002597573279796147
-0.0002594974137810349
-0.0002593548627338035
-0.0002592919092065651
-0.0002592919093736478
-0.000259354862835732
-0.0002594974140444679
-0.00025975732805962927
-0.0002602036566173038
-0.00026095536931563493
-0.00026221355696435676
-0.0002643160449108832
-0.0002678295479082949
-0.0002737050053244855
-0.00028353971849877087
-0.0003000205384840986
-0.0003276749755237978
-0.00037414773301588315
-0.0004523774807143758
-0.0005843198087702094
-0.0008073450927697848
-0.001185226478140438
-0.0018272240151693917
-0.002920266993742253
-0.004786549669782746
-0.007964324324181801
-0.013382253252501506
-0.022284382500011912
-0.03649879779992021
-0.052658433673420504
-0.029279793122560613
0.17333286858911756
0.1738070779788074
-0.029225149852563255
-0.05265452590375142
-0.03657491173066588
-0.02242305520260951
-0.013575445736805388
-0.008202759961613276
-0.0050615228989399595
-0.0032239575284152347
-0.0021529075357895654
-0.0015273770920133053
-0.0011615747931866664
-0.0009472509110309262
-0.000821476523665637
-0.00074755690131605
-0.0007040581150066083
-0.0006784327769329122
-0.0006633226320915209
-0.000654405626351466
-0.0006491397269807896
-0.0006460281781991474
-0.0006441889332865242
-0.0006431019240720971
-0.0006424605406482847
-0.0006420843214626881
-0.0006418676816110221
-0.0006417499740301592
-0.0006416983218360978
-0.0006416983223925834
-0.0006417499738687331
-0.0006418676814682351
-0.0006420843215946554
-0.0006424605405615867
-0.0006431019239396471
-0.0006441889336469258
-0.000646028178188394
-0.00064913972721325
-0.0006544056265265648
-0.0006633226322858915
-0.0006784327775555988
-0.000704058114891734
-0.0007475569017141247
-0.0008214765240840985
-0.0009472509106874516
-0.0011615747928154852
-0.0015273770919921183
-0.0021529075354185636
-0.003223957529154929
-0.00506152289903058
-0.00820275996213723
-0.013575445737096653
-0.022423055202275062
-0.036574911730257495
-0.05265452590336161
-0.02922514985176867
0.1738070779775025
0.1751261719936123
-0.02907673240886842
-0.05264930044328785
-0.03678701977827977
-0.02280225453422845
-0.014096167516308128
-0.008837691108359493
-0.005785913827211533
-0.004016529939490342
-0.002996098744730909
-0.0024073221128295755
-0.002067678966268513
-0.0018716545981453609
-0.001758488876310423
-0.0016931428329055036
-0.0016554069906231602
-0.0016336165491443089
-0.0016210359388100278
-0.001613774625908255
-0.0016095851157813864
-0.001607169101568526
-0.0016057767501386874
-0.0016049751940973508
-0.0016045147862850453
-0.0016042518738379691
-0.00160410428479665
-0.0016040258242709204
-0.0016039919110785237
-0.0016039919112371553
-0.0016040258241397033
-0.0016041042845861089
-0.0016042518740874705
-0.0016045147867119276
-0.0016049751941571424
-0.0016057767497021248
-0.0016071691014597472
-0.0016095851156345269
-0.0016137746257597508
-0.0016210359389445244
-0.0016336165489474618
-0.0016554069901951018
-0.001693142832858902
-0.0017584888756869896
-0.0018716545973271425
-0.002067678966545794
-0.0024073221126389367
-0.002996098745027689
-0.004016529939462906
-0.005785913826905223
-0.008837691108582306
-0.01409616751582245
-0.022802254533620447
-0.03678701977781905
-0.05264930044187052
-0.0290767324096404
0.17512617199221825
0.17883048083533765
-0.02868055655821327
-0.05266916786986518
-0.03740159363389825
-0.02386644161092986
-0.015527944928307915
-0.010556560970238785
-0.007721728641423635
-0.006111901661415431
-0.005205786857134015
-0.00469718062827361
-0.004412707875915417
-0.004254048117401137
-0.004165842540103161
-0.0041169762199651854
-0.004090012622007453
-0.004075203743444342
-0.004067115023557893
-0.004062725773827868
-0.0040603627907693386
-0.004059102938737733
-0.004058439269455565
-0.0040580949104669405
-0.004057919646579137
-0.004057832650565534
-0.004057790923782408
-0.004057772043946998
-0.004057764888143806
-0.004057764887714534
-0.004057772044209619
-0.0040577909238781636
-0.00405783265007088
-0.004057919646390958
-0.004058094910187786
-0.0040584392691583706
-0.004059102939307782
-0.004060362790646781
-0.004062725773752702
-0.004067115023829264
-0.004075203742517095
-0.004090012621649616
-0.004116976219890333
-0.004165842539891841
-0.004254048117763075
-0.004412707876290544
-0.004697180627975871
-0.005205786857412689
-0.006111901661066631
-0.007721728641631934
-0.010556560970360333
-0.015527944928324697
-0.023866441611344175
-0.03740159363279649
-0.0526691678678952
-0.028680556560308802
0.17883048083491954
0.18927887944674043
-0.02766096327054496
-0.05289580230475847
-0.03926013124019764
-0.026940322639858818
-0.019553089056247194
-0.015296664900983935
-0.012979732127082472
-0.011735407195401174
-0.011080718478406044
-0.01074166869950062
-0.010569592230991732
-0.010484401453864232
-0.010443660469271065
-0.010425164042152858
-0.010417477784924741
-0.010414824915674956
-0.010414360126119113
-0.010414731115386558
-0.010415329410923362
-0.010415906039680851
-0.010416378131123501
-0.010416734081649216
-0.010416988714836256
-0.010417163217345642
-0.010417276968671764
-0.010417344772693004
-0.010417376307653669
-0.010417376306895133
-0.01041734477220373
-0.010417276968443188
-0.010417163216834464
-0.01041698871486679
-0.010416734081965005
-0.010416378131102983
-0.01041590603956632
-0.010415329410534635
-0.01041473111547133
-0.01041436012587368
-0.01041482491532543
-0.01041747778557641
-0.010425164042190155
-0.010443660468959448
-0.010484401453976475
-0.010569592230447544
-0.010741668699601734
-0.011080718478391004
-0.01173540719499074
-0.012979732127292243
-0.015296664900263376
-0.01955308905667099
-0.02694032264052232
-0.039260131238882265
-0.05289580230399696
-0.027660963272477967
0.18927887944649047
0.2184204272328674
-0.025252866181034766
-0.054315425385953506
-0.0451280446056754
-0.036089938558926546
-0.031138904253177033
-0.028632849928771548
-0.027522325863467895
-0.027089711746750178
-0.02696810797194246
-0.02697315507029539
-0.02701998415190427
-0.027072509070910092
-0.02711763929004754
-0.02715231818041495
-0.027177383751319322
-0.02719482022930103
-0.02720663920865532
-0.02721450357454936
-0.027219665098750234
-0.027223017012858827
-0.02722517514812358
-0.027226553991690626
-0.02722742743011601
-0.027227973506648344
-0.027228305775051018
-0.027228494372288276
-0.027228579528777216
-0.027228579529049085
-0.027228494372514903
-0.02722830577552472
-0.02722797350686896
-0.027227427429516296
-0.027226553991506572
-0.027225175148174137
-0.02722301701282162
-0.02721966509892548
-0.027214503575272636
-0.027206639207911894
-0.027194820229083864
-0.02717738375119278
-0.027152318179932737
-0.02711763929033241
-0.027072509071382145
-0.027019984152239843
-0.026973155070833338
-0.026968107971620546
-0.027089711746581577
-0.027522325863339792
-0.02863284992814414
-0.031138904253402114
-0.03608993855919611
-0.045128044605899836
-0.05431542538738189
-0.025252866180597962
0.21842042723275312
0.29491681423362326
-0.020871364968221312
-0.06164858745271959
-0.06429476166510123
-0.06401961985322713
-0.06518212813229468
-0.06684170109005852
-0.06843968801980155
-0.0697319428564731
-0.07068553488224852
-0.07135197125744594
-0.0718013903717295
-0.07209723187819655
-0.07228867307467836
-0.07241103772858443
-0.07248854340545746
-0.0725373049537652
-0.07256782724435845
-0.07258685944668462
-0.07259869217953191
-0.0726060317891829
-0.07261057513598904
-0.07261338101151811
-0.07261510710405258
-0.07261615966006636
-0.0726167870830243
-0.07261713769169263
-0.07261729444343185
-0.07261729444362179
-0.07261713769127412
-0.07261678708267047
-0.07261615966054466
-0.07261510710462993
-0.07261338101216587
-0.0726105751365847
-0.0726060317892424
-0.0725986921794664
-0.07258685944627377
-0.07256782724398594
-0.07253730495456184
-0.07248854340565754
-0.07241103772890613
-0.07228867307535472
-0.07209723187816078
-0.0718013903714578
-0.07135197125731893
-0.07068553488250359
-0.06973194285689265
-0.06843968801969616
-0.06684170109038637
-0.06518212813247473
-0.06401961985324617
-0.06429476166536208
-0.061648587452967404
-0.020871364967383597
0.2949168142332717
0.44881368609391964
-0.02125259786157235
-0.09374020744799513
-0.12617756951301518
-0.14867005594809035
-0.1646722595362003
-0.17582564865807038
-0.18319294302496025
-0.1879376717259366
-0.19092422065668735
-0.19277940494719245
-0.19392074335617257
-0.19461868340903776
-0.19504377452015723
-0.19530205198822354
-0.19545875523203737
-0.1955537668744476
-0.19561136429597906
-0.1956462871025993
-0.1956674703422681
-0.1956803259798037
-0.1956881308160157
-0.19569286837617766
-0.19569573856455244
-0.19569746562885618
-0.19569848369229942
-0.19569904771376465
-0.1956992984926942
-0.19569929849250678
-0.19569904771366886
-0.1956984836915031
-0.19569746562792487
-0.19569573856444766
-0.195692868375844
-0.1956881308153254
-0.19568032597988957
-0.19566747034260112
-0.19564628710242654
-0.19561136429589082
-0.19555376687413417
-0.19545875523139253
-0.19530205198796333
-0.1950437745197995
-0.1946186834090305
-0.19392074335623807
-0.19277940494790832
-0.19092422065696774
-0.18793767172503628
-0.18319294302490574
-0.17582564865886277
-0.1646722595362486
-0.14867005594810592
-0.12617756951262926
-0.09374020744695712
-0.021252597863841687
0.4488136860947238
0.307876011011419
-0.07121092964835432
-0.17045726704890113
-0.2707492893542178
-0.3499259293315138
-0.400517057957656
-0.4322016809358097
-0.45114429281977575
-0.4623782157310907
-0.46897856130400284
-0.4728511729195389
-0.47512271981289467
-0.47645721836177946
-0.47724285533760863
-0.47770652674334935
-0.4779808921333781
-0.4781436664610409
-0.4782404835559141
-0.4782982112221015
-0.47833271155139995
-0.4783533742807603
-0.4783657717650718
-0.4783732181453013
-0.47837768733370367
-0.4783803545840636
-0.47838191603866764
-0.47838277648274785
-0.4783831577464185
-0.47838315774555107
-0.47838277648372307
-0.4783819160388093
-0.4783803545832162
-0.4783776873341174
-0.47837321814584777
-0.4783657717642612
-0.4783533742820835
-0.4783327115510887
-0.4782982112221459
-0.478240483556268
-0.4781436664613926
-0.47798089213272743
-0.4777065267445695
-0.4772428553370627
-0.4764572183610979
-0.4751227198128735
-0.4728511729179697
-0.4689785613049122
-0.46237821573050747
-0.45114429281891893
-0.4322016809374847
-0.40051705795747855
-0.34992592932989575
-0.27074928935558695
-0.1704572670459396
-0.07121092964952372
0.3078760110120272
-5.27563631646297
0.8100926895797581
1.5915721530952083
1.3490508748389787
1.1166757981663415
0.9764614094725044
0.8951383121760402
0.8497809642236107
0.8243452109520581
0.8100617638505264
0.801980728687145
0.7973794441396266
0.794741792158946
0.7932205613173624
0.7923382624958404
0.7918239308785455
0.7915227180000914
0.7913455776125645
0.7912410074302726
0.7911790646911842
0.7911422595806803
0.7911203334609895
0.791107247777945
0.7910994387843798
0.7910948017014285
0.7910920986125214
0.7910906140354188
0.7910899576084793
0.7910899576105581
0.7910906140353995
0.7910920986073028
0.7910948017082848
0.7910994387783137
0.7911072477772236
0.7911203334623591
0.7911422595825732
0.7911790646807578
0.7912410074418856
0.7913455776008973
0.7915227180044656
0.7918239308828718
0.7923382624891024
0.7932205613244767
0.794741792153401
0.7973794441336237
0.8019807286986065
0.8100617638496188
0.8243452109458786
0.8497809642425498
0.8951383121594505
0.9764614094721761
1.1166757981807791
1.3490508748110783
1.5915721531046376
0.8100926895854779
-5.2756363164667555