-361.5962292443086
-17.279483066551172
-17.75656968772448
11.667058850336666
16.049549222461064
20.81143528238525
22.407197388115698
23.465075012957236
23.944453522342286
24.21958454995169
24.359389168040366
24.436521423730724
24.47753676584426
24.50000701120758
24.512200017114658
24.51889555713468
24.522568015704977
24.5245936803395
24.525712349659678
24.52633213805131
24.526676095920127
24.526867381581752
24.526973888572677
24.52703320764855
24.52706613933325
24.527084172549326
24.527093567705204
24.52709757427469
24.52709757425987
24.527093567711624
24.527084172520546
24.527066139336302
24.527033207633984
24.52697388860191
24.52686738155623
24.526676095932558
24.526332138020056
24.525712349694864
24.524593680309174
24.52256801571984
24.518895557137533
24.51220001711681
24.500007011207373
24.4775367658289
24.43652142372857
24.359389168051614
24.219584549966562
23.944453522347786
23.46507501295782
22.407197388107768
20.81143528234881
16.049549222472404
11.667058850297764
-17.75656968768442
-17.27948306653035
-361.59622924430766
-92.85633688373368
-5.817701241190804
-11.397599145079209
-2.440349959394448
-1.679685469141286
-0.1332541189082691
0.343869532615077
0.7132716704571855
0.8817023384941525
0.9849474943066334
1.038666874144609
1.0694395273195818
1.0861969532647655
1.0956183991384076
1.1008365141649716
1.1037591782144334
1.1053898950760628
1.106303819329845
1.106815809539434
1.1071032523231068
1.1072647144594046
1.1073555199319272
1.1074066046572746
1.107435328358571
1.1074514132751228
1.107460288650838
1.1074649413432724
1.1074669337213159
1.1074669337203242
1.1074649413437445
1.1074602886499108
1.1074514132751396
1.107435328359256
1.1074066046597424
1.1073555199322604
1.1072647144594971
1.1071032523201003
1.106815809540185
1.1063038193289896
1.105389895076884
1.1037591782162628
1.1008365141645473
1.095618399139251
1.0861969532602789
1.0694395273195565
1.0386668741449812
0.9849474943059328
0.8817023384948393
0.7132716704521991
0.3438695326165797
-0.13325411890885794
-1.6796854691409813
-2.440349959399046
-11.397599145072196
-5.817701241185034
-92.85633688373235
-23.696633104838615
-1.7376942374851092
-4.52368260918438
-1.690207946864164
-1.6365335466334714
-1.116839071507739
-0.9782604681533346
-0.8471339314246296
-0.7880846928169404
-0.7488609620780371
-0.7280137349571056
-0.7155156580487994
-0.7085242789140527
-0.7044655205111914
-0.7021602702107355
-0.700836065262618
-0.7000807503530355
-0.6996484672209148
-0.6994016392435567
-0.6992605677768826
-0.6991800074327952
-0.6991339973400658
-0.6991077403855652
-0.6990927795216744
-0.6990842994875839
-0.6990795700402108
-0.6990770691226136
-0.699075991937721
-0.6990759919380223
-0.6990770691220292
-0.6990795700411492
-0.6990842994871002
-0.699092779521842
-0.6991077403851699
-0.6991339973406046
-0.6991800074320482
-0.6992605677777921
-0.6994016392435587
-0.6996484672212006
-0.7000807503527694
-0.7008360652631922
-0.7021602702104591
-0.7044655205104324
-0.7085242789141942
-0.7155156580481592
-0.7280137349570339
-0.7488609620785482
-0.7880846928172127
-0.8471339314250715
-0.9782604681539777
-1.1168390715074055
-1.6365335466336948
-1.6902079468636444
-4.523682609184759
-1.7376942374834763
-23.696633104838142
1.6341418717226377
-0.19139878166663382
-1.2615208799634932
-0.9702400200364829
-1.0945266619418548
-1.0142620326945786
-1.0072550203888706
-0.9818536462605846
-0.9710410073122316
-0.9617812625223842
-0.9566154098066106
-0.9531569884267161
-0.951110062591171
-0.9498396485712908
-0.9490820039429424
-0.9486253422024706
-0.9483541282128528
-0.9481929311090842
-0.9480977484019762
-0.9480416339942409
-0.9480086712774131
-0.9479893475470459
-0.9479780521555776
-0.9479714726237962
-0.947967668017122
-0.9479655087181005
-0.9479643507040053
-0.9479638472416166
-0.947963847241524
-0.94796435070389
-0.9479655087184579
-0.9479676680171423
-0.9479714726238511
-0.947978052155223
-0.9479893475474237
-0.9480086712766006
-0.9480416339943698
-0.9480977484020598
-0.9481929311089681
-0.9483541282131158
-0.9486253422023432
-0.9490820039428092
-0.9498396485708214
-0.9511100625912285
-0.9531569884262046
-0.9566154098064179
-0.9617812625220841
-0.9710410073120169
-0.9818536462607934
-1.0072550203891772
-1.0142620326943699
-1.0945266619424157
-0.9702400200370414
-1.2615208799651794
-0.19139878166687607
1.634141871719204
12.08791726672475
0.4876073768735442
0.23939411265020716
-0.5978413871443082
-0.7760483050431798
-0.8969828220572502
-0.9456224176640371
-0.9695110868583097
-0.9808207304364032
-0.9859478718671097
-0.9883765880101691
-0.9894243252091209
-0.9898835493272652
-0.9900585582678263
-0.9901178753910739
-0.9901281363855328
-0.990122070709278
-0.9901119393671216
-0.9901026395671768
-0.9900953938508504
-0.9900902150759199
-0.9900866881575507
-0.990084366792491
-0.990082877207453
-0.9900819447135001
-0.9900813804719062
-0.9900810628758403
-0.9900809204893031
-0.990080920488938
-0.9900810628759423
-0.9900813804716804
-0.9900819447136867
-0.9900828772077819
-0.9900843667923707
-0.9900866881572141
-0.9900902150755138
-0.9900953938506878
-0.9901026395676156
-0.9901119393667989
-0.9901220707094973
-0.9901281363853058
-0.9901178753909614
-0.9900585582678002
-0.989883549327669
-0.9894243252090869
-0.9883765880097493
-0.9859478718672289
-0.9808207304360914
-0.9695110868585142
-0.9456224176642423
-0.8969828220567407
-0.7760483050433516
-0.5978413871439648
0.23939411264990748
0.4876073768734248
12.08791726672511
16.65545081124391
0.8030722954236788
0.9360137582324162
-0.41628181585815904
-0.6143826735377962
-0.8299361632391802
-0.9035954899190568
-0.9510378190772675
-0.9727759703916946
-0.9849036205730829
-0.9910396176353494
-0.9943330913277137
-0.996054599727239
-0.9969699015273086
-0.997453213014696
-0.9977095014157685
-0.9978450973560282
-0.997916838397506
-0.9979547250122229
-0.9979746958602946
-0.9979851951486527
-0.9979906969565311
-0.9979935683970591
-0.9979950591647386
-0.9979958271965553
-0.99799621688317
-0.9979964060825534
-0.9979964826593277
-0.9979964826588257
-0.997996406083083
-0.9979962168831682
-0.9979958271964755
-0.9979950591658252
-0.9979935683969046
-0.9979906969564734
-0.9979851951484744
-0.9979746958596369
-0.9979547250129857
-0.9979168383970035
-0.9978450973562814
-0.9977095014155328
-0.9974532130149922
-0.9969699015277644
-0.996054599726466
-0.9943330913281074
-0.9910396176350382
-0.9849036205730166
-0.9727759703913608
-0.951037819077516
-0.9035954899192822
-0.829936163239233
-0.6143826735380122
-0.4162818158572387
0.936013758232236
0.8030722954238012
16.655450811246126
18.715948741558705
0.9526479377839174
1.2630003926760072
-0.32831428198260354
-0.5348902783934046
-0.7954912186089089
-0.8808484950678546
-0.9396905139995669
-0.9664422978868374
-0.982006819208577
-0.9899665818662056
-0.9943810945940994
-0.9967371644972558
-0.9980291613779131
-0.9987302625618913
-0.9991143676360792
-0.9993243323136698
-0.9994395346819787
-0.9995027417597291
-0.9995374783547846
-0.9995565758028488
-0.9995670826749559
-0.9995728632385559
-0.999576040906701
-0.9995777809002706
-0.9995787207006528
-0.9995792043330456
-0.9995794087614012
-0.9995794087606096
-0.9995792043333911
-0.9995787206999527
-0.9995777808993872
-0.999576040907679
-0.9995728632383849
-0.9995670826750198
-0.9995565758025002
-0.9995374783536909
-0.9995027417610348
-0.9994395346807601
-0.9993243323141305
-0.9991143676357916
-0.9987302625621431
-0.9980291613783471
-0.996737164496434
-0.9943810945944238
-0.9899665818664752
-0.9820068192087877
-0.9664422978867008
-0.9396905139994417
-0.8808484950684042
-0.7954912186087588
-0.5348902783936492
-0.3283142819814875
1.263000392674987
0.9526479377830523
18.71594874155923
19.664569266496642
1.0242265880129688
1.4179451364191915
-0.28561706830810984
-0.49609967665829835
-0.778297066977212
-0.8692474533504357
-0.9336417386351348
-0.9628333712588981
-0.9800934657127516
-0.9889553134167564
-0.9939301715090969
-0.996605126407035
-0.9980881386031044
-0.9989004540483704
-0.9993503917074323
-0.9995989650974368
-0.9997369252417709
-0.9998135030576387
-0.9998561050055954
-0.9998798223381002
-0.9998930421231662
-0.9999004132785886
-0.9999045212093874
-0.999906801631581
-0.9999080496266615
-0.9999086992555932
-0.9999089760747544
-0.9999089760741191
-0.9999086992556839
-0.9999080496262001
-0.9999068016304813
-0.9999045212107867
-0.9999004132785676
-0.9998930421232924
-0.9998798223373837
-0.9998561050047726
-0.9998135030590123
-0.9997369252407223
-0.9995989650978157
-0.9993503917069873
-0.9989004540484254
-0.9980881386037727
-0.9966051264061709
-0.9939301715092598
-0.9889553134169187
-0.9800934657127653
-0.9628333712583691
-0.9336417386347433
-0.8692474533511818
-0.7782970669766642
-0.49609967665823707
-0.28561706830689904
1.4179451364178872
1.0242265880123602
19.664569266495384
20.10752931088631
1.058676191731628
1.4919248045282392
-0.26483653867687246
-0.477187514832627
-0.7697896172180445
-0.8634473686774109
-0.9305549213413085
-0.960942144704894
-0.979040609408767
-0.9883499928338855
-0.9936050009537429
-0.9964401184709063
-0.9980197387770049
-0.9988886161662385
-0.9993722609306478
-0.9996407260826773
-0.999790491192309
-0.9998740512073598
-0.9999207891326204
-0.9999469528363172
-0.9999616194471928
-0.9999698449367076
-0.9999744560746061
-0.9999770308372651
-0.999978447751401
-0.9999791888451498
-0.9999795056950971
-0.9999795056949967
-0.9999791888451709
-0.9999784477514986
-0.999977030836484
-0.9999744560763524
-0.9999698449366072
-0.9999616194475538
-0.999946952835332
-0.9999207891325634
-0.999874051207911
-0.999790491191846
-0.9996407260824601
-0.9993722609305398
-0.9988886161662678
-0.9980197387782401
-0.9964401184699876
-0.9936050009538906
-0.9883499928334383
-0.9790406094088823
-0.9609421447043538
-0.9305549213413713
-0.8634473686780062
-0.7697896172178793
-0.4771875148327651
-0.26483653867608314
1.491924804528359
1.058676191731124
20.107529310886168
20.316552932150966
1.0753282583302124
1.527462848334392
-0.2546970677481082
-0.46795620095500234
-0.7655912077900779
-0.8605685774701155
-0.929004839372513
-0.9599802180068661
-0.9784935849260398
-0.9880252997390798
-0.9934202960038965
-0.9963357776805333
-0.9979641405044799
-0.9988616885098098
-0.9993625117511886
-0.9996411662210092
-0.9997970116337487
-0.9998841875344955
-0.9999330795616561
-0.9999605246886114
-0.9999759536036227
-0.9999846318794591
-0.9999895112833177
-0.999992243859463
-0.999993751822267
-0.999994542434604
-0.9999948810226573
-0.9999948810230419
-0.9999945424343699
-0.9999937518218782
-0.9999922438590736
-0.9999895112837471
-0.9999846318790897
-0.9999759536041852
-0.9999605246876959
-0.9999330795621016
-0.9998841875348681
-0.9997970116338923
-0.999641166220971
-0.9993625117511638
-0.9988616885096883
-0.9979641405049062
-0.9963357776800605
-0.9934202960042327
-0.9880252997388386
-0.9784935849263986
-0.9599802180071095
-0.9290048393730468
-0.8605685774703378
-0.7655912077897593
-0.46795620095483104
-0.2546970677475495
1.5274628483348422
1.0753282583294776
20.31655293215085
20.41599067377959
1.0834066187805038
1.5446197034507043
-0.2497385256633799
-0.4634422533179915
-0.7635202123087523
-0.8591434712068498
-0.9282314894391709
-0.959496867148341
-0.9782156470801274
-0.9878578714467459
-0.9933227607193449
-0.9962785186853731
-0.9979314189482626
-0.9988434576198746
-0.9993530019209103
-0.9996368512899488
-0.999795810799844
-0.999884847005089
-0.9999348525087399
-0.9999629631731952
-0.9999787899466075
-0.9999877057034129
-0.9999927265059468
-0.9999955426620732
-0.9999970990618232
-0.999997916115662
-0.9999982663418385
-0.9999982663420587
-0.9999979161159074
-0.9999970990618734
-0.999995542662883
-0.9999927265055443
-0.9999877057038435
-0.9999787899467211
-0.9999629631730078
-0.999934852508669
-0.9998848470047615
-0.9997958107997045
-0.9996368512902432
-0.9993530019210112
-0.9988434576202432
-0.997931418947573
-0.9962785186855674
-0.9933227607192622
-0.9878578714467297
-0.9782156470797673
-0.9594968671483084
-0.9282314894388859
-0.8591434712066777
-0.7635202123083944
-0.46344225331852207
-0.2497385256638196
1.5446197034506002
1.083406618780591
20.4159906737787
20.463602825172728
1.087337921950314
1.5529369522665584
-0.24730872935802456
-0.46123084782067025
-0.762498245525012
-0.8584385087713284
-0.9278467007702225
-0.959255280883573
-0.9780757879790088
-0.9877729506777946
-0.9932727084521593
-0.9962486288454824
-0.9979138575226101
-0.9988332019798569
-0.9993471595252981
-0.9996336472504894
-0.9997941943616235
-0.9998841825847419
-0.9999347601701974
-0.9999632141458581
-0.9999792469954741
-0.9999882862703577
-0.999993380924352
-0.9999962409116341
-0.9999978228091283
-0.9999986538262449
-0.9999990102113965
-0.9999990102114702
-0.999998653826573
-0.9999978228088499
-0.9999962409131722
-0.9999933809230875
-0.9999882862706968
-0.9999792469948636
-0.9999632141462378
-0.9999347601701432
-0.9998841825840198
-0.9997941943615011
-0.9996336472510523
-0.999347159525431
-0.9988332019802677
-0.9979138575214651
-0.9962486288462613
-0.9932727084516797
-0.9877729506785533
-0.9780757879785317
-0.9592552808837176
-0.9278467007699438
-0.8584385087714808
-0.7624982455248552
-0.46123084782122903
-0.24730872935895865
1.55293695226734
1.0873379219507422
20.463602825172803
20.486520904407932
1.0892563282009111
1.5569830662319202
-0.24611589907323173
-0.4601454932389797
-0.7619935876028607
-0.8580897529163519
-0.9276554507546888
-0.9591348230922772
-0.9780057258868206
-0.9877302029364305
-0.9932473454379611
-0.9962333496152624
-0.9979047627447428
-0.9988277831499257
-0.9993439681731966
-0.9996317916636952
-0.9997931451409823
-0.9998836184716814
-0.999934488540192
-0.9999631186333409
-0.9999792575672124
-0.9999883606514269
-0.9999934935917499
-0.9999963763818218
-0.9999979715858698
-0.9999988099103885
-0.9999991695239495
-0.9999991695241336
-0.9999988099100492
-0.9999979715856351
-0.9999963763819496
-0.9999934935903732
-0.9999883606517892
-0.9999792575669335
-0.9999631186336748
-0.9999344885409782
-0.9998836184710376
-0.9997931451417261
-0.9996317916632623
-0.9993439681734948
-0.9988277831499625
-0.9979047627445967
-0.9962333496158872
-0.9932473454378076
-0.9877302029368471
-0.9780057258872723
-0.9591348230927279
-0.9276554507550718
-0.8580897529159544
-0.7619935876030535
-0.4601454932386099
-0.2461158990738776
1.5569830662323765
1.089256328201444
20.486520904408223
20.497601053827744
1.090194745484029
1.5589572697864031
-0.24552934384587896
-0.45961189606643005
-0.7617441775387419
-0.8579171397998928
-0.92756042487673
-0.9590748257124379
-0.977970705156149
-0.9877087640283113
-0.9932345707716179
-0.9962256145027883
-0.9979001262700966
-0.998824993321286
-0.9993423002944314
-0.9996307983831598
-0.9997925602095612
-0.9998832798792998
-0.999934298893374
-0.9999630189325257
-0.999979212204551
-0.9999883480713871
-0.9999935007404236
-0.999996395315886
-0.9999979974157485
-0.9999988395360123
-0.9999992008290053
-0.9999992008299639
-0.9999988395358071
-0.9999979974162956
-0.99999639531577
-0.9999935007406295
-0.999988348071907
-0.9999792122045579
-0.9999630189321207
-0.999934298893552
-0.9998832798788659
-0.9997925602103956
-0.9996307983823667
-0.99934230029517
-0.9988249933209117
-0.99790012627062
-0.9962256145028491
-0.9932345707705877
-0.9877087640282224
-0.9779707051565336
-0.9590748257120745
-0.9275604248771373
-0.8579171397990254
-0.761744177539146
-0.45961189606679564
-0.24552934384637784
1.5589572697860752
1.0901947454832717
20.4976010538285
20.502977838321044
1.0906547737309913
1.55992301959955
-0.24524047676473026
-0.45934915062429266
-0.7616208090640649
-0.8578316538028252
-0.9275132070183509
-0.9590449545814337
-0.9779532188979074
-0.9876980324521398
-0.9932281564411674
-0.9962217175306225
-0.997897780462763
-0.9988235740779396
-0.9993414452659437
-0.9996302833834559
-0.9997922515172679
-0.9998830959375586
-0.9999341905638734
-0.9999629563748722
-0.9999791773693891
-0.9999883300040396
-0.9999934927902947
-0.9999963934243259
-0.9999979990777729
-0.9999988431572049
-0.9999992053186775
-0.9999992053192446
-0.9999988431565319
-0.9999979990773924
-0.9999963934235907
-0.9999934927900527
-0.9999883300042045
-0.999979177369377
-0.9999629563747152
-0.999934190563214
-0.9998830959379967
-0.9997922515177255
-0.9996302833827199
-0.9993414452663911
-0.9988235740775818
-0.9978977804628228
-0.9962217175302743
-0.9932281564404992
-0.9876980324530975
-0.9779532188984099
-0.9590449545814488
-0.9275132070188755
-0.857831653802307
-0.7616208090637016
-0.4593491506242168
-0.24524047676430294
1.559923019598929
1.0906547737307204
20.502977838320994
20.505595272433936
1.0908807198788177
1.5603965121456278
-0.24509801761019834
-0.459219588136512
-0.7615597335469624
-0.8577892880190026
-0.9274897388082157
-0.9590300834468005
-0.9779444922888473
-0.9876926660076881
-0.9932249411236489
-0.9962197592996112
-0.9978965982641113
-0.9988228563762458
-0.9993410109617727
-0.9996300202139181
-0.999792092390654
-0.9998829998519352
-0.9999341327666137
-0.9999629218054864
-0.999979156898763
-0.9999883180791749
-0.999993486033325
-0.9999963897677754
-0.9999979972437085
-0.9999988423293181
-0.9999992049381266
-0.9999992049383051
-0.9999988423295312
-0.9999979972438724
-0.9999963897676409
-0.9999934860329651
-0.9999883180795868
-0.9999791568987486
-0.9999629218058674
-0.9999341327665632
-0.9998829998521482
-0.9997920923903566
-0.9996300202138764
-0.9993410109623432
-0.9988228563761181
-0.997896598263856
-0.9962197592993453
-0.9932249411232723
-0.9876926660083196
-0.9779444922891254
-0.9590300834467719
-0.927489738808021
-0.8577892880186271
-0.7615597335465382
-0.45921958813615743
-0.24509801760852826
1.560396512144026
1.0908807198795374
20.50559527243416
20.50687294169807
1.09099188550794
1.5606291176740594
-0.24502767217952465
-0.45915561573936364
-0.7615294718259938
-0.857768277165601
-0.9274780704629149
-0.9590226789866865
-0.9779401380943578
-0.9876899838625803
-0.9932233308971715
-0.9962187767255868
-0.9978960037775625
-0.9988224946015132
-0.9993407914081558
-0.9996298866950359
-0.9997920112677405
-0.9998829505330153
-0.9999341027991316
-0.999962903599287
-0.9999791458435907
-0.9999883113675354
-0.9999934819524364
-0.9999963872687577
-0.9999979956760664
-0.9999988412771131
-0.9999992041150703
-0.9999992041154566
-0.9999988412774696
-0.9999979956768834
-0.9999963872691852
-0.9999934819522407
-0.9999883113679147
-0.9999791458437084
-0.9999629035991486
-0.9999341027990278
-0.9998829505330304
-0.9997920112677223
-0.9996298866949995
-0.9993407914084047
-0.998822494601705
-0.9978960037776954
-0.9962187767253665
-0.9932233308965757
-0.9876899838625559
-0.9779401380941162
-0.9590226789863121
-0.9274780704629649
-0.8577682771653126
-0.7615294718257921
-0.4591556157398178
-0.24502767217906263
1.5606291176732532
1.0909918855084726
20.506872941697253
20.507498113673375
1.0910466635633234
1.5607435866706343
-0.24499289536188534
-0.45912399098570505
-0.7615144656466986
-0.8577578497047607
-0.9274722665690958
-0.9590189913513012
-0.9779379655709721
-0.9876886436571743
-0.9932225249275104
-0.9962182841271487
-0.9978957052149287
-0.9988223125764439
-0.9993406807105213
-0.999629819212686
-0.9997919701441598
-0.9998829254345303
-0.9999340874659943
-0.9999628942105869
-0.9999791400760918
-0.9999883078022299
-0.9999934797236052
-0.9999963858449135
-0.9999979947264346
-0.999998840590592
-0.9999992035449681
-0.9999992035445746
-0.9999988405898599
-0.9999979947263786
-0.999996385844245
-0.9999934797231664
-0.999988307802266
-0.9999791400759044
-0.9999628942106482
-0.9999340874661937
-0.999882925434562
-0.9997919701443264
-0.9996298192126066
-0.9993406807099543
-0.9988223125760053
-0.9978957052147149
-0.9962182841275917
-0.9932225249279231
-0.9876886436573673
-0.9779379655714818
-0.9590189913512761
-0.9274722665695019
-0.857757849704359
-0.7615144656467812
-0.4591239909852327
-0.24499289536170338
1.5607435866714314
1.0910466635637652
20.50749811367386
20.507804659137378
1.0910736937370236
1.5608000069402974
-0.24497568412366144
-0.4591083400634385
-0.7615070186481093
-0.8577526711044081
-0.927469378392548
-0.9590171542369549
-0.9779368814821179
-0.987687974038644
-0.9932221216309293
-0.9962180372980708
-0.9978955553888849
-0.9988222210944431
-0.9993406249849887
-0.9996297851810743
-0.9997919493626914
-0.9998829127194446
-0.9999340796731767
-0.9999628894185335
-0.9999791371134781
-0.9999883059547412
-0.9999934785533857
-0.9999963850825682
-0.9999979942057136
-0.9999988402034052
-0.9999992032173597
-0.9999992032173188
-0.9999988402035989
-0.9999979942059058
-0.9999963850840006
-0.9999934785534591
-0.9999883059545844
-0.9999791371135309
-0.999962889418159
-0.999934079673228
-0.9998829127192246
-0.999791949362747
-0.9996297851815057
-0.9993406249845673
-0.998822221094135
-0.9978955553888458
-0.9962180372986011
-0.9932221216307437
-0.9876879740378697
-0.977936881481257
-0.9590171542363953
-0.9274693783927935
-0.8577526711042374
-0.761507018648824
-0.4591083400640964
-0.24497568412450305
1.5608000069400751
1.0910736937365537
20.507804659136262
20.50795525106711
1.0910870486618176
1.5608278548718417
-0.24496715770565092
-0.4591005866563108
-0.7615033202751628
-0.8577500975415441
-0.927467940494997
-0.9590162387021868
-0.9779363404271206
-0.9876876394589008
-0.9932219198528907
-0.9962179136544718
-0.9978954802397046
-0.9988221751503852
-0.9993405969606393
-0.9996297680424203
-0.9997919388799665
-0.9998829062940642
-0.9999340757267353
-0.99996288698457
-0.9999791356040548
-0.999988305009017
-0.9999934779504673
-0.9999963846869209
-0.9999979939323034
-0.9999988399974606
-0.9999992030418315
-0.9999992030411162
-0.9999988399975376
-0.999997993932106
-0.9999963846874964
-0.9999934779498414
-0.999988305008435
-0.9999791356041278
-0.999962886985373
-0.9999340757274924
-0.9998829062938843
-0.9997919388800138
-0.9996297680427408
-0.9993405969598943
-0.9988221751504034
-0.9978954802396596
-0.996217913655245
-0.9932219198532267
-0.9876876394587782
-0.9779363404262378
-0.959016238702588
-0.9274679404951617
-0.8577500975423052
-0.7615033202754057
-0.45910058665664244
-0.24496715770657257
1.5608278548732208
1.0910870486615538
20.50795525106777
20.508029353526425
1.0910936546056487
1.5608416175023294
-0.24496292985194176
-0.45909674206749435
-0.761501482293331
-0.8577488177697243
-0.9274672242991232
-0.9590157822750809
-0.9779360703336812
-0.9876874722663902
-0.9932218189023776
-0.9962178517287099
-0.997895442558681
-0.998822152087547
-0.9993405828762731
-0.999629759418341
-0.9997919335985558
-0.9998829030525973
-0.9999340737324255
-0.9999628857530256
-0.999979134838668
-0.9999883045280347
-0.9999934776425425
-0.9999963844837865
-0.9999979937903953
-0.9999988398908004
-0.9999992029497171
-0.999999202949668
-0.9999988398906153
-0.9999979937903651
-0.9999963844840813
-0.9999934776420433
-0.9999883045268352
-0.9999791348390353
-0.999962885753161
-0.9999340737332008
-0.9998829030516914
-0.9997919335990556
-0.9996297594189997
-0.9993405828760135
-0.9988221520872865
-0.9978954425586373
-0.99621785172946
-0.9932218189034159
-0.9876874722664113
-0.9779360703337128
-0.9590157822755199
-0.9274672242988435
-0.857748817770482
-0.7615014822933804
-0.45909674206717743
-0.2449629298519025
1.5608416175040007
1.091093654604623
20.50802935352918
20.508065871558802
1.0910969255915313
1.5608484268030587
-0.24496083170838984
-0.4590948340890792
-0.7615005682889309
-0.8577481809963672
-0.9274668674169568
-0.9590155546494223
-0.977935935473037
-0.9876873887080444
-0.9932217683956238
-0.9962178207165571
-0.99789542366851
-0.9988221405144377
-0.999340575801503
-0.9996297550822435
-0.9997919309404271
-0.9998829014189824
-0.9999340727265095
-0.9999628851306517
-0.9999791344504975
-0.9999883042833646
-0.9999934774852918
-0.9999963843794726
-0.9999979937180103
-0.9999988398360474
-0.9999992029028617
-0.9999992029030715
-0.9999988398357481
-0.9999979937186166
-0.9999963843803683
-0.9999934774855239
-0.999988304282852
-0.9999791344512813
-0.9999628851296716
-0.9999340727267553
-0.9998829014183626
-0.9997919309407619
-0.9996297550821243
-0.9993405758013463
-0.9988221405139275
-0.9978954236685045
-0.9962178207166441
-0.9932217683962643
-0.9876873887074958
-0.9779359354723516
-0.959015554648494
-0.9274668674162425
-0.8577481809965672
-0.7615005682889462
-0.4590948340893861
-0.2449608317095528
1.5608484268037528
1.0910969255906124
20.50806587155892
20.508083890396748
1.0910985466474332
1.5608517990109099
-0.24495978975914834
-0.4590938865508205
-0.7615001135340822
-0.8577478640102573
-0.9274666895214376
-0.9590154410986738
-0.9779358681245387
-0.9876873469444396
-0.9932217431270436
-0.9962178051875052
-0.9978954142008298
-0.9988221347083677
-0.9993405722487279
-0.9996297529024607
-0.9997919296026276
-0.9998829005954469
-0.9999340722189682
-0.9999628848160778
-0.9999791342551634
-0.999988304159904
-0.9999934774060941
-0.9999963843274149
-0.9999979936816232
-0.9999988398078448
-0.9999992028784115
-0.9999992028780398
-0.9999988398072829
-0.9999979936809655
-0.9999963843272188
-0.9999934774061001
-0.9999883041591557
-0.999979134254859
-0.9999628848162203
-0.9999340722192551
-0.9998829005961771
-0.9997919296023919
-0.9996297529028266
-0.9993405722483428
-0.9988221347083128
-0.99789541420083
-0.9962178051876777
-0.993221743127334
-0.9876873469445733
-0.9779358681248025
-0.9590154410996321
-0.9274666895213728
-0.8577478640116003
-0.7615001135337949
-0.4590938865509737
-0.24495978975853186
1.5608517990123127
1.0910985466471956
20.508083890398233
20.508092788047456
1.0910993503473057
1.5608534698467649
-0.24495927219683394
-0.45909341586900887
-0.7614998872552232
-0.8577477062074934
-0.927466600852541
-0.9590153844627767
-0.977935834499815
-0.9876873260768297
-0.9932217304904327
-0.9962177974150248
-0.9978954094577512
-0.9988221317974546
-0.9993405704662861
-0.9996297518079265
-0.9997919289304125
-0.9998829001815743
-0.9999340719640448
-0.9999628846574231
-0.9999791341558734
-0.9999883040968476
-0.9999934773659996
-0.9999963843000328
-0.9999979936627046
-0.9999988397931628
-0.9999992028657836
-0.9999992028659351
-0.99999883979354
-0.9999979936621533
-0.9999963843007544
-0.9999934773653154
-0.9999883040969253
-0.9999791341561259
-0.9999628846579264
-0.9999340719636158
-0.999882900182788
-0.999791928930004
-0.9996297518080369
-0.9993405704660676
-0.9988221317978955
-0.9978954094577399
-0.9962177974147646
-0.9932217304907098
-0.9876873260772425
-0.977935834499245
-0.9590153844633711
-0.927466600852705
-0.8577477062078265
-0.7614998872549761
-0.4590934158687086
-0.24495927219624025
1.5608534698457726
1.0910993503462234
20.508092788046454
20.508097177638916
1.091099748306799
1.5608542967101038
-0.24495901547474483
-0.45909318239190594
-0.7614997748389356
-0.857747627776017
-0.9274665567329691
-0.9590153562645629
-0.9779358177430664
-0.9876873156708671
-0.9932217241835124
-0.9962177935333318
-0.997895407087489
-0.9988221303419795
-0.9993405695740365
-0.9996297512598278
-0.9997919285931388
-0.9998828999744909
-0.9999340718355014
-0.9999628845781583
-0.999979134106011
-0.9999883040652748
-0.9999934773452253
-0.9999963842869581
-0.9999979936530555
-0.9999988397856805
-0.9999992028595166
-0.9999992028598189
-0.9999988397857691
-0.9999979936532506
-0.9999963842874152
-0.9999934773456016
-0.9999883040657818
-0.9999791341064193
-0.9999628845784585
-0.9999340718355548
-0.9998828999739158
-0.9997919285929515
-0.9996297512595408
-0.9993405695741107
-0.9988221303416072
-0.9978954070869719
-0.9962177935333238
-0.9932217241833671
-0.9876873156704242
-0.9779358177428716
-0.9590153562642707
-0.9274665567323164
-0.8577476277754552
-0.761499774839284
-0.4590931823919837
-0.24495901547532983
1.5608542967108239
1.0910997483072433
20.508097177639915
20.508099327013465
1.0910999438130469
1.5608547027197996
-0.24495888915955977
-0.4590930675101248
-0.7614997194486981
-0.8577475891155985
-0.9274665349637177
-0.9590153423432017
-0.9779358094635654
-0.9876873105255568
-0.993221721063158
-0.9962177916109627
-0.997895405912612
-0.9988221296199467
-0.9993405691313706
-0.9996297509873507
-0.9997919284255316
-0.999882899871297
-0.9999340717713529
-0.9999628845383918
-0.99997913408128
-0.9999883040502131
-0.9999934773361563
-0.9999963842800915
-0.9999979936482369
-0.9999988397824058
-0.9999992028563207
-0.9999992028570395
-0.9999988397821516
-0.9999979936483109
-0.9999963842803075
-0.9999934773348991
-0.9999883040498215
-0.9999791340813853
-0.9999628845383937
-0.9999340717721528
-0.9998828998705763
-0.9997919284263644
-0.9996297509870016
-0.9993405691316188
-0.9988221296196746
-0.9978954059126104
-0.9962177916118307
-0.9932217210631269
-0.9876873105262165
-0.9779358094637989
-0.9590153423432537
-0.927466534964549
-0.8577475891147723
-0.7614997194492545
-0.45909306750919643
-0.24495888916048636
1.560854702721369
1.0910999438136741
20.50809932701115
20.50810034301297
1.0911000364832
1.56085489509206
-0.24495882920665604
-0.45909301298216365
-0.7614996931279954
-0.8577475707388681
-0.9274665246074347
-0.9590153357174225
-0.9779358055206104
-0.9876873080747857
-0.9932217195757109
-0.9962177906942873
-0.9978954053525906
-0.9988221292752106
-0.999340568919953
-0.9996297508573915
-0.9997919283455988
-0.9998828998220612
-0.9999340717401126
-0.999962884519133
-0.9999791340693833
-0.9999883040424464
-0.9999934773311671
-0.9999963842763038
-0.999997993645596
-0.9999988397802599
-0.9999992028544091
-0.9999992028555724
-0.999998839780218
-0.9999979936465078
-0.9999963842774433
-0.9999934773299295
-0.9999883040424815
-0.9999791340690047
-0.9999628845200168
-0.9999340717421109
-0.9998828998203713
-0.9997919283461105
-0.9996297508569227
-0.9993405689204385
-0.9988221292757814
-0.9978954053518654
-0.996217790695684
-0.9932217195743374
-0.9876873080745129
-0.9779358055197629
-0.9590153357173958
-0.927466524607969
-0.8577475707375696
-0.761499693128726
-0.4590930129816148
-0.24495882920823198
1.5608548950923051
1.0911000364837273
20.508100343012224
20.508100747388504
1.0911000734395682
1.560854971783867
-0.24495880527796698
-0.459092991217262
-0.7614996826140569
-0.8577475633961039
-0.9274665204671342
-0.9590153330675018
-0.9779358039430426
-0.9876873070929586
-0.9932217189795884
-0.9962177903267866
-0.9978954051280086
-0.9988221291369337
-0.9993405688354485
-0.9996297508049679
-0.9997919283134533
-0.9998828998022461
-0.9999340717280061
-0.9999628845120165
-0.9999791340649387
-0.9999883040396063
-0.9999934773290711
-0.9999963842749465
-0.9999979936448766
-0.9999988397797582
-0.9999992028546061
-0.9999992028551408
-0.9999988397797266
-0.9999979936456602
-0.9999963842763637
-0.9999934773277288
-0.9999883040395519
-0.9999791340640873
-0.9999628845128012
-0.9999340717294656
-0.9998828998005284
-0.9997919283144484
-0.9996297508047813
-0.9993405688358019
-0.9988221291374972
-0.9978954051265977
-0.9962177903286153
-0.9932217189783277
-0.9876873070939178
-0.9779358039419742
-0.9590153330681067
-0.9274665204678175
-0.8577475633952294
-0.7614996826142582
-0.4590929912172167
-0.24495880527947697
1.5608549717841842
1.0911000734401854
20.508100747389193
20.50810074738448
1.0911000734403387
1.5608549717852207
-0.24495880527876823
-0.4590929912175498
-0.761499682614267
-0.8577475633960161
-0.9274665204673146
-0.9590153330674065
-0.9779358039424868
-0.987687307091847
-0.9932217189792517
-0.9962177903266233
-0.9978954051281445
-0.9988221291375108
-0.9993405688357224
-0.9996297508052738
-0.9997919283136989
-0.9998828998024359
-0.9999340717285918
-0.9999628845123386
-0.9999791340648467
-0.9999883040394073
-0.9999934773290196
-0.9999963842752615
-0.999997993645593
-0.9999988397806996
-0.9999992028549516
-0.9999992028550875
-0.9999988397797024
-0.9999979936453688
-0.9999963842758521
-0.9999934773274988
-0.9999883040391812
-0.9999791340645993
-0.9999628845124635
-0.9999340717297444
-0.999882899801001
-0.9997919283145154
-0.9996297508048151
-0.9993405688358921
-0.9988221291367487
-0.9978954051269521
-0.9962177903280565
-0.993221718979147
-0.9876873070935513
-0.977935803942652
-0.9590153330679059
-0.9274665204681081
-0.8577475633943825
-0.7614996826149543
-0.4590929912168133
-0.24495880528008768
1.560854971785186
1.091100073441831
20.508100747385733
20.50810034300507
1.091100036484373
1.5608548950933494
-0.24495882920707857
-0.45909301298172733
-0.7614996931277285
-0.8577475707386704
-0.9274665246072615
-0.9590153357174738
-0.9779358055206506
-0.9876873080749016
-0.993221719575633
-0.9962177906948722
-0.9978954053528177
-0.9988221292753295
-0.9993405689197254
-0.999629750857328
-0.9997919283456627
-0.9998828998221847
-0.999934071740744
-0.9999628845202199
-0.9999791340698718
-0.999988304042698
-0.999993477330935
-0.9999963842767347
-0.9999979936457195
-0.9999988397802989
-0.999999202854458
-0.999999202855571
-0.9999988397805744
-0.9999979936467263
-0.9999963842770657
-0.9999934773306752
-0.9999883040423916
-0.9999791340701241
-0.999962884519976
-0.9999340717417603
-0.9998828998206892
-0.9997919283461416
-0.9996297508570274
-0.9993405689203816
-0.9988221292754116
-0.9978954053525311
-0.9962177906950451
-0.9932217195747836
-0.9876873080742699
-0.9779358055203322
-0.9590153357170457
-0.9274665246074834
-0.8577475707376873
-0.7614996931298834
-0.45909301298179217
-0.24495882920788808
1.5608548950931758
1.0911000364841215
20.50810034300758
20.508099327011138
1.0910999438136844
1.5608547027216901
-0.24495888915915714
-0.459093067509907
-0.7614997194488021
-0.8577475891155797
-0.9274665349634705
-0.9590153423430372
-0.9779358094634545
-0.9876873105254174
-0.9932217210628547
-0.9962177916110202
-0.9978954059127197
-0.9988221296196766
-0.9993405691313952
-0.9996297509873562
-0.9997919284258456
-0.9998828998707111
-0.9999340717712508
-0.9999628845384441
-0.9999791340814016
-0.9999883040505309
-0.9999934773362525
-0.9999963842799691
-0.9999979936487589
-0.9999988397823474
-0.9999992028571723
-0.9999992028568974
-0.9999988397823921
-0.9999979936477568
-0.9999963842798845
-0.99999347733487
-0.9999883040502976
-0.9999791340819193
-0.9999628845388364
-0.9999340717715848
-0.9998828998711236
-0.9997919284261958
-0.9996297509872238
-0.9993405691314744
-0.9988221296200767
-0.9978954059125764
-0.996217791611408
-0.9932217210632974
-0.9876873105260784
-0.9779358094636643
-0.9590153423438007
-0.9274665349644724
-0.8577475891158063
-0.7614997194490744
-0.45909306750909773
-0.2449588891585801
1.560854702720798
1.0910999438123463
20.50809932701128
20.508097177639687
1.0910997483049996
1.5608542967109473
-0.2449590154750858
-0.4590931823922426
-0.7614997748386865
-0.8577476277759095
-0.9274665567326594
-0.9590153562642338
-0.977935817742525
-0.9876873156704791
-0.9932217241831005
-0.996217793532873
-0.9978954070875155
-0.9988221303420246
-0.9993405695744491
-0.9996297512597734
-0.999791928593359
-0.9998828999742355
-0.9999340718355187
-0.9999628845782108
-0.9999791341065771
-0.9999883040655666
-0.9999934773454453
-0.9999963842870396
-0.9999979936534492
-0.9999988397862082
-0.999999202860482
-0.9999992028596785
-0.9999988397861235
-0.9999979936527753
-0.9999963842874531
-0.9999934773460385
-0.9999883040657258
-0.9999791341058624
-0.9999628845780826
-0.9999340718348442
-0.9998828999744538
-0.9997919285929042
-0.9996297512603967
-0.9993405695736106
-0.9988221303418796
-0.9978954070870294
-0.9962177935330011
-0.9932217241834362
-0.9876873156704629
-0.9779358177426904
-0.9590153562645656
-0.9274665567319348
-0.8577476277758775
-0.7614997748386301
-0.45909318239153585
-0.24495901547375604
1.5608542967101515
1.0910997483061848
20.508097177641744
20.508092788045523
1.0910993503460231
1.560853469847311
-0.24495927219679925
-0.4590934158682578
-0.7614998872550658
-0.8577477062076954
-0.9274666008525869
-0.9590153844634068
-0.9779358345002782
-0.9876873260773382
-0.9932217304904327
-0.9962177974149677
-0.9978954094576162
-0.9988221317974977
-0.9993405704663171
-0.9996297518079856
-0.9997919289302144
-0.9998829001822624
-0.9999340719640988
-0.9999628846580118
-0.9999791341552086
-0.9999883040967114
-0.9999934773656185
-0.9999963842998025
-0.9999979936621353
-0.9999988397929496
-0.999999202865911
-0.9999992028660414
-0.9999988397934227
-0.9999979936625694
-0.9999963843010562
-0.9999934773660029
-0.9999883040967669
-0.9999791341562287
-0.9999628846573434
-0.999934071963758
-0.9998829001823464
-0.9997919289304211
-0.9996297518082754
-0.9993405704656717
-0.9988221317974679
-0.9978954094578948
-0.9962177974147843
-0.9932217304904274
-0.987687326076965
-0.9779358344992308
-0.9590153844626262
-0.9274666008514585
-0.8577477062077072
-0.7614998872550591
-0.45909341586882985
-0.2449592721971166
1.5608534698470145
1.091099350346271
20.50809278804514
20.508083890396804
1.0910985466486853
1.5608517990111679
-0.24495978976063298
-0.45909388655094785
-0.7615001135340609
-0.8577478640103183
-0.9274666895211622
-0.9590154410986634
-0.9779358681244121
-0.9876873469443384
-0.9932217431272043
-0.9962178051873589
-0.9978954142005312
-0.9988221347081119
-0.9993405722486601
-0.9996297529023856
-0.9997919296022573
-0.999882900595668
-0.9999340722183765
-0.9999628848157179
-0.9999791342545282
-0.9999883041600315
-0.9999934774061485
-0.9999963843274255
-0.9999979936815317
-0.9999988398074302
-0.9999992028782432
-0.9999992028779101
-0.9999988398068713
-0.9999979936812027
-0.9999963843270677
-0.9999934774057814
-0.9999883041585115
-0.9999791342548343
-0.9999628848154347
-0.9999340722200658
-0.9998829005955717
-0.9997919296028468
-0.9996297529023372
-0.9993405722484598
-0.9988221347079645
-0.9978954142007873
-0.9962178051876363
-0.9932217431277144
-0.987687346944403
-0.9779358681251209
-0.9590154410991665
-0.9274666895216308
-0.8577478640111534
-0.7615001135345641
-0.4590938865509565
-0.2449597897605107
1.5608517990126773
1.0910985466475767
20.50808389039652
20.508065871560035
1.0910969255907346
1.5608484268027174
-0.244960831709398
-0.4590948340889954
-0.7615005682887235
-0.857748180995962
-0.9274668674167537
-0.9590155546492711
-0.9779359354735033
-0.9876873887086597
-0.993221768396515
-0.9962178207167626
-0.9978954236686717
-0.9988221405140105
-0.999340575801477
-0.9996297550819163
-0.9997919309398287
-0.9998829014188129
-0.9999340727264614
-0.9999628851304947
-0.9999791344504605
-0.999988304283069
-0.9999934774854387
-0.9999963843793849
-0.9999979937176044
-0.9999988398351609
-0.999999202902562
-0.9999992029020788
-0.999998839835484
-0.9999979937183232
-0.9999963843803985
-0.9999934774854717
-0.9999883042826885
-0.9999791344512646
-0.9999628851301023
-0.9999340727274058
-0.9998829014179352
-0.999791930939841
-0.9996297550820235
-0.9993405758009604
-0.9988221405139541
-0.9978954236683363
-0.9962178207167258
-0.9932217683966629
-0.9876873887077218
-0.9779359354729358
-0.9590155546488992
-0.9274668674163787
-0.8577481809966052
-0.7615005682894932
-0.45909483408973545
-0.24496083171002025
1.560848426803386
1.091096925592316
20.508065871558863
20.5080293535241
1.0910936546061445
1.5608416175017272
-0.2449629298518246
-0.45909674206686313
-0.7615014822932299
-0.8577488177701681
-0.9274672242994528
-0.9590157822753405
-0.9779360703337587
-0.9876874722663895
-0.9932218189025211
-0.9962178517287745
-0.997895442558812
-0.9988221520875502
-0.9993405828764745
-0.9996297594184906
-0.9997919335990069
-0.9998829030526344
-0.9999340737322635
-0.999962885753092
-0.9999791348383049
-0.9999883045278424
-0.9999934776424351
-0.9999963844828685
-0.999997993790767
-0.9999988398907491
-0.9999992029503884
-0.9999992029498982
-0.9999988398905094
-0.999997993790501
-0.9999963844845893
-0.9999934776423096
-0.9999883045274145
-0.9999791348383608
-0.9999628857529614
-0.9999340737328026
-0.9998829030518281
-0.9997919335990872
-0.9996297594191527
-0.9993405828751859
-0.9988221520871725
-0.9978954425581557
-0.9962178517297935
-0.9932218189029879
-0.9876874722666343
-0.9779360703332138
-0.9590157822747332
-0.9274672242989366
-0.8577488177698018
-0.7615014822939893
-0.459096742067313
-0.24496292985237358
1.5608416175043351
1.0910936546054497
20.508029353525238
20.507955251062604
1.091087048663986
1.560827854873168
-0.2449671577055792
-0.4591005866562775
-0.7615033202749265
-0.8577500975414596
-0.9274679404949474
-0.9590162387018493
-0.977936340426543
-0.9876876394584483
-0.9932219198527921
-0.996217913654617
-0.9978954802398301
-0.9988221751502928
-0.999340596961021
-0.9996297680425501
-0.9997919388800792
-0.9998829062941705
-0.9999340757267369
-0.9999628869851969
-0.999979135604876
-0.9999883050094176
-0.9999934779505343
-0.9999963846874073
-0.9999979939327499
-0.9999988399978728
-0.9999992030418416
-0.9999992030412617
-0.9999988399976485
-0.9999979939323524
-0.9999963846869131
-0.9999934779494823
-0.9999883050080065
-0.9999791356042302
-0.9999628869852433
-0.9999340757274661
-0.999882906294444
-0.9997919388805206
-0.9996297680426356
-0.9993405969603097
-0.9988221751508969
-0.9978954802400083
-0.996217913655634
-0.9932219198534711
-0.98768763945861
-0.9779363404268302
-0.9590162387023353
-0.9274679404962742
-0.8577500975413646
-0.7615033202755139
-0.45910058665475306
-0.2449671577049058
1.5608278548738759
1.0910870486623856
20.507955251062754
20.50780465914079
1.091073693736929
1.5608000069404406
-0.244975684123203
-0.4591083400636886
-0.761507018648411
-0.8577526711044599
-0.9274693783924108
-0.9590171542370669
-0.9779368814820566
-0.9876879740384784
-0.993222121630595
-0.9962180372981171
-0.9978955553886646
-0.9988222210946518
-0.999340624984946
-0.9996297851813891
-0.999791949362625
-0.9998829127195245
-0.9999340796728426
-0.9999628894188377
-0.9999791371136271
-0.9999883059547752
-0.9999934785534909
-0.9999963850828674
-0.9999979942057764
-0.9999988402031564
-0.999999203217043
-0.9999992032176469
-0.9999988402038347
-0.9999979942067001
-0.9999963850839415
-0.9999934785535949
-0.9999883059553947
-0.9999791371146097
-0.999962889418498
-0.9999340796737293
-0.9998829127191478
-0.9997919493628225
-0.9996297851810285
-0.9993406249847298
-0.9988222210951426
-0.9978955553894401
-0.9962180372986302
-0.9932221216304247
-0.9876879740371755
-0.9779368814815803
-0.9590171542367328
-0.9274693783931274
-0.8577526711036103
-0.761507018648742
-0.45910834006300427
-0.2449756841239915
1.5608000069397092
1.0910736937352357
20.507804659141673
20.507498113679013
1.0910466635634932
1.560743586669329
-0.24499289536132418
-0.4591239909862277
-0.7615144656469572
-0.8577578497048711
-0.9274722665690636
-0.9590189913510252
-0.9779379655705154
-0.98768864365673
-0.9932225249266832
-0.9962182841267901
-0.9978957052152527
-0.9988223125766624
-0.9993406807107457
-0.9996298192128088
-0.9997919701441706
-0.99988292543449
-0.9999340874660878
-0.9999628942107925
-0.9999791400760694
-0.9999883078021765
-0.999993479723743
-0.9999963858450676
-0.999997994727357
-0.9999988405909177
-0.999999203545447
-0.9999992035448901
-0.9999988405899323
-0.9999979947265474
-0.9999963858441603
-0.9999934797229959
-0.9999883078019931
-0.9999791400753006
-0.9999628942109451
-0.9999340874661744
-0.9998829254344312
-0.9997919701447935
-0.9996298192127626
-0.9993406807103856
-0.9988223125771534
-0.9978957052145108
-0.996218284127073
-0.9932225249264928
-0.9876886436574048
-0.9779379655714951
-0.9590189913513264
-0.9274722665693474
-0.8577578497042191
-0.761514465646774
-0.4591239909855435
-0.24499289536105698
1.5607435866701023
1.0910466635625649
20.50749811367912
20.506872941701243
1.0909918855083416
1.560629117674762
-0.2450276721789134
-0.4591556157392821
-0.7615294718253345
-0.857768277165038
-0.9274780704627963
-0.9590226789864911
-0.9779401380942172
-0.9876899838620891
-0.9932233308971505
-0.9962187767254205
-0.9978960037776969
-0.9988224946013132
-0.9993407914081609
-0.9996298866947047
-0.9997920112673686
-0.9998829505327063
-0.9999341027995713
-0.999962903599061
-0.9999791458439753
-0.9999883113675943
-0.9999934819526581
-0.9999963872690132
-0.9999979956768934
-0.9999988412775922
-0.9999992041148154
-0.9999992041148135
-0.9999988412771239
-0.9999979956764322
-0.9999963872687665
-0.9999934819523068
-0.9999883113679284
-0.9999791458441241
-0.9999629035993263
-0.9999341027990498
-0.9998829505334761
-0.9997920112672924
-0.999629886693921
-0.9993407914083781
-0.9988224946012786
-0.9978960037774554
-0.9962187767251429
-0.9932233308971492
-0.9876899838633173
-0.9779401380942749
-0.9590226789865945
-0.9274780704630314
-0.8577682771646258
-0.7615294718259995
-0.45915561573911756
-0.24502767217845922
1.5606291176727272
1.090991885510765
20.50687294169883
20.505595272424863
1.090880719880821
1.560396512145089
-0.24509801761039646
-0.45921958813555175
-0.7615597335462789
-0.8577892880187661
-0.9274897388083638
-0.9590300834470349
-0.9779444922891428
-0.9876926660079717
-0.9932249411240952
-0.996219759299666
-0.9978965982636474
-0.9988228563760448
-0.9993410109607466
-0.999630020214337
-0.9997920923904271
-0.9998829998518965
-0.9999341327660367
-0.999962921805639
-0.9999791568989876
-0.9999883180790854
-0.999993486032428
-0.9999963897674176
-0.9999979972424295
-0.9999988423288662
-0.999999204937511
-0.9999992049388274
-0.9999988423297699
-0.9999979972445145
-0.9999963897677198
-0.9999934860334116
-0.9999883180793467
-0.9999791568989059
-0.9999629218055265
-0.9999341327661351
-0.9998829998516388
-0.999792092390418
-0.9996300202137214
-0.999341010962252
-0.9988228563761419
-0.9978965982643262
-0.9962197592991838
-0.9932249411225857
-0.9876926660071228
-0.977944492288831
-0.959030083446532
-0.9274897388084392
-0.857789288018822
-0.7615597335472007
-0.4592195881360477
-0.24509801761051847
1.560396512145465
1.0908807198813562
20.505595272424685
20.50297783832299
1.0906547737330308
1.5599230195984908
-0.24524047676612104
-0.45934915062451787
-0.7616208090642675
-0.8578316538025395
-0.9275132070181109
-0.9590449545810297
-0.9779532188980148
-0.9876980324518764
-0.9932281564415568
-0.9962217175303164
-0.997897780462458
-0.9988235740776003
-0.9993414452661623
-0.9996302833835855
-0.9997922515170315
-0.9998830959376968
-0.9999341905635304
-0.9999629563742667
-0.9999791773691968
-0.9999883300037802
-0.9999934927909571
-0.9999963934242981
-0.9999979990778167
-0.9999988431571742
-0.9999992053187543
-0.9999992053191725
-0.999998843156319
-0.9999979990771712
-0.9999963934230531
-0.9999934927896011
-0.9999883300036367
-0.9999791773693418
-0.9999629563745045
-0.9999341905637515
-0.9998830959375721
-0.9997922515177882
-0.9996302833826447
-0.9993414452667972
-0.9988235740772946
-0.9978977804626714
-0.9962217175301729
-0.9932281564413125
-0.9876980324531286
-0.9779532188990094
-0.9590449545817363
-0.9275132070198195
-0.8578316538013346
-0.7616208090640632
-0.4593491506231109
-0.24524047676644234
1.5599230195990543
1.0906547737336183
20.502977838321073
20.497601053832284
1.090194745483264
1.558957269786255
-0.2455293438466598
-0.4596118960668827
-0.7617441775387279
-0.8579171398002468
-0.9275604248769422
-0.9590748257132535
-0.9779707051568137
-0.9877087640286453
-0.9932345707720505
-0.9962256145028363
-0.9979001262706539
-0.9988249933219886
-0.9993423002943634
-0.9996307983829216
-0.9997925602095487
-0.9998832798800307
-0.9999342988936042
-0.9999630189324633
-0.9999792122042237
-0.9999883480709859
-0.9999935007404799
-0.9999963953154862
-0.9999979974153963
-0.999998839535294
-0.9999992008290308
-0.9999992008295531
-0.9999988395357364
-0.9999979974159139
-0.9999963953169322
-0.9999935007410046
-0.999988348072297
-0.9999792122039919
-0.9999630189317321
-0.999934298893537
-0.9998832798786412
-0.9997925602098021
-0.9996307983830814
-0.999342300294814
-0.9988249933213809
-0.9979001262700347
-0.9962256145032229
-0.9932345707709676
-0.9877087640284332
-0.9779707051558377
-0.9590748257120769
-0.9275604248758282
-0.8579171397990742
-0.7617441775398068
-0.45961189606659725
-0.24552934384725805
1.5589572697850769
1.0901947454832848
20.497601053833748
20.486520904410213
1.0892563282014889
1.5569830662330642
-0.24611589907351172
-0.46014549323930765
-0.7619935876033908
-0.8580897529165976
-0.9276554507547397
-0.959134823092857
-0.9780057258874653
-0.9877302029368815
-0.9932473454377788
-0.9962333496147454
-0.9979047627447661
-0.9988277831499857
-0.9993439681733768
-0.9996317916634743
-0.999793145141133
-0.9998836184719535
-0.9999344885404521
-0.9999631186333267
-0.9999792575669335
-0.9999883606510613
-0.9999934935921814
-0.9999963763813229
-0.9999979715858202
-0.9999988099101595
-0.9999991695244017
-0.9999991695242418
-0.9999988099106623
-0.9999979715859522
-0.9999963763826074
-0.9999934935905891
-0.9999883606515154
-0.9999792575669826
-0.9999631186339981
-0.9999344885409447
-0.9998836184715002
-0.999793145141675
-0.9996317916640418
-0.9993439681728786
-0.9988277831504426
-0.9979047627434845
-0.9962333496156335
-0.9932473454372752
-0.987730202937271
-0.97800572588632
-0.9591348230925958
-0.927655450754951
-0.8580897529174623
-0.7619935876030693
-0.460145493239033
-0.246115899074158
1.5569830662327078
1.0892563281999832
20.48652090440838
20.463602825163314
1.0873379219499621
1.5529369522681393
-0.24730872935870213
-0.46123084782072077
-0.7624982455246403
-0.8584385087708764
-0.9278467007692497
-0.9592552808827526
-0.9780757879781512
-0.9877729506773392
-0.9932727084518382
-0.9962486288456952
-0.9979138575230011
-0.9988332019801284
-0.9993471595256056
-0.999633647250669
-0.9997941943619558
-0.9998841825839957
-0.9999347601698789
-0.9999632141462831
-0.9999792469962163
-0.9999882862715936
-0.9999933809247953
-0.9999962409123371
-0.9999978228100233
-0.9999986538264859
-0.9999990102111601
-0.9999990102113314
-0.9999986538261276
-0.9999978228085784
-0.9999962409118834
-0.9999933809230588
-0.9999882862706021
-0.9999792469959926
-0.9999632141461179
-0.9999347601706432
-0.9998841825845309
-0.999794194361311
-0.9996336472507732
-0.999347159525287
-0.9988332019800281
-0.9979138575223627
-0.9962486288467964
-0.9932727084526723
-0.9877729506787085
-0.9780757879793511
-0.9592552808844451
-0.9278467007705653
-0.8584385087712822
-0.7624982455245946
-0.46123084781989615
-0.24730872935802642
1.5529369522683494
1.087337921951224
20.463602825169744
20.415990673771134
1.0834066187821763
1.5446197034534892
-0.2497385256620666
-0.46344225331665007
-0.7635202123086625
-0.8591434712070519
-0.9282314894387438
-0.9594968671485375
-0.9782156470796968
-0.9878578714468806
-0.993322760719344
-0.996278518686144
-0.9979314189482764
-0.9988434576194085
-0.9993530019205734
-0.9996368512903915
-0.9997958107997844
-0.9998848470051003
-0.9999348525086712
-0.9999629631737714
-0.999978789947146
-0.9999877057038792
-0.9999927265045954
-0.9999955426619802
-0.9999970990613374
-0.9999979161161993
-0.9999982663421616
-0.9999982663423955
-0.9999979161160891
-0.9999970990625676
-0.9999955426627465
-0.9999927265066901
-0.9999877057037144
-0.9999787899468269
-0.999962963172369
-0.9999348525081958
-0.9998848470047255
-0.9997958107999698
-0.9996368512901457
-0.9993530019210273
-0.9988434576193905
-0.9979314189483803
-0.9962785186849887
-0.9933227607187565
-0.9878578714459083
-0.9782156470792867
-0.9594968671470332
-0.9282314894386231
-0.8591434712067231
-0.7635202123090887
-0.46344225331794797
-0.2497385256635633
1.5446197034522422
1.0834066187806168
20.415990673775262
20.316552932148426
1.0753282583314383
1.5274628483362336
-0.2546970677476986
-0.46795620095474044
-0.7655912077909766
-0.8605685774702483
-0.9290048393721333
-0.9599802180066018
-0.9784935849257308
-0.9880252997386805
-0.9934202960036269
-0.9963357776802402
-0.997964140504519
-0.9988616885099526
-0.9993625117516493
-0.9996411662203895
-0.9997970116336703
-0.9998841875343107
-0.9999330795621053
-0.9999605246892705
-0.9999759536035817
-0.9999846318792932
-0.9999895112833572
-0.9999922438597415
-0.9999937518236541
-0.9999945424350533
-0.9999948810232453
-0.9999948810226368
-0.9999945424337331
-0.9999937518215772
-0.9999922438582294
-0.9999895112835229
-0.9999846318791004
-0.9999759536043775
-0.9999605246881125
-0.9999330795619993
-0.999884187535595
-0.9997970116335784
-0.9996411662205311
-0.9993625117505724
-0.9988616885090098
-0.9979641405050403
-0.9963357776797157
-0.9934202960043197
-0.98802529973977
-0.9784935849266527
-0.9599802180066088
-0.9290048393726453
-0.8605685774702012
-0.7655912077893328
-0.46795620095415136
-0.25469706774728346
1.5274628483356758
1.0753282583285466
20.31655293215028
20.107529310889213
1.058676191732328
1.4919248045293063
-0.2648365386780483
-0.4771875148334452
-0.7697896172179832
-0.8634473686772797
-0.9305549213412563
-0.9609421447047148
-0.9790406094085476
-0.9883499928335466
-0.9936050009535173
-0.9964401184708013
-0.998019738777046
-0.9988886161658548
-0.9993722609302111
-0.9996407260822907
-0.9997904911926172
-0.9998740512074324
-0.9999207891326203
-0.9999469528361068
-0.9999616194471743
-0.9999698449367774
-0.9999744560747907
-0.9999770308371961
-0.9999784477516294
-0.9999791888446341
-0.9999795056955559
-0.9999795056953459
-0.9999791888453994
-0.9999784477521367
-0.9999770308365815
-0.9999744560763526
-0.9999698449366945
-0.9999616194471268
-0.9999469528356841
-0.999920789131951
-0.9998740512081985
-0.9997904911913353
-0.9996407260828233
-0.999372260931068
-0.9988886161670223
-0.9980197387780086
-0.996440118470201
-0.9936050009538574
-0.9883499928335914
-0.9790406094086319
-0.960942144704228
-0.9305549213411437
-0.8634473686783692
-0.7697896172180776
-0.4771875148324283
-0.26483653867515944
1.491924804529072
1.0586761917312968
20.10752931088856
19.664569266496976
1.024226588011628
1.4179451364185425
-0.2856170683079392
-0.49609967665856425
-0.7782970669775984
-0.8692474533507515
-0.9336417386355328
-0.962833371259693
-0.9800934657133762
-0.9889553134172109
-0.993930171508902
-0.9966051264069737
-0.998088138603288
-0.9989004540483553
-0.9993503917077868
-0.9995989650978847
-0.9997369252420055
-0.9998135030578492
-0.9998561050058351
-0.9998798223376437
-0.9998930421223313
-0.9999004132777753
-0.9999045212093572
-0.9999068016306923
-0.999908049625819
-0.9999086992555362
-0.9999089760745373
-0.9999089760747613
-0.9999086992560318
-0.9999080496268131
-0.999906801631276
-0.9999045212108535
-0.99990041327802
-0.9998930421235177
-0.99987982233765
-0.9998561050042585
-0.9998135030588413
-0.9997369252410003
-0.9995989650982688
-0.9993503917075162
-0.9989004540487295
-0.998088138603471
-0.9966051264054907
-0.99393017150866
-0.9889553134160518
-0.9800934657119802
-0.9628333712574826
-0.9336417386350421
-0.8692474533508964
-0.7782970669770977
-0.4960996766582647
-0.2856170683083407
1.4179451364184532
1.0242265880110009
19.664569266491377
18.715948741558574
0.9526479377833048
1.2630003926735713
-0.32831428198275125
-0.5348902783929728
-0.7954912186086724
-0.8808484950681501
-0.9396905139998133
-0.9664422978867333
-0.9820068192085954
-0.9899665818665706
-0.9943810945944753
-0.99673716449789
-0.9980291613782672
-0.9987302625624823
-0.9991143676361007
-0.9993243323136225
-0.9994395346815507
-0.9995027417597765
-0.9995374783545512
-0.9995565758028151
-0.9995670826750772
-0.9995728632391934
-0.99957604090781
-0.9995777809007159
-0.9995787207011823
-0.9995792043327936
-0.9995794087606216
-0.9995794087598155
-0.9995792043318515
-0.999578720699237
-0.999577780899361
-0.9995760409072647
-0.9995728632390873
-0.9995670826746288
-0.9995565758022903
-0.9995374783540274
-0.9995027417608457
-0.9994395346814694
-0.9993243323136652
-0.9991143676353611
-0.9987302625616881
-0.998029161377812
-0.9967371644968437
-0.994381094595598
-0.9899665818668835
-0.9820068192095133
-0.9664422978874067
-0.9396905140000249
-0.8808484950683114
-0.7954912186085945
-0.534890278392629
-0.3283142819820322
1.2630003926749398
0.9526479377830146
18.71594874155877
16.655450811246958
0.8030722954235869
0.9360137582326726
-0.41628181585745216
-0.6143826735369375
-0.8299361632390506
-0.9035954899187715
-0.9510378190779458
-0.9727759703918399
-0.9849036205736083
-0.9910396176359004
-0.9943330913285813
-0.9960545997271641
-0.9969699015268313
-0.997453213014414
-0.9977095014155344
-0.9978450973564377
-0.9979168383974404
-0.9979547250129396
-0.9979746958605782
-0.9979851951485559
-0.9979906969563717
-0.9979935683964933
-0.9979950591645291
-0.9979958271957137
-0.9979962168821577
-0.9979964060824962
-0.9979964826591836
-0.9979964826586095
-0.9979964060832602
-0.9979962168839134
-0.9979958271969706
-0.9979950591658135
-0.9979935683968444
-0.9979906969563296
-0.9979851951486429
-0.9979746958601949
-0.9979547250130947
-0.9979168383973769
-0.9978450973561677
-0.9977095014160245
-0.9974532130151097
-0.9969699015269774
-0.9960545997274303
-0.9943330913277992
-0.9910396176344441
-0.9849036205730295
-0.9727759703907313
-0.9510378190777115
-0.9035954899193313
-0.8299361632390698
-0.6143826735372346
-0.4162818158583846
0.9360137582318533
0.8030722954247151
16.655450811242694
12.087917266728928
0.4876073768735047
0.2393941126475685
-0.5978413871453351
-0.7760483050437634
-0.8969828220571033
-0.945622417663563
-0.969511086857839
-0.9808207304359872
-0.985947871867236
-0.9883765880101498
-0.9894243252089271
-0.9898835493265397
-0.9900585582673586
-0.9901178753910609
-0.990128136384979
-0.99012207070947
-0.9901119393670286
-0.9901026395666972
-0.9900953938504566
-0.9900902150759148
-0.9900866881575453
-0.9900843667921064
-0.9900828772075938
-0.9900819447135296
-0.9900813804719706
-0.9900810628757337
-0.9900809204887464
-0.9900809204896177
-0.9900810628759366
-0.990081380472205
-0.9900819447142413
-0.990082877207364
-0.9900843667919254
-0.9900866881584999
-0.9900902150758861
-0.990095393851361
-0.9901026395672514
-0.990111939366445
-0.9901220707094376
-0.9901281363856091
-0.9901178753918352
-0.9900585582683646
-0.9898835493274263
-0.9894243252087307
-0.9883765880104367
-0.9859478718674964
-0.9808207304366324
-0.9695110868588062
-0.945622417664358
-0.8969828220572184
-0.7760483050437373
-0.5978413871447426
0.23939411265078797
0.4876073768734218
12.087917266729889
1.634141871719482
-0.19139878166650792
-1.2615208799639528
-0.9702400200365396
-1.0945266619422838
-1.0142620326949419
-1.007255020388568
-0.9818536462608609
-0.9710410073119091
-0.9617812625219075
-0.9566154098052846
-0.9531569884261232
-0.9511100625912341
-0.9498396485717037
-0.9490820039431933
-0.9486253422026343
-0.948354128213042
-0.9481929311088775
-0.9480977484018984
-0.9480416339947003
-0.9480086712772686
-0.9479893475471814
-0.9479780521557453
-0.9479714726235782
-0.9479676680176248
-0.947965508718774
-0.9479643507053948
-0.9479638472420993
-0.9479638472417482
-0.9479643507035512
-0.9479655087184937
-0.947967668016148
-0.9479714726227707
-0.9479780521548324
-0.9479893475471958
-0.9480086712760725
-0.9480416339941379
-0.9480977484021621
-0.948192931109548
-0.94835412821231
-0.9486253422031532
-0.9490820039429022
-0.9498396485708571
-0.951110062590789
-0.9531569884271707
-0.956615409806054
-0.9617812625227455
-0.9710410073123441
-0.9818536462609453
-1.0072550203885158
-1.014262032694463
-1.0945266619412468
-0.9702400200369441
-1.2615208799642943
-0.19139878166563212
1.6341418717215523
-23.696633104830426
-1.737694237485841
-4.5236826091848865
-1.690207946862918
-1.636533546632734
-1.1168390715074215
-0.9782604681531128
-0.8471339314245447
-0.7880846928172547
-0.7488609620783214
-0.7280137349568696
-0.7155156580484743
-0.7085242789133995
-0.7044655205110635
-0.7021602702111098
-0.7008360652625041
-0.7000807503531317
-0.6996484672212735
-0.699401639243691
-0.6992605677769295
-0.6991800074322871
-0.6991339973401731
-0.6991077403850512
-0.6990927795210302
-0.699084299487932
-0.6990795700409046
-0.6990770691226449
-0.6990759919369441
-0.6990759919374505
-0.6990770691228432
-0.6990795700415249
-0.6990842994877882
-0.6990927795221303
-0.6991077403860897
-0.6991339973419461
-0.699180007432936
-0.6992605677774593
-0.6994016392436821
-0.6996484672206111
-0.7000807503531756
-0.7008360652637996
-0.7021602702098314
-0.7044655205113546
-0.7085242789138937
-0.7155156580485075
-0.7280137349561131
-0.7488609620773619
-0.7880846928155059
-0.8471339314242474
-0.9782604681523914
-1.1168390715085437
-1.6365335466339546
-1.6902079468656774
-4.523682609185226
-1.7376942374881095
-23.69663310483132
-92.85633688372806
-5.817701241187763
-11.397599145080193
-2.4403499593937674
-1.6796854691408383
-0.13325411890782823
0.34386953261540887
0.7132716704595405
0.8817023384956286
0.9849474943076331
1.0386668741434522
1.0694395273206345
1.0861969532653086
1.0956183991382296
1.100836514164953
1.1037591782173497
1.1053898950747605
1.1063038193313766
1.1068158095431126
1.1071032523242912
1.1072647144566967
1.1073555199294831
1.1074066046578426
1.10743532835627
1.1074514132697155
1.1074602886501934
1.1074649413498312
1.1074669337172662
1.1074669337191803
1.1074649413465947
1.1074602886520628
1.1074514132687447
1.1074353283621643
1.1074066046615998
1.1073555199299352
1.1072647144550798
1.1071032523236677
1.1068158095480638
1.1063038193290353
1.1053898950741439
1.1037591782160885
1.1008365141621166
1.095618399138814
1.0861969532610662
1.0694395273206387
1.0386668741409144
0.9849474943079064
0.8817023384870903
0.7132716704606664
0.34386953261218045
-0.1332541189104246
-1.6796854691429086
-2.440349959392077
-11.397599145076981
-5.817701241191669
-92.85633688372873
-361.596229244313
-17.279483066549375
-17.75656968772573
11.66705885033498
16.04954922246113
20.811435282385872
22.407197388114483
23.465075012958398
23.944453522343217
24.219584549951108
24.359389168038547
24.436521423730483
24.477536765843283
24.500007011205216
24.512200017114303
24.51889555713681
24.522568015703047
24.524593680340192
24.525712349663987
24.52633213805194
24.526676095918695
24.526867381578658
24.526973888572748
24.527033207647897
24.5270661393291
24.527084172548378
24.527093567712917
24.527097574271536
24.527097574259805
24.52709356771461
24.527084172524923
24.527066139327786
24.5270332076379
24.526973888603013
24.52686738155429
24.526676095927247
24.52633213802462
24.525712349701163
24.524593680311085
24.522568015716924
24.51889555713797
24.512200017114715
24.50000701120769
24.477536765828052
24.436521423730127
24.35938916804757
24.219584549971096
23.944453522339302
23.46507501296783
22.407197388105224
20.81143528234649
16.049549222468602
11.667058850306528
-17.75656968769035
-17.279483066532038
-361.59622924430016