515.1204904569915
8.882185588765559
22.85036170700697
-16.380475828447224
-17.836746179464285
-23.116914593854425
-24.045463468932226
-25.042998833187063
-25.358128381976982
-25.591794132965997
-25.688076501979978
-25.750011342532027
-25.77899686929321
-25.796614907096444
-25.805427314644145
-25.810663072168353
-25.81338631841728
-25.81499018613991
-25.8158462768585
-25.81634915617453
-25.81662271797508
-25.816783455545057
-25.816872208527236
-25.816924438663523
-25.81695361358709
-25.816970784274766
-25.816980400533467
-25.81698594493225
-25.81698885198947
-25.816990139329516
-25.816990139348675
-25.81698885186019
-25.816985944962955
-25.816980400643814
-25.816970784375904
-25.81695361346265
-25.816924438576507
-25.81687220859135
-25.816783455653713
-25.81662271783373
-25.816349156064625
-25.815846276875703
-25.8149901862879
-25.813386318352222
-25.810663072081272
-25.80542731456348
-25.79661490720664
-25.77899686936146
-25.7500113424811
-25.688076501869062
-25.591794132902486
-25.358128382046857
-25.04299883326579
-24.04546346879162
-23.116914593733732
-17.836746179527665
-16.38047582861345
22.850361707133665
8.882185588915117
515.120490456906
53.01664610410626
10.863545345729666
9.23291340292319
3.8210617790570405
1.1482971736476055
0.110245419948021
-0.7542520697293513
-1.0208152272196123
-1.2627641395421705
-1.3410419286913404
-1.4083922990163182
-1.4325108398780992
-1.4517437131265756
-1.459316200646807
-1.4649755871540762
-1.4673803859150965
-1.4690919073814777
-1.469863468132818
-1.4703934258240814
-1.4706435771896018
-1.4708110415636289
-1.4708930176774317
-1.4709468836231507
-1.4709740302712944
-1.4709916178383358
-1.4710006715153372
-1.471006438428681
-1.4710093920796594
-1.4710111292411376
-1.4710118191184076
-1.4710118190799841
-1.471011129295304
-1.4710093920073002
-1.4710064384876926
-1.4710006715071904
-1.4709916178622247
-1.4709740302028609
-1.470946883696783
-1.4708930176665702
-1.4708110415871003
-1.4706435771402853
-1.4703934259054927
-1.4698634680886058
-1.4690919074295525
-1.4673803858902754
-1.4649755872187091
-1.459316200585263
-1.4517437131968167
-1.432510839879559
-1.4083922990506599
-1.3410419286276354
-1.262764139622727
-1.0208152272152646
-0.7542520697591981
0.11024542000445559
1.1482971735451022
3.8210617790926644
9.232913402859657
10.863545345723367
53.016646104134296
14.998091226642067
2.6447173035946845
5.007112185989458
1.969191026366392
1.8751159114862286
1.0509072791835883
0.9132759683250921
0.6767060340229456
0.6198814329735682
0.5502711516006499
0.5303429785207416
0.5095359752293412
0.5028466981072296
0.4965366043332713
0.4943191954865674
0.4923770460919449
0.49164336056709385
0.4910366331381313
0.4907932157342399
0.49060088142220337
0.49051971293500085
0.49045787181617484
0.49043063582951896
0.49041048294987755
0.4904012905976619
0.49039465725327974
0.4903915666480143
0.49038942385338946
0.49038847735124313
0.4903879796543618
0.49038797964947256
0.4903884773439885
0.4903894238572755
0.49039156665564554
0.49039465725827436
0.49040129058454557
0.49041048294652384
0.4904306358296323
0.490457871824576
0.49051971292823493
0.49060088141041813
0.4907932157310565
0.4910366331437058
0.4916433605710846
0.49237704608354826
0.49431919547628156
0.4965366043353173
0.5028466981106459
0.5095359752280166
0.5303429785053315
0.5502711515930829
0.6198814329717578
0.6767060340293362
0.9132759683190352
1.0509072791701082
1.8751159114830886
1.9691910263705399
5.00711218599249
2.644717303573368
14.998091226635072
-7.094793311278783
0.8835558384655946
1.2573287078961441
1.3645799011649777
1.1998908898273717
1.1159083724767838
0.9996327198292014
0.9601348572170693
0.9121099273631252
0.8972173289872394
0.8801339118532007
0.8748465559985807
0.8691089897953412
0.8672776299543511
0.8653947592784219
0.8647675738376761
0.8641544688274173
0.8639406737148011
0.8637410410896151
0.8636682208800135
0.8636029433850595
0.8635781021109364
0.8635566127522241
0.8635481172180568
0.8635409895683711
0.8635380851537621
0.863535722687329
0.8635347587903051
0.8635340420896338
0.8635338149719076
0.8635338149736831
0.8635340420895561
0.8635347587892968
0.8635357226878033
0.8635380851582741
0.8635409895652569
0.8635481172166248
0.8635566127524982
0.8635781021145428
0.8636029433821312
0.8636682208802215
0.863741041090607
0.8639406737151208
0.8641544688266034
0.8647675738418525
0.8653947592768658
0.8672776299521971
0.8691089897970132
0.8748465560038985
0.8801339118496847
0.8972173289859063
0.9121099273633305
0.9601348572220854
0.9996327198262125
1.1159083724753716
1.1998908898298934
1.3645799011629665
1.2573287078995232
0.8835558384711011
-7.094793311276215
-14.938699767674834
-0.10474594424349487
-0.10176474412172938
0.8282197170701355
0.9129637457083031
0.9728448085707433
0.9850126851348565
0.9759381910485854
0.9742415356594274
0.9664773814702505
0.9645494653411324
0.9610652348672646
0.960123709221862
0.958784955829691
0.9584047184217657
0.9579230292034628
0.9577807393300595
0.9576130266482361
0.9575616764873478
0.9575042625028969
0.9574860715387542
0.9574665694790897
0.9574601892569821
0.9574535790999328
0.9574513570155005
0.9574491187713281
0.957448356727796
0.9574476189429965
0.9574473833709585
0.9574472099974917
0.9574472099979139
0.9574473833718308
0.9574476189427252
0.9574483567268279
0.9574491187714737
0.9574513570166236
0.9574535791008716
0.9574601892547292
0.9574665694781836
0.9574860715408191
0.9575042625049197
0.9575616764865474
0.9576130266453117
0.957780739332377
0.9579230292066143
0.9584047184207313
0.9587849558270256
0.9601237092231889
0.9610652348698222
0.9645494653422384
0.9664773814704979
0.9742415356584266
0.9759381910472456
0.985012685137418
0.9728448085702328
0.912963745705059
0.8282197170658805
-0.10176474411646128
-0.10474594423162131
-14.938699767677328
-18.975820368763152
-0.5226754340822122
-0.8571510114106982
0.5928945231593805
0.7084099722839925
0.8986574668414267
0.937289040051964
0.9694130855667962
0.9773851385976656
0.9833792234449066
0.9844127709178017
0.9855226572186591
0.985437613442543
0.9856190718102651
0.985483980279753
0.9855019678965293
0.9854309041954474
0.9854269778100846
0.9853969484249123
0.9853932656895676
0.9853816926642046
0.9853798880377744
0.9853756331166588
0.98537489212626
0.985373367940968
0.9853730900233586
0.9853725564231673
0.9853724609905603
0.9853722930885098
0.9853722705657375
0.9853722705644231
0.9853722930875118
0.985372460988593
0.9853725564270941
0.9853730900232361
0.9853733679404777
0.9853748921216476
0.9853756331209647
0.9853798880380955
0.9853816926638782
0.9853932656850479
0.9853969484285766
0.9854269778101651
0.9854309041971185
0.9855019678927461
0.9854839802812587
0.9856190718087057
0.9854376134476555
0.9855226572176428
0.9844127709172653
0.9833792234413232
0.9773851386012895
0.9694130855668195
0.937289040051219
0.898657466835628
0.7084099722877512
0.5928945231603844
-0.857151011409989
-0.5226754340848636
-18.975820368758104
-20.829338845261333
-0.7407561826272242
-1.2088610838187612
0.45711515736538955
0.6088603550441598
0.8464504610647581
0.910293687391382
0.9558814089651717
0.9745469326735903
0.9846753210457541
0.9897063194641427
0.9920859941818102
0.9934195728611396
0.9939849114317809
0.9943404293964355
0.9944731010251411
0.9945694145132266
0.9945996366862209
0.9946263317182045
0.9946328674946309
0.9946404823604169
0.9946417672721997
0.9946440164030308
0.9946442187682336
0.994644910516854
0.994644920331158
0.9946451409650219
0.9946451300525485
0.9946451965689612
0.9946451920574598
0.9946451920598671
0.9946451965690326
0.9946451300532368
0.9946451409616619
0.9946449203334249
0.99464491051571
0.9946442187704094
0.9946440164001973
0.9946417672730388
0.9946404823591471
0.9946328674968374
0.9946263317177196
0.9945996366850622
0.9945694145122836
0.99447310102847
0.9943404293960613
0.9939849114310323
0.9934195728592139
0.9920859941857931
0.9897063194622772
0.9846753210459116
0.9745469326701901
0.9558814089681249
0.9102936873892138
0.8464504610695329
0.6088603550403817
0.4571151573652615
-1.2088610838225562
-0.7407561826291345
-20.82933884525775
-21.776562814902874
-0.8474063422059922
-1.3943737297904781
0.3895336027412698
0.552233884602535
0.8190532652346589
0.8922120221693929
0.9475271786416644
0.9701609371246296
0.9838254459352277
0.9902970356501771
0.9939674111106633
0.9957877259094313
0.9968167156971182
0.9973299735915725
0.9976265395640055
0.9977726375348657
0.9978601157545758
0.9979022612554789
0.997928658125627
0.9979410176107804
0.9979491736455148
0.997952867845808
0.9979554508792279
0.9979565773036343
0.9979574141876034
0.997957761755128
0.9979580311978704
0.9979581310363178
0.9979581938348657
0.997958193834379
0.9979581310369618
0.9979580311986398
0.9979577617528093
0.9979574141873407
0.9979565773028011
0.9979554508823714
0.9979528678426324
0.9979491736450921
0.9979410176127241
0.9979286581279692
0.99790226125297
0.9978601157521068
0.9977726375382059
0.9976265395659019
0.9973299735894343
0.9968167156961427
0.995787725908857
0.9939674111130484
0.9902970356484813
0.9838254459364818
0.9701609371218127
0.9475271786427841
0.8922120221702102
0.8190532652384626
0.5522338845971243
0.38953360273929505
-1.3943737297847463
-0.8474063422061233
-21.77656281490054
-22.247508844538277
-0.9029225051082628
-1.4877915762394662
0.3529779100732059
0.5229987082418641
0.803227917122078
0.8823345865369632
0.9419392865167255
0.9673042941820449
0.9824855978316733
0.9900586277081951
0.9942674312585909
0.9965078333211683
0.997723398717036
0.998391767158727
0.9987512235908851
0.9989533882438544
0.9990615556197289
0.9991236838283359
0.9991567509438872
0.9991761723361897
0.9991864415701889
0.9991926227366695
0.9991958630212279
0.9991978656895792
0.9991989016357246
0.9991995562689229
0.9991998827415591
0.9992000801683975
0.9992001547920719
0.9992001547904806
0.999200080167139
0.9991998827396378
0.9991995562730966
0.9991989016347986
0.9991978656893077
0.999195863016115
0.999192622741573
0.9991864415710858
0.9991761723359505
0.9991567509398698
0.9991236838303301
0.9990615556219196
0.9989533882442837
0.9987512235877678
0.9983917671583877
0.9977233987165958
0.9965078333246706
0.9942674312571984
0.990058627707401
0.9824855978281617
0.9673042941865448
0.9419392865181018
0.8823345865355579
0.8032279171173589
0.5229987082459603
0.35297791007394563
-1.4877915762363867
-0.9029225051198134
-22.247508844531026
-22.490778434163918
-0.9313895210388722
-1.5368975548334496
0.33399298316533677
0.5071088656262358
0.7947761321865268
0.8766277903023568
0.9387701052057673
0.9654044846594412
0.9815549120425517
0.98963790716575
0.9942220770230015
0.9966547863532738
0.9980135074267558
0.9987514505496601
0.9991644032298084
0.9993909465395772
0.9995187500025215
0.9995891988967331
0.9996293760427977
0.9996515739235953
0.9996643948261138
0.9996714829193306
0.9996756350896082
0.9996779269417004
0.9996792878976986
0.9996800314521717
0.9996804702784041
0.9996806921798347
0.9996807940882373
0.9996807940914498
0.9996806921797566
0.9996804702785085
0.9996800314495675
0.9996792878984299
0.9996779269427059
0.9996756350899112
0.9996714829167936
0.999664394826647
0.999651573922551
0.9996293760466408
0.9995891988942915
0.9995187500030243
0.9993909465359161
0.9991644032347561
0.9987514505482289
0.9980135074267313
0.9966547863495887
0.9942220770273011
0.9896379071645559
0.9815549120433296
0.9654044846566033
0.938770105207995
0.8766277903010606
0.7947761321889824
0.5071088656231797
0.33399298316248627
-1.5368975548377013
-0.9313895210418264
-22.490778434159626
-22.61583186688187
-0.946326632303105
-1.5624078989640369
0.32384217589940034
0.49871833626991036
0.7901167820583268
0.8735204172053613
0.9369206551264855
0.9642998530877822
0.9809284357115786
0.9893268973535752
0.9940958201060002
0.9966553882433531
0.9980842248541613
0.9988715508461453
0.9993104235659814
0.9995557258525958
0.9996928620041822
0.999770302278637
0.9998137587434053
0.9998385253179815
0.9998524726222227
0.9998604954374972
0.9998650257472996
0.9998676557563356
0.9998691401946844
0.9998700045992195
0.9998704816402049
0.999870742423685
0.999870852784787
0.9998708527827379
0.9998707424238142
0.9998704816409355
0.9998700045978748
0.9998691401951714
0.9998676557552859
0.9998650257509192
0.9998604954330532
0.9998524726226748
0.9998385253192725
0.999813758746132
0.9997703022754347
0.9996928620026703
0.99955572585489
0.9993104235678005
0.9988715508426109
0.9980842248539614
0.9966553882431796
0.9940958201089272
0.9893268973518587
0.9809284357134215
0.964299853085058
0.9369206551267284
0.8735204172069144
0.7901167820605959
0.49871833626447953
0.3238421758964748
-1.5624078989571901
-0.9463266323010313
-22.615831866881365
-22.681164017997887
-0.9541480705175076
-1.5758892640483015
0.31847667183659056
0.49420340071224744
0.7876113844226602
0.8717967919456207
0.935894090208357
0.9636513310004682
0.9805548248486271
0.989114242100674
0.9939942437117939
0.9966188012142463
0.9980920409406018
0.9989047003373078
0.9993609773109754
0.9996158701179535
0.9997596925681588
0.999840670231424
0.999886650632141
0.9999126912595065
0.9999275780131065
0.9999360494124216
0.9999409258337053
0.9999437100602704
0.9999453207769821
0.999946236450868
0.9999467578377383
0.9999470338360839
0.9999471550395238
0.9999471550355814
0.999947033835829
0.9999467578352739
0.999946236455109
0.9999453207768778
0.999943710058927
0.9999409258301761
0.9999360494161585
0.9999275780149243
0.9999126912587278
0.9998866506280566
0.9998406702340448
0.9997596925696948
0.9996158701196262
0.9993609773062051
0.9989047003374144
0.9980920409402412
0.9966188012181203
0.9939942437106759
0.9891142420990819
0.9805548248455401
0.9636513310047601
0.935894090210344
0.8717967919450035
0.7876113844180104
0.4942034007155952
0.3184766718374268
-1.5758892640445474
-0.9541480705273975
-22.681164017986255
-22.715333263276207
-0.9582854146839028
-1.583000412380704
0.3156073579530992
0.49179483709833455
0.7862487189490703
0.8708598061265038
0.935319343799519
0.9632865057537237
0.9803332852707105
0.9889845961455704
0.9939228271127656
0.9965858099810714
0.998082475486783
0.9989107456398386
0.9993762497632073
0.9996373371953925
0.9997847094785187
0.9998680956195576
0.9999154103230061
0.9999423712241602
0.9999577484330275
0.9999665665269108
0.9999716192680652
0.9999745325700578
0.9999762050791081
0.9999771678835561
0.9999777098035424
0.9999780011565107
0.9999781271517588
0.9999781271570674
0.9999780011564489
0.9999777098043037
0.9999771678789007
0.9999762050803643
0.9999745325713438
0.9999716192694206
0.9999665665261588
0.9999577484337412
0.9999423712230273
0.9999154103277579
0.9998680956171753
0.9997847094787318
0.9996373371911156
0.9993762497681564
0.9989107456392035
0.9980824754852785
0.9965858099774978
0.993922827116335
0.9889845961459218
0.9803332852714643
0.963286505751564
0.9353193438018785
0.870859806125567
0.7862487189527682
0.49179483709470306
0.3156073579502634
-1.5830004123882837
-0.9582854146921291
-22.715333263269798
-22.73334840439094
-0.9604767147663614
-1.586781251416752
0.3140769472358529
0.4904998683032788
0.7855136719818927
0.8703471539195796
0.9350033381429078
0.9630809216746871
0.9802069842222821
0.9889069746154076
0.9938782177026769
0.9965617223360514
0.9980720650010471
0.998908742942016
0.9993798219352532
0.9996442703545949
0.9997938723741717
0.9998785713589
0.9999267616316809
0.9999542241541416
0.9999699395512283
0.9999789452505757
0.99998412676
0.9999871086910785
0.9999888294796108
0.9999898165893355
0.9999903757927414
0.999990674789976
0.9999908050618151
0.9999908050625637
0.9999906747885257
0.9999903757948121
0.9999898165872554
0.999988829479737
0.9999871086903852
0.9999841267627162
0.9999789452484062
0.9999699395511963
0.9999542241553783
0.9999267616339869
0.9998785713551492
0.9997938723727837
0.9996442703560107
0.9993798219367015
0.9989087429381001
0.9980720650004999
0.9965617223365941
0.9938782177043277
0.9889069746136536
0.9802069842238859
0.9630809216728509
0.9350033381440293
0.8703471539209129
0.7855136719847836
0.4904998682977234
0.3140769472339564
-1.5867812514104207
-0.9604767147652256
-22.73334840438545
-22.742869182549143
-0.9616434824384393
-1.588793274780004
0.3132562436129807
0.4898051097098024
0.785115345446342
0.8700686897983939
0.9348291772502024
0.9629669519872094
0.9801352689763365
0.988862214624298
0.9938511794095755
0.996546279574117
0.998064029625105
0.9989055763151165
0.9993797031392736
0.999646154323239
0.9997969861016008
0.9998824933003242
0.999931169710407
0.9999589526366589
0.9999748563303854
0.9999839870160553
0.9999892399835126
0.9999922699228415
0.9999940171776945
0.9999950222679077
0.999995590766364
0.9999958957230747
0.9999960282442752
0.999996028241998
0.9999958957212214
0.9999955907656606
0.999995022271335
0.9999940171786983
0.9999922699198653
0.9999892399804902
0.9999839870198344
0.9999748563320519
0.9999589526358232
0.9999311697058766
0.9998824933034554
0.9997969861029221
0.9996461543248377
0.9993797031341326
0.9989055763154828
0.9980640296239327
0.9965462795787082
0.9938511794078765
0.9888622146232052
0.9801352689729942
0.9629669519925059
0.9348291772519557
0.8700686897968775
0.785115345441618
0.48980510971234925
0.3132562436149511
-1.5887932747790097
-0.9616434824490165
-22.7428691825421
-22.747924232020146
-0.9622659127725547
-1.589868589228412
0.31281608232064173
0.48943096358380683
0.7849000406963069
0.8699170589199781
0.9347338701310186
0.9629038012626594
0.9800951849920968
0.9888366252728105
0.9938354031156313
0.9965367890620254
0.998058714159709
0.9989029249362247
0.9993788063492127
0.9996463643662046
0.9997979216434292
0.9998838797905136
0.9999328510936124
0.9999608142136058
0.9999768357968093
0.9999860371091498
0.9999913364538284
0.999994393505516
0.999996158668927
0.9999971738509734
0.9999977489065766
0.9999980571678264
0.9999981913318158
0.99999819133725
0.9999980571684925
0.9999977489063888
0.9999971738456443
0.9999961586709532
0.9999943935060258
0.9999913364562127
0.9999860371070171
0.9999768357971743
0.9999608142119376
0.9999328510985337
0.9998838797895064
0.9997979216419677
0.9996463643623503
0.9993788063541191
0.9989029249360339
0.9980587141576087
0.996536789057963
0.9938354031201149
0.9888366252731656
0.9800951849939048
0.962903801259289
0.9347338701327045
0.8699170589184988
0.784900040701312
0.4894309635791294
0.31281608231766567
-1.5898685892379636
-0.9622659127788669
-22.74792423201182
-22.750614542798516
-0.9625990236849155
-1.5904441645925695
0.3125793164824544
0.4892294767121043
0.7847834093695542
0.8698347016609265
0.9346816840835886
0.9628690492385724
0.980072847087041
0.9888222218898204
0.9938263157344944
0.9965311859008046
0.9980553914269374
0.9989011019679075
0.9993779508787348
0.9996461435544257
0.9997981049415099
0.9998843272148186
0.9999334644159787
0.9999615356578778
0.9999776241330844
0.9999868689943772
0.9999921948132069
0.9999952691194993
0.9999970445245234
0.999998066338784
0.9999986451358736
0.9999989556450972
0.9999990907484013
0.9999990907473059
0.9999989556434418
0.9999986451374716
0.9999980663373982
0.9999970445258347
0.9999952691181848
0.9999921948167847
0.9999868689910428
0.9999776241335754
0.9999615356592815
0.999933464418742
0.9998843272112432
0.9997981049407143
0.9996461435568491
0.9993779508793378
0.9989011019641971
0.9980553914273076
0.9965311859019845
0.9938263157367613
0.9888222218876254
0.9800728470888337
0.9628690492363183
0.9346816840841798
0.8698347016639327
0.7847834093724013
0.48922947670725847
0.31257931648075
-1.5904441645853393
-0.9625990236875293
-22.750614542793357
-22.752050689805273
-0.9627776186563003
-1.5907530680297777
0.3124518466061341
0.48912073884494556
0.7847202624429566
0.8697899187820912
0.9346531906876385
0.9628499398074819
0.9800604860146015
0.988814154820614
0.9938211646638764
0.9965279333716313
0.9980534041448691
0.9988999386892898
0.9993773318832
0.9996458765548475
0.9997980690205821
0.9998844392622321
0.9999336731180479
0.9999618055357165
0.999977933819767
0.999987203543371
0.9999925455061136
0.999995629724374
0.9999974115374197
0.9999984371790581
0.9999990183896998
0.9999993301938804
0.9999994659048459
0.9999994659017961
0.9999993301923579
0.9999990183887615
0.9999984371837134
0.9999974115370618
0.9999956297221291
0.9999925455026273
0.9999872035482014
0.9999779338227406
0.9999618055349077
0.9999336731134318
0.9998844392634046
0.9997980690231616
0.9996458765560952
0.9993773318799029
0.9988999386891281
0.9980534041457225
0.9965279333748669
0.993821164662864
0.9888141548181317
0.9800604860127138
0.9628499398123199
0.9346531906898254
0.8697899187807456
0.7847202624371993
0.4891207388482226
0.31245184660787484
-1.590753068024311
-0.9627776186703019
-22.752050689792277
-22.75281889816263
-0.9628735796422809
-1.590919102320692
0.3123830906535208
0.4890620174219807
0.7846860298495614
0.8697655855109405
0.9346376309359127
0.9628394638209338
0.9800536593618925
0.9888096693581965
0.9938182646894973
0.996526077147297
0.9980522405895582
0.9988992328534219
0.999376926465661
0.9996456691296198
0.9997979903191998
0.999884445013081
0.999933733238318
0.9999619011610248
0.9999780520623469
0.9999873364958196
0.9999926877059213
0.9999957779082154
0.9999975634253935
0.9999985914384646
0.9999991740407537
0.9999994866586905
0.9999996227235091
0.9999996227304955
0.9999994866582245
0.9999991740412029
0.9999985914333089
0.9999975634270527
0.999995777910041
0.9999926877069323
0.9999873364944685
0.9999780520621451
0.9999619011589564
0.9999337332446161
0.9998844450102036
0.9997979903194271
0.99964566912442
0.9993769264737684
0.9988992328529616
0.9980522405873294
0.9965260771416684
0.9938182646935774
0.9888096693587831
0.98005365936333
0.9628394638180493
0.9346376309367417
0.8697655855097453
0.7846860298538083
0.4890620174188647
0.31238309065049574
-1.590919102327625
-0.962873579653722
-22.752818898156434
-22.753230715563717
-0.962925220475844
-1.591008510065552
0.31234596669820835
0.48903026114664255
0.7846674680324748
0.8697523545463703
0.9346291433609699
0.9628337239914093
0.9800499018227036
0.988807182761392
0.9938166446259565
0.9965250268134631
0.9980515717915303
0.9988988156127718
0.9993766762987952
0.9996455286370289
0.9997979222332758
0.9998844241301492
0.999933743350655
0.9999619313103614
0.9999780952967553
0.9999873881048897
0.9999927447575643
0.9999958384087004
0.999997626145428
0.9999986555209015
0.9999992389746479
0.9999995520701894
0.99999968836138
0.9999996883594868
0.999999552067784
0.999999238975704
0.9999986555202448
0.9999976261450121
0.9999958384066524
0.9999927447602979
0.999987388101337
0.9999780952981138
0.999961931312241
0.9999337433541278
0.9998844241259301
0.9997979222334797
0.9996455286388419
0.9993766763006939
0.9988988156065701
0.9980515717930919
0.9965250268131929
0.9938166446282581
0.9888071827582682
0.9800499018253284
0.9628337239901097
0.934629143362199
0.869752354548774
0.7846674680352089
0.48903026114080456
0.31234596669679376
-1.591008510054034
-0.9629252204779175
-22.753230715552007
-22.753451855071923
-0.9629530553198778
-1.5910567190457614
0.312325895142368
0.48901307380456815
0.7846573943600348
0.869745160547563
0.9346245129657191
0.9628305833804917
0.9800478361495657
0.9888058093030925
0.9938157431171308
0.9965244374218096
0.9980511913499743
0.9988985739876997
0.9993765267791292
0.9996454401807833
0.9997978740097289
0.9998844024617981
0.9999337390547274
0.9999619384197451
0.9999781098086522
0.9999874074510235
0.999992767216108
0.9999958628834771
0.9999976518920809
0.9999986820839547
0.9999992660372423
0.9999995794184566
0.9999997158342508
0.9999997158300842
0.999999579417244
0.9999992660363917
0.9999986820878373
0.999997651893888
0.9999958628787237
0.9999927672142968
0.9999874074538656
0.999978109812095
0.999961938418281
0.9999337390496619
0.9998844024642293
0.9997978740116618
0.9996454401831314
0.999376526773983
0.9988985739869383
0.9980511913508251
0.9965244374254589
0.9938157431165093
0.9888058093009745
0.980047836147102
0.962830583384976
0.9346245129664977
0.8697451605467177
0.7846573943536506
0.4890130738070307
0.31232589514530584
-1.591056719040588
-0.9629530553370307
-22.753451855062693
-22.753570801448227
-0.9629680779015193
-1.591082749658724
0.31231503281835793
0.4890037617104537
0.7846519247715811
0.8697412468826671
0.9346219877023585
0.962828865490062
0.9800467024382246
0.9888050520345422
0.9938152434760008
0.9965241082727636
0.9980509768991987
0.9988984357680659
0.9993764394694165
0.9996453866313136
0.9997978428814468
0.9998843861255238
0.9999337324883217
0.9999619382608653
0.9999781138629142
0.9999874142493169
0.9999927758013812
0.9999958726159209
0.9999976623734971
0.9999986930436187
0.9999992772827889
0.9999995908283629
0.9999997273165314
0.9999997273243728
0.9999995908289399
0.9999992772831243
0.9999986930376153
0.9999976623768525
0.9999958726172535
0.9999927758032854
0.9999874142466655
0.9999781138617309
0.9999619382582782
0.9999337324938032
0.9998843861244264
0.999797842880061
0.9996453866266536
0.9993764394771836
0.9988984357693762
0.9980509768973216
0.9965241082676999
0.9938152434810967
0.9888050520354718
0.9800467024388618
0.9628288654853157
0.9346219877035057
0.8697412468814316
0.7846519247776031
0.48900376170720805
0.312315032815196
-1.5910827496699436
-0.9629680779114853
-22.753570801435593
-22.75363486879525
-0.9629761959248875
-1.5910968206871359
0.3123091482645165
0.48899871254536853
0.7846489529442577
0.8697391172697628
0.9346206102841343
0.9628279263442056
0.9800460806606311
0.9888046353147321
0.9938149672080763
0.9965239252586091
0.9980508566892583
0.9988983574921486
0.9993763892227487
0.9996453550657833
0.999797823734063
0.9998843752305935
0.9999337270500064
0.999961936431341
0.9999781143999391
0.9999874163406185
0.999992778908004
0.9999958763922132
0.9999976665788828
0.9999986975133446
0.9999992819203867
0.9999995955676234
0.9999997321053867
0.9999997321062435
0.999999595563606
0.999999281923754
0.9999986975121127
0.9999976665792601
0.9999958763904625
0.9999927789101564
0.999987416338956
0.9999781144006517
0.9999619364324422
0.9999337270521798
0.9998843752261694
0.9997978237346635
0.999645355068471
0.9993763892244307
0.9988983574878582
0.9980508566898489
0.996523925261017
0.9938149672099765
0.9888046353120794
0.9800460806620044
0.9628279263423211
0.9346206102847217
0.8697391172715292
0.7846489529472959
0.4889987125405201
0.31230914826501144
-1.5910968206787612
-0.9629761959273686
-22.75363486878927
-22.75366942081947
-0.9629805871235075
-1.5911044347156684
0.31230595790917803
0.4889959726984273
0.7846473375253293
0.8697379579842435
0.9346198590181389
0.962827413030403
0.9800457399657343
0.9888044062605088
0.9938148148012148
0.9965238238043317
0.9980507896568868
0.998898313463699
0.9993763606319099
0.999645336779903
0.9997978123362039
0.9998843684099465
0.9999337232764516
0.9999619346702235
0.9999781139732675
0.9999874167903978
0.9999927799405741
0.9999958777994209
0.9999976682273608
0.9999986993166756
0.9999992838285999
0.9999995975303485
0.999999734091823
0.9999997340883944
0.9999995975287919
0.99999928382857
0.9999986993212169
0.9999976682275435
0.9999958777954137
0.9999927799382995
0.9999874167951952
0.9999781139771453
0.9999619346694488
0.9999337232706982
0.9998843684115609
0.9997978123390177
0.9996453367833217
0.9993763606288274
0.9988983134630512
0.9980507896574973
0.9965238238079184
0.9938148148001271
0.9888044062579815
0.9800457399636024
0.9628274130346719
0.9346198590204196
0.8697379579820481
0.7846473375217425
0.48899597270129824
0.31230595791354077
-1.5911044347098375
-0.9629805871365951
-22.753669420809224
-22.753688071743124
-0.9629829640885352
-1.5911085575265902
0.3123042272772264
0.48899448535176415
0.7846464591463386
0.8697373268729363
0.9346194492955024
0.9628271326069953
0.9800455534130454
0.988804280522388
0.9938147308646457
0.9965237677273102
0.9980507524127038
0.9988982888410063
0.9993763444908386
0.9996453263303045
0.9997978056881549
0.9998843643036859
0.9999337208568007
0.9999619333778189
0.999978113427681
0.9999874167463387
0.9999927802144258
0.9999958782831456
0.9999976688497206
0.999998700039922
0.9999992846011871
0.9999995983321533
0.9999997349054263
0.9999997349131975
0.9999995983333758
0.9999992846014216
0.999998700033331
0.9999976688540475
0.9999958782839462
0.9999927802170071
0.9999874167418504
0.9999781134269425
0.9999619333748165
0.9999337208631416
0.9998843643026354
0.9997978056870525
0.9996453263258451
0.9993763444993292
0.9988982888421204
0.9980507524101462
0.9965237677214556
0.9938147308707975
0.9888042805238557
0.9800455534137578
0.9628271326017106
0.9346194492964364
0.8697373268730542
0.7846464591538473
0.48899448534808576
0.3123042272736992
-1.5911085575396937
-0.9629829641047075
-22.753688071731574
-22.75369813933438
-0.9629842507610205
-1.591110789599692
0.3123032887579769
0.4889936782096623
0.7846459818039364
0.8697369835233068
0.9346192260483426
0.9628269795590989
0.9800454514018865
0.9888042116208907
0.9938146847484988
0.9965237368028135
0.9980507317869967
0.9988982751361422
0.9993763354478373
0.9996453204067138
0.9997978018600413
0.9998843618796294
0.9999337193752817
0.9999619325232536
0.999978112988468
0.9999874165771847
0.9999927802293727
0.9999958784240232
0.9999976690727405
0.9999987003039237
0.9999992848963548
0.9999995986505912
0.9999997352386908
0.9999997352373902
0.9999995986476448
0.9999992848986718
0.9999987003050415
0.9999976690727121
0.9999958784222059
0.9999927802311996
0.9999874165737851
0.9999781129887666
0.9999619325237369
0.9999337193770327
0.999884361875087
0.9997978018612745
0.9996453204089761
0.999376335449679
0.9988982751298627
0.9980507317890939
0.9965237368040458
0.9938146847513567
0.988804211617533
0.9800454514031612
0.9628269795564853
0.9346192260501912
0.8697369835242871
0.7846459818078195
0.48899367820288975
0.31230328875563557
-1.5911107895909613
-0.9629842507664896
-22.753698139323014
-22.753703559362677
-0.96298494508655
-1.5911119944625156
0.31230278138798884
0.48899324159924645
0.7846457232572763
0.8697367973755745
0.934619104850064
0.9628268963640754
0.9800453958606501
0.9888041740353815
0.9938146595351718
0.996523719853844
0.9980507204497873
0.9988982675691136
0.9993763304238732
0.999645317092833
0.9997977997001324
0.999884360489961
0.9999337185045573
0.9999619319956047
0.9999781126918665
0.9999874164329283
0.9999927801916804
0.9999958784533522
0.9999976691420214
0.9999987004010982
0.9999992850181467
0.9999995987812609
0.9999997353715603
0.999999735367287
0.9999995987797667
0.999999285018504
0.999998700406438
0.9999976691420662
0.9999958784496416
0.9999927801890633
0.999987416436605
0.9999781126954355
0.9999619319945705
0.9999337184993413
0.9998843604912571
0.9997977997033383
0.9996453170955747
0.9993763304197414
0.998898267567862
0.9980507204504823
0.9965237198571972
0.993814659534466
0.9888041740321064
0.9800453958584043
0.9628268963684373
0.9346191048514895
0.8697367973734929
0.7846457232519357
0.4889932416018504
0.31230278139026096
-1.5911119944547432
-0.962984945101916
-22.753703559347123
-22.753706442552158
-0.962985315115817
-1.5911126368740343
0.31230251051641655
0.4889930083754484
0.7846455849869567
0.869736697740763
0.9346190399056644
0.9628268517422929
0.9800453660283506
0.9888041538093861
0.9938146459416319
0.9965237107052164
0.9980507143131668
0.9988982634554098
0.9993763276793883
0.9996453152794662
0.9997977985076113
0.9998843597175093
0.9999337180069975
0.9999619316870593
0.9999781125106544
0.9999874163416629
0.9999927801514954
0.9999958784430869
0.9999976691582355
0.9999987004442197
0.9999992850643773
0.9999995988298621
0.9999997354182972
0.9999997354268918
0.9999995988314685
0.9999992850648523
0.999998700437275
0.9999976691616097
0.9999958784454042
0.9999927801537212
0.9999874163381375
0.9999781125094621
0.9999619316844259
0.9999337180137966
0.9998843597147251
0.9997977985057125
0.9996453152731104
0.9993763276896744
0.9988982634567611
0.9980507143118249
0.9965237106993174
0.9938146459477343
0.988804153811516
0.9800453660288893
0.9628268517368448
0.9346190399061891
0.8697366977408654
0.7846455849947795
0.4889930083720462
0.3123025105107541
-1.5911126368881834
-0.962985315133269
-22.753706442536096
-22.75370790720787
-0.9629855036537125
-1.5911129639794441
0.31230237242205316
0.48899288943213715
0.7846455144150072
0.8697366468551102
0.9346190067033882
0.9628268288965052
0.9800453507348306
0.9888041434377035
0.9938146389615821
0.996523705986035
0.9980507111352381
0.9988982613258173
0.9993763262568747
0.9996453143262243
0.9997977978714253
0.9998843592979557
0.9999337177358976
0.9999619315157824
0.9999781124022349
0.999987416271888
0.999992780111475
0.9999958784296801
0.9999976691605188
0.9999987004433994
0.9999992850692776
0.9999995988434756
0.9999997354401955
0.9999997354404819
0.9999995988394796
0.9999992850733915
0.9999987004443199
0.9999976691603156
0.9999958784294106
0.9999927801129526
0.9999874162708833
0.9999781124024685
0.9999619315168975
0.9999337177367895
0.9998843592923581
0.999797797874161
0.9996453143295678
0.9993763262599206
0.9988982613208206
0.9980507111380965
0.9965237059875078
0.9938146389636868
0.9888041434347159
0.9800453507361299
0.9628268288939013
0.934619006704808
0.8697366468563957
0.7846455144173177
0.4889928894259426
0.3123023724240567
-1.5911129639691133
-0.9629855036570447
-22.75370790719671
-22.753708521090154
-0.9629855827034701
-1.5911131012238586
0.31230231444614587
0.488992839478385
0.784645484757205
0.8697366254607327
0.9346189927365578
0.9628268192836502
0.9800453442988071
0.9888041390676232
0.9938146360171922
0.9965237039964085
0.9980507097992726
0.9988982604272413
0.9993763256550602
0.9996453139224393
0.9997977976076823
0.9998843591226778
0.9999337176246961
0.9999619314417443
0.9999781123567795
0.9999874162444982
0.9999927801005286
0.9999958784271019
0.9999976691580964
0.9999987004441435
0.999999285078221
0.9999995988525487
0.9999997354480712
0.9999997354437835
0.9999995988507188
0.9999992850790306
0.9999987004493365
0.9999976691596913
0.9999958784223675
0.9999927800990103
0.9999874162474057
0.9999781123605062
0.999961931440713
0.9999337176169287
0.9998843591248769
0.9997977976106791
0.9996453139262657
0.9993763256510784
0.9988982604255212
0.9980507098009785
0.9965237039998798
0.9938146360168723
0.9888041390644633
0.9800453442955561
0.9628268192876077
0.9346189927393285
0.8697366254575595
0.7846454847523318
0.48899283948093997
0.31230231445027185
-1.5911131012167168
-0.9629855827187289
-22.75370852107467
-22.753708521352664
-0.9629855825827965
-1.5911131012099564
0.31230231446705026
0.48899283948898964
0.7846454847555491
0.8697366254593923
0.9346189927371973
0.9628268192933631
0.9800453443058014
0.9888041390650597
0.9938146360149648
0.9965237040058784
0.9980507098074913
0.9988982604299987
0.9993763256537764
0.9996453139295292
0.9997977976139711
0.9998843591292478
0.9999337176258752
0.9999619314431264
0.9999781123604103
0.999987416255085
0.9999927801042237
0.999995878425427
0.9999976691562692
0.9999987004568326
0.9999992850834546
0.9999995988527925
0.9999997354439116
0.9999997354517314
0.999999598854977
0.9999992850832222
0.999998700449072
0.9999976691615811
0.9999958784259475
0.9999927801077495
0.9999874162490502
0.9999781123591809
0.9999619314405628
0.999933717633561
0.9998843591280449
0.9997977976099798
0.999645313922572
0.999376325662235
0.9988982604306194
0.9980507098045462
0.9965237039992518
0.9938146360218123
0.9888041390665909
0.980045344306159
0.9628268192878641
0.9346189927383323
0.8697366254597223
0.784645484763622
0.48899283948543404
0.31230231445862655
-1.5911131012274882
-0.9629855826049452
-22.753708521333575
-22.753707907201502
-0.9629855036567205
-1.5911129639807697
0.3123023724235262
0.48899288943212077
0.7846455144154556
0.8697366468556241
0.9346190067034271
0.9628268288958833
0.9800453507341669
0.9888041434376666
0.9938146389617502
0.9965237059866039
0.9980507111358634
0.998898261326991
0.9993763262569986
0.9996453143264216
0.9997977978707449
0.9998843592978803
0.9999337177350764
0.9999619315149282
0.999978112401813
0.9999874162708383
0.9999927801111879
0.9999958784296774
0.9999976691603407
0.9999987004438139
0.9999992850685402
0.9999995988443589
0.9999997354401367
0.9999997354398343
0.9999995988397905
0.9999992850731783
0.9999987004452551
0.9999976691593596
0.9999958784285831
0.9999927801120726
0.9999874162699169
0.9999781124031788
0.9999619315166031
0.9999337177373797
0.9998843592910092
0.9997977978744652
0.9996453143277917
0.9993763262598228
0.9988982613190918
0.9980507111379627
0.9965237059871701
0.9938146389626721
0.9888041434345645
0.9800453507355253
0.9628268288938502
0.934619006704337
0.8697366468557272
0.7846455144173196
0.4889928894252833
0.31230237242179215
-1.5911129639676518
-0.962985503666365
-22.75370790718503
-22.75370644228883
-0.9629853152310764
-1.591112636884606
0.3123025104986549
0.4889930083663786
0.784645584988482
0.8697366977425699
0.9346190399048423
0.9628268517334687
0.9800453660220516
0.9888041538118509
0.9938146459432291
0.9965237106967044
0.9980507143056999
0.9988982634546876
0.9993763276807937
0.9996453152739033
0.99979779850166
0.9998843597118333
0.9999337180057322
0.9999619316861755
0.9999781125068293
0.9999874163323766
0.9999927801473447
0.9999958784454768
0.9999976691596559
0.9999987004317921
0.9999992850601507
0.99999959882932
0.9999997354230399
0.9999997354187689
0.9999995988276125
0.9999992850610987
0.9999987004384618
0.9999976691593995
0.9999958784425376
0.9999927801439066
0.9999874163371305
0.9999781125103537
0.9999619316848598
0.9999337179990679
0.9998843597114487
0.9997977985061028
0.9996453152769029
0.9993763276769987
0.9988982634531669
0.9980507143075557
0.9965237107007766
0.9938146459430183
0.9888041538079746
0.9800453660197654
0.9628268517370846
0.934619039906018
0.8697366977396701
0.7846455849831504
0.48899300836733706
0.3123025105016999
-1.5911126368780064
-0.9629853152505031
-22.75370644226617
-22.753703559652955
-0.962984944967912
-1.5911119944483965
0.3123027814073869
0.4889932416123153
0.7846457232569682
0.8697367973749903
0.9346191048518249
0.9628268963752489
0.9800453958680879
0.9888041740334079
0.9938146595336278
0.9965237198633308
0.9980507204576419
0.9988982675704516
0.9993763304225036
0.9996453170999051
0.9997977997061724
0.9998843604973289
0.9999337185050743
0.9999619319973456
0.9999781126949754
0.9999874164444298
0.9999927801955713
0.9999958784509106
0.9999976691400132
0.9999987004136792
0.9999992850240453
0.9999995987826857
0.9999997353681817
0.9999997353769661
0.9999995987848971
0.9999992850233467
0.9999987004046491
0.9999976691466771
0.9999958784519662
0.9999927802006932
0.9999874164377867
0.9999781126946916
0.9999619319937321
0.9999337185133883
0.9998843604962493
0.9997977997032067
0.9996453170933559
0.9993763304334646
0.9988982675732798
0.9980507204554228
0.99652371985601
0.9938146595404921
0.9888041740360041
0.9800453958686973
0.9628268963685198
0.9346191048521827
0.8697367973748096
0.7846457232663878
0.4889932416081995
0.31230278140281287
-1.5911119944643657
-0.9629849449913188
-22.753703559633276
-22.753698139299637
-0.9629842507827292
-1.5911107896026793
0.3123032887546235
0.4889936782098546
0.7846459818054394
0.8697369835247295
0.9346192260481716
0.9628269795578005
0.980045451400305
0.9888042116214153
0.9938146847488585
0.99652373680183
0.9980507317850347
0.9988982751352593
0.9993763354463274
0.9996453204062056
0.9997978018584702
0.999884361878755
0.9999337193735174
0.9999619325216033
0.9999781129863374
0.9999874165748611
0.9999927802277311
0.999995878424295
0.9999976690729617
0.9999987003036994
0.9999992848948454
0.9999995986513
0.9999997352388138
0.9999997352381531
0.9999995986470844
0.999999284898919
0.9999987003040294
0.9999976690712895
0.9999958784219619
0.9999927802299733
0.9999874165739286
0.9999781129881367
0.9999619325225892
0.9999337193740728
0.9998843618732391
0.9997978018612586
0.9996453204096015
0.9993763354481466
0.9988982751284883
0.9980507317868808
0.996523736802724
0.9938146847502873
0.9888042116167274
0.9800454514021919
0.9628269795560342
0.9346192260499547
0.8697369835249983
0.7846459818079126
0.48899367820258877
0.3123032887552599
-1.5911107895900052
-0.9629842507887496
-22.75369813928683
-22.75368807146414
-0.9629829642084687
-1.5911085575390311
0.3123042272578141
0.4889944853408733
0.7846464591481264
0.8697373268749807
0.9346194492952492
0.9628271325989993
0.9800455534062316
0.9888042805247826
0.9938147308651553
0.9965237677182834
0.9980507524052282
0.9988982888409328
0.9993763444935387
0.9996453263253364
0.9997978056835424
0.999884364298967
0.9999337208568333
0.9999619333778087
0.9999781134255015
0.999987416736572
0.9999927802101765
0.99999587828557
0.9999976688511075
0.9999987000291788
0.9999992845959156
0.9999995983323031
0.9999997349081193
0.9999997349040782
0.9999995983285692
0.9999992845967784
0.9999987000337545
0.9999976688520646
0.999995878280123
0.9999927802079898
0.9999874167392637
0.99997811342873
0.9999619333752582
0.9999337208505834
0.9998843643001255
0.9997978056869488
0.9996453263274441
0.9993763444873629
0.9988982888372708
0.9980507524077701
0.9965237677229335
0.9938147308655751
0.9888042805202406
0.9800455534039827
0.962827132602499
0.9346194492979898
0.8697373268715525
0.7846464591424902
0.488994485341823
0.312304227260374
-1.5911085575325647
-0.9629829642307415
-22.753688071435285
-22.75366942111272
-0.9629805870017922
-1.5911044346990852
0.31230595793038013
0.48899597271244144
0.7846473375261394
0.8697379579852915
0.9346198590201122
0.9628274130424617
0.9800457399734022
0.9888044062590928
0.9938148147996577
0.9965238238156751
0.9980507896655744
0.9988983134668292
0.9993763606306164
0.9996453367876914
0.9997978123424559
0.9998843684173124
0.9999337232777038
0.9999619346726965
0.9999781139776536
0.9999874168024792
0.9999927799448771
0.9999958777975744
0.9999976682246479
0.9999986993299019
0.9999992838348698
0.9999995975313665
0.9999997340877856
0.9999997340984409
0.999999597534025
0.9999992838341639
0.9999986993205501
0.999997668231144
0.9999958777984332
0.9999927799476468
0.9999874167965244
0.9999781139755703
0.9999619346691245
0.9999337232872814
0.999884368416635
0.999797812338878
0.9996453367804574
0.9993763606408113
0.9988983134705697
0.9980507896614997
0.9965238238072354
0.9938148148056793
0.9888044062606544
0.9800457399745295
0.9628274130356946
0.9346198590203059
0.8697379579844159
0.7846473375339442
0.4889959727071862
0.31230595792156235
-1.5911044347217431
-0.9629805870322388
-22.753669421079202
-22.753634868752194
-0.9629761959468806
-1.5910968206905958
0.31230914826189504
0.48899871254599175
0.7846489529465146
0.8697391172712118
0.9346206102841201
0.9628279263418988
0.9800460806585523
0.9888046353142819
0.993814967208573
0.9965239252569336
0.9980508566871418
0.99889835749132
0.9993763892218532
0.9996453550657256
0.9997978237310003
0.9998843752304294
0.9999337270472388
0.999961936430518
0.9999781143970061
0.9999874163385256
0.999992778906698
0.9999958763918979
0.9999976665783015
0.9999986975119921
0.9999992819174903
0.9999995955682198
0.9999997321054054
0.9999997321069176
0.9999995955618293
0.9999992819230618
0.9999986975114481
0.9999976665772683
0.9999958763893916
0.9999927789085814
0.999987416338471
0.9999781144004536
0.9999619364315593
0.9999337270496063
0.9998843752230684
0.999797823735903
0.9996453550669773
0.9993763892229398
0.9988983574840682
0.9980508566883166
0.9965239252585669
0.9938149672083729
0.9888046353114623
0.9800460806609024
0.9628279263406831
0.9346206102848202
0.8697391172704865
0.7846489529477549
0.4889987125371795
0.3123091482640111
-1.5910968206779041
-0.9629761959649601
-22.75363486873757
-22.7535708011941
-0.9629680780161067
-1.5910827496690643
0.3123150328006483
0.48900376170138693
0.7846519247715921
0.8697412468838643
0.9346219877014472
0.962828865482132
0.9800467024318775
0.9888050520369372
0.9938152434771994
0.9965241082642617
0.9980509768927845
0.9988984357681867
0.9993764394718543
0.9996453866268205
0.9997978428767454
0.9998843861217397
0.9999337324872752
0.9999619382619291
0.9999781138595423
0.9999874142422083
0.999992775796908
0.9999958726191001
0.9999976623757593
0.9999986930325948
0.9999992772796793
0.9999995908279886
0.999999727320995
0.9999997273150425
0.9999995908242754
0.9999992772787254
0.9999986930380417
0.9999976623749794
0.9999958726146198
0.9999927757945013
0.999987414245786
0.9999781138637709
0.9999619382605363
0.9999337324815356
0.9998843861229291
0.9997978428802214
0.9996453866301398
0.9993764394667055
0.9988984357650329
0.9980509768956971
0.9965241082682588
0.9938152434780687
0.988805052031517
0.9800467024311699
0.962828865485974
0.9346219877050963
0.8697412468815413
0.784651924767477
0.489003761703225
0.31231503280511747
-1.5910827496594493
-0.9629680780358137
-22.753570801159245
-22.753451855380945
-0.962953055197427
-1.5910567190279619
0.3123258951653443
0.48901307381980413
0.7846573943611816
0.8697451605483806
0.9346245129676929
0.9628305833924754
0.9800478361571476
0.9888058093014094
0.9938157431150575
0.996524437432988
0.9980511913584675
0.9988985739888759
0.9993765267762305
0.9996454401872177
0.9997978740164375
0.9998844024690599
0.9999337390562486
0.9999619384212968
0.9999781098116177
0.9999874074630352
0.9999927672199854
0.9999958628824801
0.9999976518901127
0.9999986820980071
0.9999992660428396
0.9999995794197089
0.9999997158311111
0.9999997158399829
0.9999995794235502
0.9999992660418817
0.9999986820869379
0.9999976518974175
0.9999958628818981
0.9999927672266304
0.9999874074547253
0.9999781098111346
0.9999619384164369
0.9999337390652394
0.999884402468656
0.999797874011874
0.9996454401811046
0.9993765267884231
0.9988985739924788
0.9980511913558738
0.9965244374230782
0.9938157431233464
0.9888058093032577
0.9800478361589273
0.9628305833847701
0.9346245129670611
0.8697451605483426
0.7846573943698157
0.4890130738155966
0.312325895157291
-1.5910567190464935
-0.9629530552327026
-22.753451855361966
-22.753230715482434
-0.9629252205193135
-1.5910085100701608
0.3123459666916969
0.48903026114543086
0.7846674680335213
0.8697523545469044
0.9346291433599747
0.9628337239887048
0.98004990181957
0.9888071827614111
0.9938166446246739
0.9965250268108319
0.9980515717868392
0.9988988156114817
0.9993766762965584
0.9996455286361164
0.999797922230587
0.9998844241287033
0.9999337433504913
0.9999619313090496
0.9999780952956512
0.9999873881010095
0.9999927447560032
0.9999958384081459
0.9999976261439745
0.9999986555186747
0.9999992389692538
0.9999995520703717
0.9999996883595532
0.9999996883589621
0.9999995520651068
0.9999992389748122
0.9999986555199961
0.9999976261426977
0.9999958384066653
0.9999927447565224
0.9999873881005054
0.9999780952980208
0.9999619313099961
0.9999337433516394
0.9998844241213183
0.9997979222343314
0.9996455286372848
0.9993766762976602
0.9988988156037634
0.9980515717904899
0.9965250268123895
0.9938166446264328
0.9888071827562044
0.9800499018221493
0.9628337239876035
0.9346291433630411
0.869752354547783
0.7846674680340815
0.48903026113695297
0.3123459666924084
-1.5910085100536286
-0.9629252205358488
-22.75323071545929
-22.752818897876672
-0.9628735797608734
-1.5909191023314657
0.3123830906345238
0.4890620174116024
0.7846860298494651
0.8697655855117155
0.9346376309350513
0.9628394638138924
0.9800536593564714
0.9888096693608877
0.993818264690326
0.9965260771393671
0.9980522405841987
0.9988992328544679
0.9993769264693022
0.9996456691259283
0.999797990314553
0.99988444500881
0.9999337332379954
0.9999619011627539
0.9999780520616397
0.9999873364890639
0.9999926877033062
0.9999957779108919
0.99999756342672
0.9999985914279554
0.9999991740374174
0.9999994866593229
0.9999996227257877
0.9999996227218269
0.9999994866530686
0.9999991740378626
0.9999985914342744
0.9999975634268706
0.9999957779062334
0.9999926876987768
0.9999873364917593
0.9999780520648112
0.9999619011606615
0.99993373323487
0.999884445008858
0.9997979903210665
0.9996456691266984
0.9993769264635957
0.9988992328499431
0.998052240586003
0.9965260771445308
0.9938182646885314
0.9888096693553242
0.9800536593545189
0.9628394638197184
0.9346376309386916
0.8697655855091773
0.7846860298436706
0.4890620174124488
0.3123830906365116
-1.590919102321294
-0.9628735797901776
-22.752818897844598
-22.752050690134176
-0.9627776185365886
-1.5907530680146462
0.31245184662863124
0.48912073886211693
0.7847202624449414
0.8697899187853587
0.934653190689671
0.9628499398200125
0.9800604860217856
0.9888141548195222
0.9938211646627335
0.9965279333835078
0.9980534041548885
0.998899938691121
0.9993773318816108
0.9996458765619076
0.9997980690275359
0.9998844392695898
0.9999336731178896
0.9999618055374982
0.9999779338222661
0.9999872035562449
0.9999925455104886
0.9999956297232453
0.999997411535883
0.999998437192795
0.9999990183978313
0.9999993301939644
0.999999465902335
0.9999994659121944
0.9999993301989798
0.9999990183948242
0.9999984371808422
0.9999974115407082
0.9999956297233438
0.9999925455164036
0.9999872035499671
0.9999779338226867
0.9999618055340249
0.9999336731289458
0.9998844392687641
0.9997980690227517
0.9996458765538598
0.9993773318924453
0.9988999386943024
0.9980534041492202
0.9965279333719732
0.993821164669195
0.9888141548221573
0.9800604860261214
0.9628499398131563
0.9346531906892568
0.8697899187823912
0.7847202624529032
0.4891207388547252
0.3124518466195993
-1.590753068037258
-0.9627776185698401
-22.75205069009755
-22.750614542658873
-0.9625990237414631
-1.5904441646008387
0.31257931647124315
0.4892294767083673
0.7847834093691127
0.8698347016610304
0.9346816840810026
0.962869049234041
0.9800728470826533
0.9888222218889842
0.9938263157332589
0.996531185896495
0.9980553914215972
0.9989011019660379
0.9993779508767764
0.9996461435523261
0.9997981049375684
0.999884327212321
0.9999334644140023
0.9999615356565298
0.9999776241305082
0.9999868689900931
0.9999921948095358
0.9999952691193994
0.9999970445226132
0.9999980663364838
0.9999986451297238
0.9999989556451698
0.9999990907455756
0.9999990907459475
0.9999989556383542
0.9999986451364564
0.9999980663351928
0.9999970445242291
0.999995269116132
0.9999921948142941
0.9999868689885605
0.9999776241335867
0.9999615356565417
0.9999334644146192
0.9998843272059661
0.999798104940911
0.9996461435547853
0.9993779508757231
0.998901101958763
0.9980553914237509
0.9965311859000987
0.9938263157341625
0.9888222218855514
0.9800728470846516
0.9628690492327585
0.9346816840835761
0.8698347016615144
0.784783409371838
0.48922947670134476
0.31257931647619097
-1.590444164587099
-0.96259902375967
-22.750614542646815
-22.747924231775656
-0.9622659128874844
-1.5898685892391073
0.31281608230179686
0.48943096357356775
0.7849000406948636
0.8699170589201672
0.9347338701295538
0.9629038012562611
0.9800951849867243
0.9888366252759181
0.9938354031161635
0.9965367890550921
0.9980587141529645
0.9989029249369301
0.9993788063515399
0.9996463643621234
0.999797921639574
0.9998838797864681
0.9999328510946115
0.9999608142146772
0.9999768357954726
0.9999860371011335
0.9999913364508793
0.9999943935085231
0.9999961586706569
0.9999971738415363
0.9999977489025993
0.9999980571686586
0.9999981913340095
0.9999981913304776
0.9999980571641809
0.99999774890289
0.9999971738466318
0.999996158670335
0.9999943935038084
0.9999913364480819
0.9999860371055254
0.9999768357995603
0.9999608142123073
0.9999328510886499
0.9998838797878683
0.9997979216437978
0.9996463643638116
0.9993788063453821
0.9989029249339418
0.9980587141568884
0.9965367890605623
0.9938354031167042
0.988836625269776
0.980095184985236
0.9629038012605982
0.9347338701358525
0.8699170589184038
0.7849000406925287
0.4894309635757876
0.3128160823075763
-1.5898685892316653
-0.9622659129098483
-22.747924231741024
-22.742869182872177
-0.9616434823102671
-1.58879327475771
0.31325624363738713
0.4898051097268098
0.7851153454475578
0.870068689799296
0.934829177252166
0.9629669519995159
0.9801352689844702
0.9888622146229515
0.9938511794079234
0.9965462795864745
0.9980640296342829
0.9989055763165696
0.9993797031363838
0.9996461543311246
0.9997969861092393
0.9998824933083335
0.9999311697113898
0.9999589526378009
0.9999748563319307
0.9999839870284596
0.9999892399878825
0.9999922699217576
0.9999940171756132
0.9999950222826866
0.9999955907738489
0.9999958957244209
0.9999960282425693
0.9999960282539917
0.9999958957291817
0.9999955907725797
0.999995022270332
0.9999940171832219
0.9999922699236438
0.9999892399948092
0.999983987022621
0.9999748563327701
0.9999589526350998
0.9999311697226057
0.9998824933080513
0.9997969861029721
0.9996461543220898
0.9993797031484994
0.9989055763214933
0.9980640296292755
0.9965462795763959
0.9938511794152555
0.988862214627789
0.9801352689872009
0.9629669519936366
0.9348291772519732
0.8700686897992381
0.7851153454579327
0.48980510972256586
0.3132562436292713
-1.5887932747851694
-0.9616434823482418
-22.742869182852772
-22.733348404251913
-0.9604767148379283
-1.5867812514269914
0.3140769472212781
0.49049986829580555
0.7855136719783246
0.8703471539177284
0.9350033381400065
0.9630809216700349
0.9802069842177492
0.9889069746151126
0.9938782177017941
0.9965617223325511
0.9980720649966395
0.9989087429417712
0.9993798219343314
0.9996442703523878
0.9997938723681441
0.9998785713563316
0.9999267616283465
0.999954224153401
0.9999699395490227
0.9999789452471276
0.9999841267567774
0.9999871086902765
0.9999888294782215
0.999989816585573
0.9999903757867907
0.9999906747901954
0.9999908050597661
0.9999908050590094
0.9999906747825646
0.999990375792781
0.9999898165863141
0.9999888294778568
0.9999871086884156
0.9999841267575258
0.9999789452446017
0.9999699395502673
0.9999542241537857
0.9999267616298728
0.9998785713492788
0.9997938723736877
0.9996442703548656
0.9993798219343193
0.998908742932517
0.9980720649994859
0.9965617223345198
0.9938782177031906
0.9889069746095431
0.9802069842197092
0.9630809216673655
0.9350033381444501
0.8703471539166665
0.7855136719816135
0.49049986828795217
0.3140769472240601
-1.58678125141211
-0.9604767148523223
-22.733348404228728
-22.71533326302805
-0.9582854148003291
-1.5830004123859496
0.31560735793468814
0.4917948370902123
0.7862487189484795
0.8708598061283388
0.9353193437989588
0.9632865057476347
0.9803332852657074
0.9889845961484725
0.9939228271143248
0.9965858099746576
0.9980824754822216
0.9989107456412373
0.9993762497651664
0.9996373371913133
0.99978470947378
0.9998680956164991
0.9999154103217434
0.9999423712261613
0.9999577484314376
0.9999665665213094
0.999971619265307
0.9999745325738016
0.9999762050809302
0.9999771678738403
0.9999777098006654
0.9999780011578515
0.9999781271544921
0.999978127150605
0.9999780011525198
0.9999777098026796
0.9999771678801175
0.9999762050807246
0.9999745325687324
0.9999716192609274
0.9999665665247384
0.9999577484355644
0.9999423712243036
0.9999154103167531
0.9998680956160642
0.9997847094794559
0.9996373371937974
0.9993762497595492
0.998910745636651
0.9980824754847474
0.9965858099799272
0.9939228271136337
0.9889845961427766
0.9803332852645259
0.963286505752204
0.9353193438033636
0.87085980612296
0.7862487189434024
0.49179483708911254
0.3156073579398204
-1.5830004123775936
-0.9582854148301103
-22.71533326299661
-22.681164018362715
-0.9541480703884307
-1.5758892640304802
0.3184766718623081
0.4942034007305273
0.7876113844243648
0.8717967919474452
0.935894090208607
0.963651331013414
0.9805548248563953
0.9891142421009194
0.993994243709954
0.996618801228125
0.9980920409500975
0.9989047003383064
0.9993609773083092
0.9996158701254583
0.9997596925762026
0.9998406702390433
0.99988665063263
0.999912691260211
0.9999275780139071
0.9999360494252199
0.9999409258385787
0.9999437100592836
0.9999453207744204
0.99994623646608
0.9999467578453008
0.9999470338364287
0.999947155038087
0.9999471550472943
0.9999470338444192
0.9999467578421177
0.9999462364541896
0.9999453207812081
0.9999437100609361
0.9999409258452051
0.9999360494176375
0.9999275780150052
0.9999126912572748
0.9998866506434616
0.9998406702390232
0.9997596925691149
0.9996158701166782
0.9993609773207357
0.9989047003425964
0.9980920409458045
0.9966188012143691
0.9939942437195752
0.9891142421030851
0.9805548248603049
0.9636513310047514
0.9358940902107997
0.8717967919458207
0.787611384436286
0.49420340072484326
0.31847667185267436
-1.5758892640497422
-0.9541480704282981
-22.681164018323052
-22.61583186669128
-0.9463266323799786
-1.5624078989783063
0.32384217588472275
0.4987183362607695
0.7901167820544235
0.8735204172017084
0.9369206551221829
0.9642998530812086
0.9809284357062219
0.9893268973529554
0.9940958201042311
0.9966553882383895
0.9980842248471657
0.9988715508462187
0.9993104235642303
0.99955572585022
0.9996928619974547
0.9997703022741563
0.9998137587406155
0.9998385253159641
0.9998524726188351
0.9998604954320851
0.9998650257420751
0.9998676557573005
0.999869140192555
0.9998700045969258
0.9998704816323525
0.9998707424248777
0.9998708527817116
0.9998708527795828
0.9998707424169127
0.9998704816378431
0.999870004595515
0.9998691401925912
0.9998676557523967
0.9998650257463293
0.999860495428918
0.9998524726236174
0.9998385253169788
0.9998137587430806
0.9997703022682107
0.9996928620043164
0.9995557258524499
0.9993104235634755
0.9988715508368681
0.9980842248513553
0.9966553882425689
0.9940958201058245
0.9893268973480347
0.9809284357075587
0.9642998530814622
0.9369206551267896
0.8735204172048449
0.7901167820575153
0.49871833625555834
0.32384217588691555
-1.5624078989563932
-0.9463266324036972
-22.61583186667091
-22.490778433913633
-0.9313895211594032
-1.5368975548446455
0.33399298314469844
0.5071088656175227
0.7947761321856603
0.8766277903047512
0.9387701052050668
0.9654044846540284
0.981554912037891
0.9896379071692343
0.9942220770241066
0.9966547863469093
0.9980135074207312
0.9987514505501689
0.9991644032314273
0.9993909465365287
0.9995187499982678
0.9995891988940646
0.9996293760421422
0.9996515739248105
0.9996643948247926
0.999671482912033
0.9996756350877825
0.9996779269447216
0.9996792879002634
0.9996800314437972
0.9996804702756035
0.9996806921821925
0.9996807940903946
0.9996807940872343
0.9996806921766285
0.9996804702760032
0.999680031450396
0.9996792878979056
0.9996779269414644
0.9996756350833562
0.9996714829177717
0.999664394828905
0.9996515739222478
0.9996293760362871
0.9995891988925909
0.9995187500043514
0.9993909465375788
0.9991644032274358
0.9987514505458965
0.9980135074271136
0.9966547863525101
0.9942220770241594
0.9896379071627516
0.9815549120365576
0.9654044846589313
0.9387701052102846
0.8766277903000496
0.7947761321805697
0.5071088656196809
0.3339929831517481
-1.5368975548280246
-0.931389521180379
-22.49077843388569
-22.24750884487659
-0.9029225049909089
-1.4877915762217486
0.35297791009261154
0.5229987082579991
0.803227917121717
0.882334586539022
0.9419392865178019
0.9673042941965985
0.9824855978403522
0.9900586277081278
0.9942674312570485
0.9965078333348096
0.9977233987274851
0.9983917671604848
0.998751223588348
0.9989533882516584
0.9990615556278237
0.9991236838371349
0.9991567509446022
0.9991761723402167
0.9991864415720095
0.9991926227522113
0.9991958630249604
0.9991978656882512
0.9991989016333258
0.9991995562831196
0.9991998827499939
0.9992000801673762
0.9992001547895608
0.9992001548020839
0.9992000801744216
0.9991998827496258
0.9991995562713186
0.999198901642034
0.9991978656919396
0.9991958630317289
0.9991926227435888
0.9991864415695767
0.9991761723354806
0.9991567509557342
0.9991236838372086
0.9990615556205391
0.9989533882431869
0.9987512236023215
0.9983917671659
0.9977233987222911
0.996507833321433
0.9942674312663821
0.9900586277110501
0.9824855978429392
0.9673042941862423
0.941939286518114
0.8823345865367298
0.8032279171346564
0.522998708254556
0.3529779100865838
-1.48779157624999
-0.90292250502366
-22.24750884484868
-21.77656281468139
-0.8474063423019341
-1.3943737298006602
0.3895336027217548
0.5522338845931515
0.8190532652304063
0.8922120221666124
0.9475271786371684
0.9701609371180131
0.9838254459275639
0.9902970356499914
0.9939674111075782
0.9957877259038699
0.9968167156894907
0.9973299735913539
0.9976265395630777
0.9977726375317358
0.9978601157476412
0.9979022612513224
0.9979286581227719
0.9979410176105424
0.9979491736429305
0.9979528678409199
0.9979554508738604
0.9979565773035164
0.9979574141846813
0.9979577617501935
0.9979580311892688
0.9979581310357859
0.9979581938320665
0.9979581938285831
0.9979581310292323
0.997958031194814
0.9979577617505241
0.9979574141857279
0.9979565772969903
0.9979554508767061
0.9979528678360413
0.9979491736464714
0.9979410176114887
0.997928658123282
0.9979022612463087
0.9978601157519364
0.9977726375360502
0.9976265395605133
0.9973299735827132
0.9968167156931307
0.9957877259078997
0.9939674111099647
0.9902970356425794
0.9838254459306601
0.9701609371167914
0.9475271786422921
0.8922120221654595
0.8190532652326763
0.5522338845835761
0.3895336027246976
-1.3943737297888321
-0.8474063423224807
-21.77656281466244
-20.82933884504706
-0.7407561827397031
-1.2088610838257616
0.45711515735067176
0.608860355036913
0.8464504610661181
0.9102936873926637
0.9558814089644221
0.9745469326677922
0.9846753210405267
0.9897063194676896
0.9920859941833573
0.9934195728570832
0.9939849114259514
0.9943404293986533
0.9944731010249171
0.9945694145101365
0.9945996366809897
0.9946263317157719
0.994632867493771
0.9946404823608248
0.9946417672701384
0.9946440163971869
0.9946442187666729
0.9946449105219173
0.9946449203325869
0.9946451409579798
0.9946451300486819
0.9946451965724886
0.9946451920593725
0.9946451920570629
0.9946451965658838
0.9946451300516617
0.9946451409631518
0.9946449203328753
0.9946449105151887
0.9946442187636002
0.9946440164006389
0.9946417672765667
0.9946404823584809
0.9946328674882303
0.9946263317146329
0.9945996366886225
0.9945694145134678
0.9944731010206267
0.9943404293938032
0.9939849114287937
0.9934195728623638
0.9920859941816529
0.9897063194624695
0.9846753210403905
0.9745469326729757
0.9558814089679262
0.9102936873887277
0.8464504610606404
0.6088603550390554
0.45711515735728303
-1.2088610838098048
-0.7407561827681446
-20.82933884502429
-18.97582036910059
-0.5226754339602415
-0.8571510113871774
0.5928945231848322
0.7084099723017239
0.8986574668414975
0.9372890400523816
0.9694130855669466
0.9773851386119463
0.983379223453409
0.9844127709187751
0.9855226572170579
0.9854376134573388
0.9856190718204693
0.9854839802818818
0.9855019678940007
0.9854309042045
0.9854269778190905
0.9853969484353556
0.9853932656912432
0.985381692667783
0.9853798880401454
0.9853756331322209
0.9853748921330898
0.9853733679408379
0.9853730900223233
0.9853725564381494
0.9853724609995551
0.9853722930886497
0.985372270564002
0.9853722705751993
0.9853722930964939
0.9853724609955115
0.9853725564265519
0.9853730900280284
0.9853733679442463
0.9853748921381809
0.9853756331236996
0.9853798880386516
0.9853816926634816
0.9853932657020847
0.9853969484363609
0.9854269778112066
0.9854309041951055
0.9855019679091606
0.9854839802876127
0.9856190718161255
0.9854376134447529
0.9855226572267655
0.9844127709233393
0.9833792234551709
0.9773851386018784
0.9694130855685024
0.9372890400530197
0.898657466857437
0.7084099722991044
0.5928945231756462
-0.8571510114119484
-0.5226754339958994
-18.975820369066895
-14.93869976744435
-0.10474594435130277
-0.10176474413985498
0.8282197170494334
0.912963745696131
0.9728448085652325
0.9850126851316372
0.9759381910430412
0.9742415356522818
0.9664773814625527
0.9645494653400051
0.9610652348642906
0.9601237092144926
0.9587849558201316
0.9584047184208957
0.9579230292009064
0.9577807393265978
0.9576130266395687
0.9575616764841791
0.9575042624983447
0.9574860715385947
0.9574665694739891
0.9574601892524488
0.9574535790923622
0.9574513570174668
0.9574491187676475
0.9574483567229429
0.9574476189341024
0.9574473833714174
0.9574472099945204
0.9574472099924064
0.957447383362023
0.9574476189400831
0.9574483567234507
0.9574491187711818
0.9574513570108782
0.957453579096391
0.9574601892488501
0.9574665694798159
0.9574860715374856
0.9575042625001988
0.9575616764778736
0.9576130266458042
0.9577807393293036
0.957923029202085
0.9584047184128421
0.9587849558264183
0.9601237092214204
0.961065234867537
0.964549465334104
0.9664773814642664
0.9742415356529068
0.9759381910485185
0.9850126851327139
0.9728448085690165
0.9129637456906998
0.8282197170531441
-0.10176474412272131
-0.1047459443711316
-14.93869976742906
-7.09479331104872
0.8835558383504032
1.2573287078916764
1.36457990114565
1.1998908898226421
1.1159083724771988
0.9996327198334292
0.9601348572163219
0.9121099273592094
0.8972173289826457
0.8801339118573108
0.8748465559998249
0.8691089897914512
0.8672776299499612
0.865394759280679
0.864767573838048
0.8641544688250149
0.8639406737099502
0.8637410410884881
0.8636682208778719
0.8636029433874786
0.8635781021081248
0.8635566127464728
0.863548117215488
0.8635409895719286
0.8635380851559056
0.8635357226809479
0.8635347587878192
0.8635340420932838
0.8635338149729963
0.8635338149707992
0.863534042084555
0.8635347587900603
0.8635357226879968
0.8635380851583674
0.8635409895638089
0.863548117211536
0.863556612754049
0.863578102116505
0.8636029433820245
0.8636682208721012
0.8637410410879008
0.8639406737192309
0.8641544688271328
0.8647675738362399
0.8653947592731317
0.8672776299534586
0.8691089897979948
0.8748465560013652
0.8801339118463927
0.8972173289815499
0.9121099273652332
0.9601348572244403
0.9996327198242052
1.1159083724726928
1.1998908898251592
1.3645799011555124
1.257328707907257
0.8835558383264566
-7.094793311022487
14.998091226287936
2.6447173037198795
5.007112186010589
1.969191026387493
1.8751159115067813
1.050907279184389
0.9132759683279896
0.6767060340248193
0.6198814329897879
0.5502711516078153
0.5303429785205085
0.5095359752259605
0.502846698124303
0.49653660434238567
0.4943191954901527
0.49237704609054256
0.4916433605807582
0.491036633145144
0.49079321574526413
0.4906008814219899
0.4905197129401918
0.490457871819459
0.49043063584713037
0.490410482952672
0.4904012905950936
0.4903946572500758
0.490391566669528
0.4903894238569047
0.4903884773517978
0.49038797965021463
0.4903879796637961
0.4903884773491366
0.49038942386321094
0.49039156665468814
0.49039465726477405
0.49040129058855314
0.49041048296496514
0.4904306358283191
0.4904578718260659
0.4905197129298253
0.49060088143728836
0.49079321573138207
0.49103663314540247
0.4916433605665565
0.49237704610664323
0.494319195478608
0.49653660434185554
0.5028466981059558
0.5095359752389925
0.5303429785106459
0.5502711516128028
0.6198814329688045
0.6767060340337079
0.9132759683189551
1.050907279194719
1.8751159114826494
1.9691910263792742
5.007112185980447
2.644717303676176
14.998091226311939
53.01664610438148
10.863545345595083
9.232913402897681
3.8210617790359946
1.1482971736312009
0.1102454199492192
-0.7542520697339019
-1.0208152272173092
-1.262764139556366
-1.3410419286973767
-1.4083922990251727
-1.4325108398720952
-1.451743713138797
-1.4593162006523106
-1.4649755871650545
-1.4673803859093668
-1.4690919073900712
-1.469863468130209
-1.4703934258437623
-1.4706435771837314
-1.4708110415744713
-1.4708930176659196
-1.470946883641657
-1.4709740302734864
-1.47099161785362
-1.4710006714996902
-1.4710064384503143
-1.4710093920796812
-1.4710111292679198
-1.4710118191049228
-1.4710118190936416
-1.4710111292841814
-1.4710093920309908
-1.4710064384779926
-1.47100067152356
-1.4709916178387255
-1.470974030236183
-1.4709468836887991
-1.470893017684676
-1.4708110415599829
-1.470643577163665
-1.4703934259048335
-1.4698634681219596
-1.4690919073997035
-1.4673803859184855
-1.4649755871944432
-1.459316200626873
-1.4517437131782083
-1.4325108399062279
-1.4083922990235633
-1.3410419286672937
-1.2627641396110452
-1.0208152272384716
-0.7542520697199881
0.11024541995940113
1.1482971735584901
3.821061779033993
9.23291340290079
10.863545345586054
53.01664610440952
515.120490457251
8.882185588640459
22.85036170700455
-16.380475828464395
-17.836746179466537
-23.116914593850886
-24.04546346892913
-25.042998833190936
-25.358128381971603
-25.591794132983466
-25.68807650196878
-25.750011342539317
-25.778996869279396
-25.796614907119903
-25.805427314639225
-25.81066307216547
-25.813386318414096
-25.814990186156074
-25.815846276849246
-25.816349156183108
-25.81662271796195
-25.81678345556636
-25.81687220850428
-25.816924438692062
-25.816953613568614
-25.816970784291957
-25.81698040050574
-25.816985944971407
-25.816988851982842
-25.816990139325377
-25.816990139340398
-25.816988851879014
-25.816985944947426
-25.816980400658068
-25.816970784351163
-25.81695361351035
-25.81692443851804
-25.816872208640312
-25.81678345562674
-25.81662271785525
-25.816349156026888
-25.815846276921853
-25.814990186275814
-25.813386318361886
-25.81066307203944
-25.80542731463004
-25.796614907162038
-25.7789968693915
-25.750011342450435
-25.688076501921703
-25.59179413285534
-25.35812838208723
-25.04299883323504
-24.045463468827535
-23.11691459366861
-17.83674617960382
-16.38047582860314
22.850361707122538
8.882185588814838
515.1204904571357