-3.325020578592456
0.6875343828146352
1.1193518215127063
0.9746863975871563
0.8267816687967472
0.7388686609498366
0.687528873993275
0.658876777339555
0.6427576572228204
0.6336828151221854
0.628533521149184
0.6255930108254103
0.6239023231387197
0.6229242788496145
0.6223552935665486
0.622022646193942
0.6218274015113636
0.6217125803451753
0.6216452528712519
0.6216064141114139
0.6215852525334522
0.6215759433909851
0.6215759433810988
0.621585252535539
0.6216064141069466
0.621645252878858
0.6217125803408854
0.6218274015159223
0.622022646185906
0.6223552935729655
0.6229242788483456
0.6239023231419382
0.6255930108150705
0.6285335211557415
0.6336828151201739
0.6427576572260819
0.6588767773367532
0.6875288740000502
0.7388686609450983
0.8267816687915315
0.9746863975888996
1.119351821513964
0.6875343828167721
-3.325020578593347
0.1434562681631199
-0.1049131809348372
-0.1849062069898913
-0.24626083686172495
-0.2959641134421772
-0.3272859591120254
-0.34701178461965176
-0.358812047401891
-0.36582976769454834
-0.36996190817179764
-0.3723923010071193
-0.37382130886074594
-0.3746628963427158
-0.3751595814027686
-0.37545344443798245
-0.3756277294868593
-0.3757312900636163
-0.3757928382460114
-0.37582925248406573
-0.37585041361473004
-0.3758620081867548
-0.37586712693685803
-0.3758671269380085
-0.37586200818811066
-0.3758504136148878
-0.37582925248276106
-0.37579283824493953
-0.37573129006339623
-0.3756277294880793
-0.37545344443810313
-0.37515958140272504
-0.37466289634120364
-0.37382130886056575
-0.3723923010079796
-0.3699619081730682
-0.36582976769430475
-0.3588120474014048
-0.3470117846194418
-0.32728595911264785
-0.29596411344267787
-0.24626083686201744
-0.1849062069898985
-0.10491318093378892
0.14345626816287274
0.28687684495107324
-0.043444623390947706
-0.09521181274932733
-0.11377757641572145
-0.12643106060138398
-0.13550147712563526
-0.14195702177544486
-0.1462773010621717
-0.14909058594437913
-0.15087580047718224
-0.15199213403595813
-0.15268268327184098
-0.15310695764501858
-0.15336644364646362
-0.15352468530096183
-0.15362099443504246
-0.15367950548227735
-0.15371494727785445
-0.15373625632633853
-0.1537488039204215
-0.1537557481258341
-0.15375883333759302
-0.1537588333378471
-0.15375574812636766
-0.15374880392037293
-0.15373625632608717
-0.153714947277534
-0.1536795054822242
-0.15362099443527694
-0.15352468530128166
-0.1533664436464019
-0.1531069576445468
-0.1526826832717104
-0.15199213403632628
-0.15087580047743998
-0.14909058594414398
-0.14627730106211323
-0.1419570217754174
-0.13550147712570598
-0.1264310606015819
-0.11377757641576919
-0.09521181274914485
-0.0434446233907843
0.28687684495053156
0.21181138844572917
-0.029976033413104376
-0.057901219675171
-0.05731367760454494
-0.054876242087921204
-0.05425563332125749
-0.054492485369724966
-0.05503831222578476
-0.055589517081065104
-0.05604090258250788
-0.05637571823051819
-0.05661034943871891
-0.0567689936901532
-0.05687369739813007
-0.056941635363332355
-0.056985166385275954
-0.057012778383219255
-0.05703012170394505
-0.05704086960051018
-0.057047355210851095
-0.057051011098624996
-0.057052654220333475
-0.057052654220518584
-0.05705101109873134
-0.057047355211033296
-0.05704086960052452
-0.05703012170389844
-0.057012778383115
-0.05698516638543423
-0.0569416353633828
-0.05687369739797034
-0.056768993690055516
-0.05661034943871107
-0.05637571823048622
-0.05604090258264964
-0.05558951708105442
-0.05503831222567643
-0.05449248536965576
-0.054255633321318636
-0.0548762420879913
-0.05731367760455361
-0.057901219674960536
-0.029976033412805074
0.21181138844542113
0.17132331218954844
-0.028184345652128965
-0.047340274469570384
-0.039082190133725804
-0.03077057463786069
-0.02610915220219897
-0.023585537321315228
-0.022339586625369393
-0.021748870201312713
-0.021487966385609243
-0.021384056974515765
-0.02135121364720078
-0.021347895587523216
-0.0213550003955336
-0.02136431122355962
-0.021372700330312612
-0.021379284393168618
-0.02138407831907843
-0.02138738652624115
-0.021389546470325756
-0.021390832972439655
-0.02139143060314947
-0.021391430603411508
-0.02139083297226806
-0.021389546470343523
-0.021387386526136094
-0.02138407831927961
-0.02137928439292459
-0.021372700330394123
-0.02136431122338462
-0.021355000395632682
-0.0213478955876206
-0.02135121364737913
-0.02138405697417825
-0.02148796638577041
-0.02174887020121806
-0.022339586625368037
-0.02358553732129686
-0.026109152202172844
-0.030770574637873496
-0.039082190133753095
-0.047340274469528806
-0.028184345651905474
0.17132331218938524
0.15565762406410963
-0.028138643575858505
-0.04437493272290022
-0.03321715776802879
-0.022683639690804287
-0.01639545796436461
-0.012699886063921622
-0.010647778252005944
-0.009514498955284851
-0.008897216522254546
-0.008563099968659928
-0.008383657329653942
-0.008287990961636656
-0.008237424565278826
-0.008210963172024464
-0.00819728494963323
-0.008190322257599789
-0.008186846849431929
-0.008185155868838317
-0.008184361361738824
-0.008184009183455947
-0.008183877948313493
-0.008183877948579235
-0.008184009183226173
-0.008184361361867041
-0.008185155868710419
-0.008186846849617823
-0.008190322257362267
-0.008197284949863742
-0.008210963171656673
-0.008237424565492108
-0.008287990961733434
-0.008383657329912513
-0.008563099968245873
-0.008897216522394554
-0.009514498955120406
-0.010647778252095778
-0.012699886063826701
-0.016395457964307233
-0.022683639690865967
-0.03321715776796945
-0.04437493272297302
-0.028138643575821996
0.1556576240640261
0.15003090043618017
-0.028231077049625013
-0.04349398835573156
-0.03126691936669485
-0.0199029015947821
-0.012973693779770647
-0.008794912405614693
-0.006393517208496606
-0.0050137390134057155
-0.004226930979109235
-0.003778456184685723
-0.003523167227835834
-0.003377883339968503
-0.003295230017195964
-0.003248216399031935
-0.0032214818096540708
-0.0032062871042144577
-0.003197664541592167
-0.0031927954322860976
-0.0031900889136115733
-0.003188661497523595
-0.0031880477528698145
-0.0031880477530773126
-0.003188661497330902
-0.0031900889137619357
-0.003192795432083323
-0.003197664541707594
-0.0032062871040910513
-0.003221481809863853
-0.0032482163988112062
-0.003295230017435756
-0.0033778833399946795
-0.0035231672280538655
-0.003778456184551587
-0.004226930979203281
-0.0050137390131758395
-0.006393517208658963
-0.008794912405539255
-0.01297369377978759
-0.01990290159464774
-0.031266919366686984
-0.043493988355743765
-0.028231077049608193
0.15003090043612227
0.1480423836614771
-0.028282348136571687
-0.04321252540698466
-0.03059373994246196
-0.018919771792561258
-0.011740749490943642
-0.007366241244743875
-0.004817270382992242
-0.003328983296313649
-0.0024644746644522835
-0.0019615124640927203
-0.0016687229098321502
-0.001498032667520235
-0.001398399479884107
-0.0013401699329679008
-0.0013061032410898803
-0.0012861619965822326
-0.0012744993986918852
-0.0012677126356047336
-0.0012638312524395766
-0.0012617337199459177
-0.001260816512077469
-0.0012608165122346107
-0.0012617337198596208
-0.0012638312525045086
-0.0012677126353606181
-0.0012744993986945402
-0.0012861619965605646
-0.0013061032412041403
-0.0013401699328498605
-0.0013983994800347596
-0.0014980326675002702
-0.001668722909975239
-0.001961512463998841
-0.002464474664524237
-0.003328983296116893
-0.0048172703830478
-0.007366241244622776
-0.011740749491073144
-0.018919771792352165
-0.030593739942454977
-0.043212525407047286
-0.02828234813668142
0.14804238366149525
0.147338027996409
-0.028302825929502947
-0.043115956008455594
-0.030353245164714097
-0.01856311301303511
-0.01128713622034842
-0.00683412602710303
-0.004223808345730053
-0.0026887882762001675
-0.0017896124682636764
-0.0012614889715947082
-0.0009507956832034649
-0.0007675819124829714
-0.000659319912784497
-0.0005952237423093912
-0.0005572162918724211
-0.000534658474531609
-0.0005212805294300524
-0.0005133888965400508
-0.000508818419803848
-0.000506322332718215
-0.0005052230146045957
-0.0005052230146606628
-0.0005063223327892761
-0.000508818419838111
-0.0005133888964967318
-0.0005212805294564746
-0.0005346584745504633
-0.0005572162920314013
-0.0005952237422301321
-0.0006593199127962973
-0.0007675819123747427
-0.0009507956832543632
-0.0012614889715187713
-0.0017896124683392566
-0.0026887882761038187
-0.004223808345771591
-0.006834126027046814
-0.011287136220418657
-0.01856311301289876
-0.030353245164706874
-0.043115956008567075
-0.028302825929524187
0.14733802799645285
0.1470863781632686
-0.02830989588385405
-0.04308073991783766
-0.030264738871096153
-0.018430758553967995
-0.011117142040481798
-0.006632791607629084
-0.0039972267443778575
-0.002442376874751325
-0.0015280306055780735
-0.0009885563742748431
-0.0006695419841100488
-0.00048033678110341864
-0.00036782982995468133
-0.0003007694146312342
-0.0002607195889664917
-0.00023677288478324927
-0.00022246405313085284
-0.00021396075543525007
-0.00020900221661748595
-0.00020627866951482043
-0.00020507452318053914
-0.00020507452324018693
-0.00020627866956331794
-0.00020900221663600293
-0.00021396075543170516
-0.00022246405317229503
-0.0002367728848428669
-0.00026071958898236496
-0.0003007694145476717
-0.00036782982993854385
-0.0004803367812170248
-0.0006695419841632787
-0.0009885563741844209
-0.0015280306055785362
-0.002442376874879643
-0.003997226744524591
-0.006632791607530612
-0.011117142040354572
-0.018430758553840507
-0.030264738871120866
-0.043080739918021624
-0.028309895883827894
0.14708637816344455
0.1469955119497501
-0.028312064491605907
-0.04306727124200564
-0.030231345183175752
-0.018380672946846928
-0.011052400341104735
-0.006555553002185244
-0.003909657260037053
-0.0023464761616105397
-0.001425582449330595
-0.000881075996523796
-0.0005582731067378963
-0.0003662679883407162
-0.0002517262618951199
-0.0001832096640270804
-0.00014213264783058594
-0.00011747167743409992
-0.00010267407999724713
-0.00009384354489487843
-0.00008867402625264215
-0.00008582525163234964
-0.00008456292494565901
-0.0000845629249469035
-0.00008582525166874185
-0.00008867402624920126
-0.00009384354493619142
-0.00010267408004050631
-0.00011747167750471372
-0.00014213264789167488
-0.00018320966388989677
-0.00025172626179001964
-0.00036626798833386774
-0.000558273106722033
-0.0008810759963050851
-0.001425582449382211
-0.002346476161740922
-0.00390965726006032
-0.006555553002052874
-0.011052400340999143
-0.01838067294692193
-0.03023134518327178
-0.0430672712421888
-0.028312064491519937
0.14699551194985
0.14696234258930452
-0.028312629633813265
-0.04306193682228006
-0.030218482954183154
-0.018361399859366932
-0.011027394662632844
-0.0065255592517714945
-0.0038754481155490253
-0.002308788993384765
-0.0013850969346805011
-0.0008383881354305405
-0.0005138874443658035
-0.0003205977738100201
-0.00020510077680796227
-0.00013588503424986545
-0.00009430405173204161
-0.00006928534181124162
-0.000054238181360072716
-0.0000452376158645325
-0.000039956818085063906
-0.000037041217122237785
-0.00003574760963283763
-0.00003574760955882771
-0.00003704121713376187
-0.00003995681798738313
-0.00004523761593380099
-0.0000542381814269998
-0.00006928534185104878
-0.00009430405174449622
-0.0001358850341772793
-0.0002051007768336137
-0.0003205977737652719
-0.0005138874444714992
-0.000838388135375423
-0.00138509693481219
-0.0023087889934525333
-0.0038754481155403517
-0.006525559251795884
-0.01102739466258952
-0.018361399859421115
-0.030218482954253376
-0.04306193682253619
-0.028312629633601538
0.14696234258929525
0.1469501065284543
-0.02831272818099516
-0.04305977121198801
-0.030213443821084165
-0.01835387677042426
-0.011017617370942794
-0.006513786300156065
-0.0038619565431607626
-0.0022938510431384793
-0.0013689710746343725
-0.0008213075789337081
-0.0004960551958310349
-0.000302184684238768
-0.0001862466395689961
-0.0001167014372068895
-0.00007487821173075085
-0.00004968425079078204
-0.00003451263819405076
-0.000025425902417597267
-0.000020087922593788827
-0.000017137610689986504
-0.000015827642802304114
-0.000015827642829057955
-0.00001713761066255297
-0.00002008792265042081
-0.000025425902258821646
-0.00003451263816288504
-0.000049684250841015975
-0.00007487821170326132
-0.00011670143713819682
-0.0001862466395261632
-0.0003021846842347941
-0.0004960551958935921
-0.0008213075789365033
-0.0013689710747095754
-0.002293851043182713
-0.0038619565430872763
-0.006513786300146568
-0.011017617370937927
-0.018353876770438073
-0.03021344382109742
-0.04305977121212783
-0.028312728180971816
0.14695010652856427
0.14694554771966917
-0.028312715537012118
-0.04305887681177285
-0.03021144168111982
-0.018350904037047998
-0.01101375319691239
-0.006509121149289813
-0.003856590350165598
-0.0022878845983158483
-0.0013625026672611294
-0.0008144282073860721
-0.0004888460934312606
-0.00029471592578511705
-0.00017857696556579573
-0.00010887886481539675
-0.00006694116133569764
-0.00004166292707513134
-0.00002643048200894296
-0.000017300996677090408
-0.000011934286041488355
-8.966361119607863e-6
-7.648039113151776e-6
-7.648039251689449e-6
-8.96636106621073e-6
-0.000011934286195678348
-0.000017300996608702377
-0.000026430482112979444
-0.00004166292700596416
-0.00006694116140275642
-0.00010887886471550452
-0.00017857696553909158
-0.0002947159256553167
-0.0004888460935155261
-0.0008144282073434575
-0.0013625026672615486
-0.0022878845981281794
-0.0038565903500304938
-0.006509121149385991
-0.011013753197093117
-0.01835090403702347
-0.03021144168114618
-0.04305887681182009
-0.028312715537026453
0.1469455477196786
0.14694383347315515
-0.028312689453984935
-0.04305850299454026
-0.030210636869422422
-0.01834971693755357
-0.011012211548236835
-0.006507256849540797
-0.003854439687555412
-0.0022854850270114446
-0.0013598916156842191
-0.0008116411445428561
-0.0004859154152950237
-0.00029167021337305057
-0.000175440712752094
-0.00010567253681764757
-0.00006368149216960194
-0.000038363360713608666
-0.000023101681756661797
-0.000013951372038092471
-8.570502363508537e-6
-5.593818829583485e-6
-4.2713188099148e-6
-4.271319012921372e-6
-5.593818654058072e-6
-8.57050247409927e-6
-0.000013951371881305031
-0.000023101681815770033
-0.0000383633604732507
-0.00006368149236562208
-0.00010567253665868479
-0.0001754407129887796
-0.0002916702132904512
-0.0004859154155292921
-0.0008116411444024099
-0.001359891615890485
-0.002285485026943713
-0.003854439687554133
-0.00650725684959905
-0.01101221154840187
-0.018349716937336585
-0.030210636869551336
-0.0430585029947993
-0.028312689454003483
0.14694383347331152
0.1469431833134756
-0.028312670536144596
-0.04305834544752443
-0.030210310187770185
-0.018349238558839426
-0.011011591361295437
-0.00650650618773203
-0.003853571819197049
-0.002284513931423561
-0.0013588315792082022
-0.0008105059951585851
-0.0004847180493291184
-0.00029042224399560804
-0.00017415229650538896
-0.00010435233264536535
-0.00006233672451134599
-0.00003699995161574036
-0.000021724425501271117
-0.000012564129207684574
-7.176397365172941e-6
-4.195434434172885e-6
-2.870882654238038e-6
-2.8708828505670565e-6
-4.195434204820875e-6
-7.176397561248088e-6
-0.000012564129185913906
-0.000021724425687083277
-0.000036999951335555
-0.0000623367246340609
-0.00010435233255087957
-0.00017415229654878215
-0.00029042224383433936
-0.00048471804940814595
-0.0008105059948145367
-0.0013588315794041653
-0.0022845139313494734
-0.003853571819272095
-0.006506506187669676
-0.011011591361473231
-0.018349238558694393
-0.030210310187966362
-0.04305834544767224
-0.028312670535894743
0.14694318331354556
0.14694293475316073
-0.028312659532197477
-0.04305827865624312
-0.03021017649430413
-0.018349044251276158
-0.011011340025744245
-0.006506201881162431
-0.0038532194274570435
-0.0022841186971064003
-0.0013583989716661085
-0.0008100414117783155
-0.00048422662136348967
-0.00028990867952413267
-0.00017362079042401875
-0.00010380652843748251
-0.00006177971938754977
-0.000036434332782645337
-0.00002115232846638696
-0.000011987307414617622
-6.59629758967325e-6
-3.6132749957776557e-6
-2.287731072050467e-6
-2.287731217338543e-6
-3.6132748961285823e-6
-6.59629770992478e-6
-0.000011987307459172285
-0.000021152328575171625
-0.00003643433256446241
-0.00006177971950198062
-0.00010380652846781187
-0.00017362079048588463
-0.0002899086793568285
-0.0004842266214391892
-0.0008100414116426933
-0.0013583989717750248
-0.0022841186972048858
-0.003853219427531849
-0.0065062018812032125
-0.011011340025864663
-0.01834904425124416
-0.03021017649438585
-0.04305827865616262
-0.028312659532159154
0.14694293475317594
0.14694283901765906
-0.028312653732681423
-0.043058250224158524
-0.03021012140477459
-0.01834896478707941
-0.011011237509236285
-0.006506077774989769
-0.0038530755434499344
-0.0022839570112425317
-0.0013582215855136859
-0.0008098504363645413
-0.0004840240984665899
-0.0002896965151990562
-0.00017340071321585897
-0.00010358006538241728
-0.00006154819114716762
-0.00003619886234778749
-0.000020913859790158443
-0.000011746628978794303
-6.3540729286328835e-6
-3.370072637479838e-6
-2.0440559297077453e-6
-2.044055969038391e-6
-3.370072689124465e-6
-6.354073068965831e-6
-0.00001174662889985919
-0.00002091385962754953
-0.00003619886233548153
-0.00006154819122289929
-0.00010358006542800617
-0.00017340071327591873
-0.00028969651521122745
-0.000484024098479701
-0.0008098504363582605
-0.0013582215855053028
-0.002283957011371308
-0.00385307554332865
-0.006506077774951302
-0.011011237509282339
-0.018348964787062327
-0.03021012140473131
-0.04305825022407923
-0.028312653732743845
0.14694283901788718
0.14694280189493697
-0.02831265084468851
-0.04305823809440379
-0.03021009858544872
-0.018348932111576944
-0.01101119547308976
-0.006506026909336115
-0.0038530165248828246
-0.0022838905879610004
-0.00135814856786476
-0.000809771651635276
-0.00048394036028315095
-0.0002896085952014693
-0.00017330932176297232
-0.00010348584007913655
-0.00006145169288105173
-0.000036100575704440415
-0.000020814199078883337
-0.000011645946029341657
-6.252669672914477e-6
-3.2682108696722297e-6
-1.941971275669302e-6
-1.9419712600979294e-6
-3.268211090616256e-6
-6.252669818139265e-6
-0.000011645946230085457
-0.0000208141990032324
-0.00003610057584222731
-0.00006145169276330087
-0.00010348584017439507
-0.00017330932170609226
-0.00028960859497267476
-0.00048394036005942214
-0.0008097716518042605
-0.0013581485678062122
-0.0022838905878373723
-0.0038530165245949637
-0.0065060269094111105
-0.011011195473183747
-0.01834893211167434
-0.0302100985854221
-0.04305823809431013
-0.02831265084470872
0.14694280189464715
0.14694278743925204
-0.028312649465080844
-0.04305823293079162
-0.030210089121507612
-0.018348918653112355
-0.011011178208085701
-0.006506006031304799
-0.003852992287429664
-0.0022838632757690713
-0.0013581184942429107
-0.000809739140811445
-0.0004839057358911228
-0.000289572168439404
-0.00017327138393683666
-0.00010344665626032531
-0.00006141149972320117
-0.000036059580645071935
-0.000020772582241711056
-0.000011603863000090976
-6.210255767270161e-6
-3.22558511568696e-6
-1.899242674315525e-6
-1.8992424467607755e-6
-3.2255853269510185e-6
-6.210255322843793e-6
-0.000011603862992466487
-0.000020772581975674253
-0.00003605958077752578
-0.00006141149946529113
-0.00010344665641585048
-0.00017327138394414158
-0.0002895721685413217
-0.0004839057358603896
-0.0008097391411707469
-0.001358118494263302
-0.0022838632758647756
-0.0038529922874591706
-0.006506006031370913
-0.011011178207814745
-0.018348918653155022
-0.03021008912143417
-0.04305823293062176
-0.02831264946499664
0.14694278743892775
0.14694278187258458
-0.028312648839721816
-0.043058230780377946
-0.0302100852651744
-0.018348913201956796
-0.011011171233018898
-0.006505997602604362
-0.003852982499603695
-0.002283852235596634
-0.0013581063210107063
-0.0008097259598369181
-0.00048389167429077677
-0.00028955734958518943
-0.00017325592457145475
-0.00010343066407613054
-0.00006139507270379084
-0.00003604280483402492
-0.000020755534123477493
-0.000011586609438916268
-6.192855451104218e-6
-3.2080902804737092e-6
-1.8817019008859124e-6
-1.8817015033159778e-6
-3.2080902513803764e-6
-6.192854981570359e-6
-0.000011586609776981152
-0.000020755534008169756
-0.000036042805004038396
-0.00006139507235126317
-0.00010343066446447162
-0.00017325592436245136
-0.00028955734954143217
-0.00048389167399709513
-0.0008097259601849198
-0.0013581063208438155
-0.0022838522355927
-0.0038529824994523003
-0.006505997602860887
-0.011011171232779544
-0.018348913202079327
-0.030210085264948006
-0.04305823078024895
-0.028312648839605804
0.1469427818721069
0.14694277997123592
-0.028312648600294046
-0.04305823000170621
-0.030210083890167
-0.018348911267070587
-0.01101116876218707
-0.006505994618481137
-0.0038529790335505446
-0.002283848323510268
-0.0013581020033861324
-0.0008097212795287688
-0.00048388667505726003
-0.00028955207436294917
-0.00017325041467026507
-0.00010342495786303974
-0.00006138920523569174
-0.00003603680700564147
-0.00002074943429175078
-0.000011580432132312434
-6.186622627296613e-6
-3.201821517687782e-6
-1.875415789816003e-6
-1.8754152845201517e-6
-3.2018215414014467e-6
-6.186622377590804e-6
-0.000011580432521153246
-0.000020749433959154026
-0.00003603680731897558
-0.00006138920483568215
-0.00010342495812918767
-0.0001732504143731808
-0.0002895520745825152
-0.00048388667481872693
-0.0008097212799292312
-0.0013581020030791029
-0.0022838483236297634
-0.0038529790333981335
-0.0065059946187462645
-0.011011168761844763
-0.01834891126711171
-0.030210083889967543
-0.04305823000182256
-0.028312648600291347
0.1469427799711561
0.1469427799713646
-0.028312648600047088
-0.04305823000160042
-0.030210083890051184
-0.018348911267048722
-0.01101116876218273
-0.006505994618466241
-0.0038529790335860683
-0.002283848323465878
-0.0013581020033954718
-0.0008097212796473966
-0.00048388667498658355
-0.0002895520741722998
-0.0001732504146368239
-0.00010342495808351379
-0.00006138920507836002
-0.00003603680694562445
-0.00002074943437195435
-0.000011580432161633086
-6.186622482477853e-6
-3.201821581096132e-6
-1.8754157661518365e-6
-1.8754152582969244e-6
-3.201821764200725e-6
-6.1866223982514726e-6
-0.000011580432400015845
-0.000020749433968292
-0.00003603680740800903
-0.00006138920473768563
-0.00010342495804685812
-0.00017325041457543432
-0.00028955207469402125
-0.00048388667490765287
-0.0008097212798384421
-0.0013581020031703597
-0.0022838483235879566
-0.003852979033427214
-0.006505994618676615
-0.011011168761661118
-0.01834891126717266
-0.03021008389005126
-0.043058230001717754
-0.028312648600352562
0.14694277997165767
0.1469427818728501
-0.028312648839249714
-0.043058230780187834
-0.030210085264981174
-0.018348913201931334
-0.011011171232975438
-0.006505997602587131
-0.003852982499615234
-0.002283852235708321
-0.0013581063210493312
-0.0008097259598847618
-0.00048389167420682174
-0.00028955734959870157
-0.0001732559246283161
-0.00010343066428988208
-0.00006139507243767839
-0.00003604280470831332
-0.00002075553410710981
-0.000011586609322909512
-6.192855317407907e-6
-3.208090286416618e-6
-1.8817015470962927e-6
-1.8817013716453816e-6
-3.2080906761112945e-6
-6.192855219294227e-6
-0.000011586609568746039
-0.00002075553401012008
-0.00003604280510097764
-0.00006139507228702132
-0.00010343066435136559
-0.00017325592462367383
-0.000289557349476577
-0.0004838916737800139
-0.0008097259601363244
-0.001358106320931801
-0.002283852235422237
-0.0038529824994535476
-0.006505997602699265
-0.011011171232881688
-0.018348913202215766
-0.030210085265063337
-0.0430582307801477
-0.028312648839310353
0.1469427818729369
0.1469427874384278
-0.028312649465057155
-0.04305823293068725
-0.03021008912139185
-0.018348918653155
-0.011011178208109543
-0.006506006031253836
-0.003852992287330265
-0.0022838632757437643
-0.0013581184941434815
-0.000809739140797333
-0.0004839057357921666
-0.00028957216835012224
-0.0001732713837857711
-0.00010344665622460886
-0.00006141149954299493
-0.000036059580609496464
-0.000020772582258451588
-0.00001160386302431608
-6.210255620942912e-6
-3.22558501834965e-6
-1.8992423161984807e-6
-1.8992424549250455e-6
-3.2255850127557985e-6
-6.210255234567649e-6
-0.000011603862942017987
-0.000020772582012340873
-0.00003605958060114903
-0.00006141149949630307
-0.0001034466563418733
-0.00017327138382482063
-0.0002895721684109544
-0.0004839057358096815
-0.0008097391411395355
-0.0013581184941148616
-0.0022838632758369138
-0.0038529922874915006
-0.006506006031336116
-0.011011178208019686
-0.018348918653159633
-0.03021008912129016
-0.043058232930441746
-0.0283126494650739
0.14694278743838962
0.14694280189456738
-0.02831265084494977
-0.04305823809455601
-0.03021009858549624
-0.018348932111569398
-0.011011195473031924
-0.0065060269093067166
-0.0038530165247237704
-0.0022838905878679178
-0.0013581485676934435
-0.0008097716514987741
-0.00048394036027670515
-0.00028960859535234296
-0.00017330932182732221
-0.00010348584007662966
-0.00006145169289313647
-0.00003610057587856723
-0.00002081419894652777
-0.000011645946219531942
-6.2526698790509795e-6
-3.268210772274502e-6
-1.9419712313167405e-6
-1.9419713894590017e-6
-3.268210820540566e-6
-6.252669742817114e-6
-0.000011645946444781538
-0.000020814198976209533
-0.00003610057559463234
-0.00006145169300912656
-0.00010348584017274799
-0.00017330932165723111
-0.00028960859507627364
-0.0004839403602053262
-0.0008097716516377693
-0.0013581485676752015
-0.0022838905879937936
-0.003853016524749737
-0.006506026909415328
-0.011011195473188285
-0.018348932111764964
-0.030210098585573632
-0.043058238094331
-0.0283126508449442
0.14694280189428005
0.1469428390183923
-0.028312653733129113
-0.04305825022411713
-0.03021012140459737
-0.018348964786991773
-0.011011237509268069
-0.006506077775015244
-0.0038530755433974495
-0.0022839570111479043
-0.00135822158552151
-0.0008098504364698659
-0.00048402409855372714
-0.00028969651528787214
-0.0001734007130934379
-0.00010358006530686859
-0.00006154819119606861
-0.00003619886251782293
-0.00002091385960510231
-0.000011746628826920806
-6.354072920657121e-6
-3.370072634096268e-6
-2.0440558313283155e-6
-2.0440560648497912e-6
-3.3700725185374367e-6
-6.35407299578653e-6
-0.000011746628819112617
-0.000020913859583794366
-0.00003619886226371849
-0.00006154819132395345
-0.00010358006514736478
-0.00017340071317503692
-0.0002896965153809483
-0.00048402409863204914
-0.0008098504361654755
-0.0013582215855600201
-0.00228395701117823
-0.0038530755433724105
-0.0065060777750326135
-0.011011237509241281
-0.018348964786959673
-0.030210121404739942
-0.04305825022413637
-0.02831265373338988
0.14694283901852428
0.14694293475303583
-0.028312659532583634
-0.04305827865634059
-0.030210176494487793
-0.018349044251315325
-0.011011340025666116
-0.006506201881243406
-0.003853219427569691
-0.0022841186971792426
-0.001358398971575163
-0.0008100414118152684
-0.0004842266211888012
-0.0002899086792309004
-0.00017362079034955987
-0.00010380652862938637
-0.00006177971928599479
-0.00003643433263272022
-0.00002115232859239055
-0.00001198730743215248
-6.596297493076903e-6
-3.6132749163965154e-6
-2.2877308920605374e-6
-2.287731139071913e-6
-3.6132747471122418e-6
-6.596297783248542e-6
-0.000011987307277547576
-0.00002115232861778485
-0.000036434332533347995
-0.00006177971959598507
-0.00010380652839155131
-0.00017362079058868903
-0.0002899086794832912
-0.0004842266213141553
-0.0008100414115792694
-0.001358398971870087
-0.0022841186970093096
-0.003853219427762498
-0.0065062018811145724
-0.011011340025628332
-0.018349044251188197
-0.030210176494630682
-0.043058278656494656
-0.028312659532692054
0.14694293475332915
0.1469431833149875
-0.02831267053641502
-0.04305834544745005
-0.030210310187670703
-0.018349238558769982
-0.011011591361370652
-0.006506506187631857
-0.0038535718191336004
-0.002284513931580727
-0.0013588315793483352
-0.0008105059952656135
-0.00048471804938869385
-0.0002904222439637635
-0.00017415229645590757
-0.00010435233270011693
-0.00006233672443059953
-0.00003699995152990988
-0.000021724425534311117
-0.0000125641290509083
-7.176397444063978e-6
-4.195434629883331e-6
-2.8708827281195336e-6
-2.870882944473971e-6
-4.195434542781945e-6
-7.176397687207916e-6
-0.00001256412901364208
-0.00002172442576916497
-0.00003699995143180364
-0.00006233672467666695
-0.00010435233238775688
-0.000174152296640513
-0.0002904222437631242
-0.00048471804935512706
-0.0008105059951640191
-0.0013588315793813272
-0.00228451393122612
-0.00385357181912099
-0.006506506187704217
-0.01101159136141137
-0.018349238558731613
-0.030210310187907846
-0.043058345447343715
-0.028312670536125704
0.14694318331496187
0.14694383347336099
-0.028312689453824497
-0.04305850299443875
-0.030210636869499694
-0.018349716937628744
-0.011012211548242112
-0.006507256849520058
-0.0038544396875953603
-0.002285485027077672
-0.0013598916156595412
-0.0008116411444066304
-0.00048591541519797383
-0.00029167021325837185
-0.00017544071286177757
-0.00010567253695051227
-0.00006368149219757613
-0.000038363360585911965
-0.000023101681814627104
-0.000013951372158776697
-8.57050249502109e-6
-5.5938188549146886e-6
-4.271318784743107e-6
-4.271318936028922e-6
-5.593818694709587e-6
-8.570502455870714e-6
-0.00001395137185399437
-0.00002310168179852194
-0.000038363360516346484
-0.00006368149245437616
-0.00010567253684059214
-0.0001754407128634516
-0.00029167021331950063
-0.00048591541546087746
-0.0008116411445353659
-0.0013598916157267589
-0.002285485027059177
-0.003854439687707655
-0.0065072568496282335
-0.011012211548152184
-0.01834971693747918
-0.03021063686962941
-0.04305850299442808
-0.028312689453924827
0.14694383347328127
0.14694554771924062
-0.028312715537001102
-0.043058876811671094
-0.030211441681149465
-0.018350904037080906
-0.011013753196918646
-0.006509121149367143
-0.0038565903502655523
-0.002287884598318
-0.0013625026672019667
-0.0008144282073710371
-0.0004888460934837972
-0.00029471592591013055
-0.00017857696558832756
-0.00010887886469130746
-0.00006694116140556488
-0.000041662927069557035
-0.000026430482050074712
-0.00001730099650084371
-0.00001193428606457604
-8.966360960137247e-6
-7.648039134094818e-6
-7.64803941493054e-6
-8.966361051478445e-6
-0.000011934286181132805
-0.00001730099662389031
-0.000026430482244372052
-0.00004166292721222114
-0.00006694116159814716
-0.0001088788646746577
-0.00017857696537014288
-0.00029471592579746937
-0.0004888460935351268
-0.000814428207439089
-0.001362502667137754
-0.002287884598221483
-0.0038565903501466114
-0.006509121149469202
-0.011013753196980915
-0.01835090403711064
-0.030211441681105754
-0.04305887681157934
-0.028312715536651593
0.1469455477190627
0.14695010652718604
-0.028312728180989972
-0.04305977121199006
-0.030213443821057187
-0.018353876770310543
-0.01101761737103152
-0.006513786300284515
-0.00386195654315784
-0.0022938510431900604
-0.001368971074744446
-0.0008213075790294174
-0.0004960551957694237
-0.0003021846842059954
-0.00018624663962081865
-0.00011670143716875314
-0.00007487821178913339
-0.000049684250778899295
-0.00003451263816438081
-0.00002542590222911833
-0.000020087922710149768
-0.000017137610453288107
-0.000015827642858291085
-0.00001582764285380065
-0.000017137610691469343
-0.000020087922576799304
-0.000025425902366888847
-0.00003451263834057323
-0.00004968425085712765
-0.00007487821180778305
-0.00011670143691952905
-0.00018624663952381443
-0.00030218468435677843
-0.0004960551957485337
-0.0008213075786479822
-0.0013689710745170849
-0.002293851043231715
-0.0038619565432328777
-0.006513786300157411
-0.01101761737072976
-0.018353876770278967
-0.030213443821149533
-0.043059771212077935
-0.02831272818093569
0.146950106527231
0.14696234258951102
-0.02831262963409014
-0.04306193682255471
-0.030218482954368794
-0.018361399859428633
-0.011027394662694739
-0.006525559251934893
-0.003875448115657221
-0.002308788993367829
-0.001385096934774506
-0.0008383881355549523
-0.0005138874444294415
-0.0003205977738434127
-0.0002051007768883869
-0.00013588503431178874
-0.0000943040518265669
-0.00006928534180634252
-0.00005423818144502763
-0.00004523761599952341
-0.00003995681814184173
-0.000037041217202732735
-0.00003574760977380684
-0.000035747609771656455
-0.000037041217175912575
-0.00003995681810457465
-0.000045237616083219556
-0.00005423818145486912
-0.00006928534175422896
-0.00009430405181441639
-0.0001358850343192373
-0.00020510077697306688
-0.00032059777390417126
-0.0005138874445328302
-0.000838388135550883
-0.0013850969348732554
-0.0023087889936515152
-0.0038754481157014173
-0.006525559251669619
-0.011027394662572293
-0.018361399859540453
-0.03021848295450876
-0.04306193682250674
-0.028312629633987826
0.14696234258974827
0.14699551195011507
-0.028312064491634772
-0.04306727124185321
-0.030231345182974902
-0.01838067294674521
-0.011052400341059684
-0.006555553002126088
-0.0039096572599845334
-0.0023464761616544465
-0.0014255824491683344
-0.0008810759963871935
-0.00055827310672619
-0.0003662679884246122
-0.0002517262617863105
-0.00018320966386562508
-0.00014213264775750798
-0.00011747167736701557
-0.00010267407987457168
-0.00009384354473748695
-0.00008867402623958468
-0.00008582525169298396
-0.00008456292476009399
-0.00008456292470911613
-0.0000858252514918631
-0.00008867402630625403
-0.00009384354466863264
-0.00010267407994655141
-0.0001174716774128016
-0.0001421326477260174
-0.00018320966374594003
-0.0002517262615888509
-0.0003662679881625659
-0.0005582731064782565
-0.0008810759964291585
-0.0014255824492844888
-0.0023464761615687724
-0.003909657259842086
-0.006555553002118805
-0.01105240034119145
-0.01838067294679232
-0.030231345183062246
-0.043067271241997385
-0.028312064491466934
0.14699551194986088
0.14708637816457637
-0.028309895884244703
-0.043080739918030804
-0.03026473887123951
-0.018430758554041134
-0.01111714204039271
-0.006632791607611179
-0.003997226744393859
-0.0024423768748213586
-0.0015280306055317004
-0.0009885563744300046
-0.0006695419840705515
-0.0004803367810721374
-0.00036782982999457867
-0.0003007694147865445
-0.0002607195888574633
-0.00023677288464273597
-0.0002224640532723237
-0.0002139607556759051
-0.00020900221667235455
-0.00020627866956984914
-0.00020507452319456715
-0.00020507452305192103
-0.0002062786696708066
-0.00020900221674853922
-0.00021396075528262512
-0.00022246405312488984
-0.00023677288464207655
-0.0002607195889480096
-0.00030076941464188733
-0.00036782983016343953
-0.00048033678122966184
-0.0006695419841944237
-0.000988556374409633
-0.0015280306056678393
-0.0024423768749795146
-0.003997226744439222
-0.006632791607485877
-0.01111714204053591
-0.01843075855387134
-0.030264738871256122
-0.04308073991805567
-0.028309895883822506
0.14708637816401682
0.1473380279971839
-0.028302825929820512
-0.04311595600849795
-0.030353245164584305
-0.018563113012991704
-0.011287136220321932
-0.006834126026870483
-0.004223808345536769
-0.0026887882762032904
-0.0017896124684164225
-0.0012614889717185462
-0.0009507956832830698
-0.0007675819124751194
-0.000659319912597096
-0.0005952237420415915
-0.0005572162917295029
-0.000534658474492914
-0.0005212805293912808
-0.0005133888963351308
-0.0005088184195592785
-0.0005063223328617392
-0.0005052230147224058
-0.000505223014761606
-0.0005063223328326822
-0.0005088184198430455
-0.0005133888962673815
-0.0005212805294557798
-0.0005346584745120995
-0.0005572162918571507
-0.0005952237421107454
-0.0006593199128669643
-0.0007675819123885237
-0.0009507956834120194
-0.0012614889717960736
-0.001789612468396261
-0.0026887882759555936
-0.00422380834555019
-0.0068341260270136876
-0.011287136220538469
-0.018563113012612414
-0.03035324516455544
-0.04311595600836623
-0.028302825929756956
0.1473380279969585
0.14804238366027406
-0.028282348136704855
-0.04321252540721772
-0.030593739942569115
-0.018919771792670816
-0.011740749490997448
-0.007366241244813538
-0.004817270383069491
-0.003328983296330935
-0.002464474664399895
-0.0019615124639746793
-0.0016687229096912343
-0.0014980326675503811
-0.0013983994800247576
-0.0013401699330000062
-0.0013061032412229612
-0.001286161996735985
-0.0012744993988563016
-0.0012677126357439894
-0.0012638312525376236
-0.0012617337198145451
-0.0012608165118643928
-0.0012608165122143097
-0.0012617337197365175
-0.0012638312526156124
-0.0012677126354138867
-0.0012744993988565755
-0.0012861619964648987
-0.0013061032413699282
-0.0013401699328199545
-0.0013983994800727472
-0.0014980326674755148
-0.0016687229098813002
-0.001961512463629763
-0.0024644746643124413
-0.0033289832962061267
-0.004817270383042993
-0.007366241244533662
-0.01174074949097836
-0.018919771792412117
-0.030593739942746993
-0.04321252540734419
-0.02828234813720711
0.14804238366067698
0.1500309004351613
-0.028231077049496317
-0.04349398835555767
-0.031266919366510604
-0.01990290159472155
-0.012973693779804289
-0.008794912405713524
-0.006393517208456564
-0.005013739013139999
-0.004226930978949774
-0.0037784561848211873
-0.003523167227906996
-0.003377883340019028
-0.003295230017021704
-0.0032482163988141483
-0.003221481809754085
-0.0032062871043129853
-0.003197664541558164
-0.003192795432191954
-0.003190088913589962
-0.0031886614974878467
-0.003188047753129085
-0.003188047753308943
-0.0031886614970616433
-0.0031900889135481596
-0.0031927954320716927
-0.00319766454190075
-0.003206287103997422
-0.003221481809892327
-0.003248216398753166
-0.0032952300173100697
-0.0033778833399327572
-0.0035231672281976255
-0.003778456184463495
-0.00422693097928107
-0.0050137390133055005
-0.006393517208412466
-0.0087949124054666
-0.012973693779854877
-0.019902901594758934
-0.03126691936658943
-0.04349398835570251
-0.028231077049415715
0.15003090043535489
0.1556576240632338
-0.028138643575480324
-0.044374932722892904
-0.0332171577681281
-0.022683639690754518
-0.016395457964287936
-0.012699886063896552
-0.010647778251972335
-0.00951449895538176
-0.00889721652234007
-0.008563099968567175
-0.008383657329540876
-0.008287990961828636
-0.008237424565601403
-0.008210963172054917
-0.008197284949734911
-0.008190322257599462
-0.008186846849323024
-0.008185155868916334
-0.008184361361878594
-0.008184009183475343
-0.008183877948184318
-0.008183877948284221
-0.008184009183302726
-0.008184361362203905
-0.008185155868890896
-0.008186846849671367
-0.00819032225742479
-0.00819728494987256
-0.008210963172081656
-0.008237424565462123
-0.008287990961625297
-0.008383657329548558
-0.008563099968187392
-0.00889721652252004
-0.009514498955368066
-0.010647778251935754
-0.012699886063850349
-0.016395457964674818
-0.022683639690816902
-0.03321715776816063
-0.04437493272284469
-0.028138643575369056
0.15565762406339717
0.17132331218972224
-0.028184345651299313
-0.047340274469206495
-0.03908219013369954
-0.03077057463788507
-0.02610915220216876
-0.023585537321223413
-0.022339586625326084
-0.021748870201227073
-0.021487966385690845
-0.021384056974617528
-0.0213512136472453
-0.021347895587344592
-0.02135500039541391
-0.0213643112235451
-0.02137270033036793
-0.02137928439300349
-0.02138407831941598
-0.021387386526297545
-0.021389546470135953
-0.021390832972490482
-0.021391430603444554
-0.021391430603486684
-0.021390832972422502
-0.021389546470367185
-0.02138738652595259
-0.021384078319200396
-0.02137928439309273
-0.021372700330299
-0.021364311223585633
-0.021355000395501356
-0.021347895587576198
-0.02135121364747078
-0.02138405697471503
-0.02148796638568499
-0.021748870201261268
-0.022339586625150048
-0.023585537321244285
-0.02610915220221574
-0.030770574637731626
-0.03908219013367639
-0.0473402744691811
-0.02818434565163477
0.17132331219012117
0.2118113884460015
-0.02997603341250056
-0.05790121967518415
-0.05731367760474727
-0.054876242087958674
-0.054255633321202666
-0.05449248536969095
-0.05503831222586397
-0.055589517081280806
-0.05604090258238725
-0.056375718230175634
-0.056610349438462784
-0.056768993690070185
-0.056873697397998725
-0.05694163536335553
-0.05698516638528795
-0.05701277838320449
-0.05703012170399685
-0.05704086960034502
-0.05704735521096957
-0.05705101109855316
-0.05705265422029189
-0.057052654220099384
-0.057051011098707534
-0.05704735521095121
-0.05704086960044445
-0.05703012170411429
-0.05701277838325681
-0.05698516638524684
-0.05694163536357297
-0.05687369739818315
-0.056768993690134315
-0.05661034943862856
-0.056375718230507854
-0.05604090258229831
-0.055589517080908896
-0.05503831222558652
-0.05449248536965321
-0.054255633321256914
-0.054876242087957244
-0.05731367760472336
-0.05790121967497816
-0.029976033412752342
0.211811388446298
0.2868768449519934
-0.0434446233910509
-0.09521181274948154
-0.11377757641586768
-0.12643106060144726
-0.1355014771257157
-0.14195702177550523
-0.14627730106206516
-0.1490905859441764
-0.15087580047735494
-0.15199213403638334
-0.1526826832720385
-0.15310695764502183
-0.1533664436465051
-0.15352468530096125
-0.15362099443514107
-0.15367950548247578
-0.1537149472778842
-0.15373625632626187
-0.15374880392037152
-0.15375574812629833
-0.15375883333788898
-0.15375883333783102
-0.15375574812611087
-0.1537488039201289
-0.15373625632607818
-0.15371494727769164
-0.1536795054821999
-0.15362099443458957
-0.1535246853008907
-0.15336644364628169
-0.15310695764503313
-0.15268268327202345
-0.15199213403645262
-0.15087580047723304
-0.14909058594444013
-0.14627730106219206
-0.1419570217756366
-0.13550147712582974
-0.12643106060150383
-0.11377757641593457
-0.09521181274959514
-0.04344462339131466
0.28687684495212945
0.14345626816244894
-0.10491318093471075
-0.1849062069899246
-0.24626083686189926
-0.29596411344221807
-0.3272859591118569
-0.34701178461947646
-0.35881204740151695
-0.3658297676943496
-0.36996190817191077
-0.37239230100736576
-0.3738213088604315
-0.37466289634283645
-0.3751595814033626
-0.37545344443832107
-0.37562772948675016
-0.3757312900636647
-0.3757928382458586
-0.37582925248371923
-0.37585041361462224
-0.37586200818751864
-0.3758671269367587
-0.3758671269368327
-0.37586200818770943
-0.37585041361545324
-0.375829252483283
-0.37579283824627463
-0.37573129006278194
-0.37562772948725665
-0.3754534444382138
-0.37515958140367933
-0.3746628963415175
-0.37382130886076026
-0.37239230100690246
-0.3699619081722553
-0.36582976769478726
-0.35881204740203415
-0.3470117846198046
-0.3272859591122532
-0.2959641134425526
-0.24626083686142236
-0.1849062069899805
-0.1049131809339651
0.14345626816179402
-3.3250205785932456
0.6875343828147934
1.119351821512602
0.9746863975871674
0.8267816687966338
0.7388686609499077
0.6875288739933316
0.658876777339825
0.6427576572228398
0.6336828151222245
0.6285335211492249
0.6255930108259864
0.6239023231386192
0.622924278848962
0.6223552935660176
0.6220226461940908
0.6218274015113499
0.6217125803453347
0.6216452528716002
0.6216064141114913
0.6215852525332343
0.6215759433913484
0.621575943382445
0.6215852525355912
0.6216064141061693
0.6216452528784672
0.6217125803399695
0.62182740151629
0.6220226461862337
0.622355293572666
0.6229242788473927
0.6239023231420162
0.6255930108148533
0.6285335211566946
0.633682815121086
0.6427576572259608
0.6588767773360038
0.6875288739999652
0.7388686609458026
0.8267816687912923
0.9746863975896876
1.119351821514115
0.6875343828170015
-3.325020578595139