175.93649292492563
4.4652666531825185
3.9517533953401576
-10.699680466015215
-12.992624144946845
-15.36915383232451
-16.178596657441847
-16.705935002429168
-16.945837021210664
-17.0823356362499
-17.151622760490895
-17.189631799313517
-17.209782051098344
-17.220767722870306
-17.22670332916514
-17.229942483288852
-17.23170122915461
-17.232647815101693
-17.233133556861915
-17.233338734616034
-17.233338734610115
-17.23313355686764
-17.232647815097387
-17.231701229160702
-17.229942483279622
-17.226703329177177
-17.22076772286833
-17.20978205109951
-17.189631799313837
-17.151622760481928
-17.08233563625567
-16.945837021209655
-16.705935002430113
-16.178596657436962
-15.369153832336288
-12.992624144944681
-10.699680466011056
3.951753395332254
4.465266653183834
175.93649292493194
42.49492744102406
2.606146884805357
5.265049548292731
1.1361023691480479
0.7849720864774203
0.07053998405136042
-0.1515940592547424
-0.32269422236536954
-0.40100296221482445
-0.4488274107585754
-0.47372321118724525
-0.4879416582618551
-0.495673419687799
-0.5000069236949775
-0.5023998694477405
-0.5037332977606683
-0.5044701985603163
-0.504873056290922
-0.5050823310615371
-0.5051714619382375
-0.5051714619371479
-0.5050823310626086
-0.5048730562898291
-0.5044701985607034
-0.5037332977594834
-0.5023998694463867
-0.500006923695461
-0.4956734196899659
-0.48794165826191904
-0.4737232111863638
-0.44882741075906
-0.40100296221507226
-0.3226942223634258
-0.1515940592540157
0.07053998405073922
0.7849720864771115
1.1361023691492496
5.2650495482931845
2.6061468848061793
42.49492744102493
7.834901419569078
0.8258838673530945
2.15258835740946
1.1137964686401998
1.1357563941183293
0.941087706457602
0.8929557339655396
0.8427481690521981
0.8202227841558138
0.8048561363436928
0.7966370574131354
0.7916556908317627
0.7888535144941189
0.7872182564997894
0.7862868396448552
0.7857516219951646
0.7854480875355889
0.7852782561758564
0.7851884210369462
0.78514968871082
0.7851496887114144
0.785188421036471
0.7852782561759377
0.7854480875356211
0.7857516219949515
0.786286839645427
0.7872182564997343
0.7888535144935223
0.7916556908321438
0.7966370574132116
0.8048561363436244
0.8202227841555403
0.84274816905255
0.8929557339652762
0.9410877064576749
1.135756394117919
1.1137964686404342
2.152588357408982
0.8258838673536335
7.834901419567929
-4.86904023049676
0.09196700214069586
0.5703669314975042
0.804560031163271
0.9184350501089575
0.9431715044476343
0.961240413044574
0.9637266339667481
0.9653038162901652
0.964837061942371
0.9644155152943378
0.9639148007040137
0.9635601065982543
0.9633011701499524
0.9631316834854668
0.9630216347326038
0.9629532542245374
0.9629119889768994
0.9628889266870483
0.9628786228326731
0.962878622832839
0.962888926686869
0.9629119889769021
0.9629532542248709
0.9630216347321082
0.9631316834856294
0.9633011701501675
0.9635601065984086
0.9639148007040715
0.964415515294071
0.9648370619424771
0.9653038162899665
0.963726633966876
0.9612404130442995
0.9431715044478386
0.918435050108916
0.8045600311633923
0.5703669314973249
0.09196700214108239
-4.869040230497031
-10.109850872253947
-0.2381960762171348
-0.16904820564014672
0.6288235664138949
0.7699185430555019
0.8945573174076802
0.9402545814497216
0.967077526248703
0.9795647509261964
0.9861646956971741
0.9894668844814279
0.9911683685833774
0.9920357052570643
0.992479372944576
0.9927057532351646
0.9928208120732915
0.9928790100373603
0.9929080294367088
0.9929219275504588
0.9929274955278811
0.9929274955281526
0.9929219275503184
0.9929080294366468
0.9928790100374894
0.9928208120729869
0.9927057532357539
0.9924793729443979
0.9920357052571898
0.9911683685833729
0.989466884481341
0.9861646956972914
0.9795647509258106
0.967077526248958
0.9402545814494788
0.8945573174078323
0.7699185430552525
0.628823566413847
-0.16904820564047393
-0.23819607621641561
-10.109850872254562
-12.398659693727076
-0.39296515221458106
-0.514056330044651
0.540886783852809
0.69184592357841
0.8633990805316862
0.9214422470433836
0.9598577738147223
0.9774578644070533
0.9874786146918999
0.992586218956697
0.9953775497641466
0.9968554302592546
0.9976558498125249
0.9980857268126011
0.9983181702190376
0.9984432058800352
0.9985097935282548
0.9985436426894994
0.9985578377360743
0.9985578377360989
0.9985436426894643
0.9985097935281435
0.9984432058801869
0.9983181702187982
0.9980857268129275
0.9976558498124934
0.9968554302591721
0.9953775497643165
0.9925862189564735
0.9874786146916616
0.9774578644070675
0.9598577738145041
0.9214422470434753
0.8633990805315361
0.6918459235787342
0.5408867838525557
-0.514056330044172
-0.3929651522145591
-12.398659693727307
-13.430803817272029
-0.46664539260481874
-0.6763688043070164
0.49784863157724757
0.6529679448074518
0.8468589644241398
0.910663116487259
0.9546886773135278
0.9747434165295745
0.9864423305046406
0.9924366338974715
0.9957711047723119
0.9975551842334827
0.9985366384245475
0.9990706791622201
0.999363848142081
0.9995237797306864
0.9996101631740811
0.9996546030491724
0.9996734019054854
0.9996734019055401
0.999654603049221
0.999610163173668
0.9995237797309423
0.9993638481421454
0.9990706791624615
0.9985366384241268
0.9975551842334531
0.995771104772637
0.9924366338971765
0.9864423305043986
0.9747434165300589
0.9546886773131835
0.9106631164872381
0.8468589644241205
0.6529679448081034
0.4978486315771466
-0.6763688043069881
-0.46664539260459914
-13.430803817272235
-13.905857063423507
-0.5019824200175571
-0.7533719312942199
0.4768587403050629
0.6338876503758353
0.8384936077337967
0.9050521003211882
0.9518128242829447
0.9730629304520766
0.985590818382831
0.9920241685241891
0.9956304748000959
0.9975685908491427
0.9986419376150615
0.9992292043936991
0.9995536579736113
0.999731694597901
0.9998284223060766
0.9998784279497028
0.9998996562169281
0.9998996562170727
0.9998784279497799
0.9998284223059299
0.9997316945981503
0.999553657973532
0.9992292043942322
0.9986419376144842
0.9975685908491291
0.9956304748001026
0.9920241685240814
0.9855908183824849
0.9730629304523379
0.9518128242825994
0.9050521003214844
0.838493607733674
0.6338876503760645
0.4768587403048213
-0.7533719312939282
-0.5019824200171125
-13.90585706342419
-14.127640654249305
-0.5190132764852549
-0.7901637798341581
0.46661574382746984
0.6245569025966654
0.8343282050047541
0.9022208227286097
0.9503198458694309
0.9721565395105929
0.9850950925164212
0.9917467108072123
0.9954892567478821
0.9975049387435155
0.9986248914315596
0.9992393041493124
0.9995798196417869
0.9997672055376563
0.9998693061112833
0.9999222160704253
0.9999447162899956
0.9999447162902545
0.999922216070434
0.9998693061109531
0.999767205537727
0.999579819641873
0.9992393041492813
0.9986248914310233
0.997504938743577
0.9954892567481484
0.9917467108071221
0.9850950925162416
0.9721565395112028
0.9503198458692905
0.9022208227288684
0.8343282050043319
0.6245569025970054
0.4666157438275865
-0.7901637798341744
-0.5190132764856337
-14.127640654249038
-14.232281550544554
-0.5272537332300424
-0.8078463509697325
0.46160935671842224
0.6199940255272984
0.8322652587247701
0.9008087037926955
0.9495638813062119
0.9716895737764664
0.984831749278597
0.9915920433737584
0.9954028468909499
0.9974575639544014
0.9986011090280364
0.9992293304463129
0.9995780619955663
0.9997702539558124
0.9998751300822779
0.9999295462728859
0.9999527080099951
0.9999527080103732
0.9999295462730051
0.9998751300821895
0.9997702539557707
0.999578061995592
0.9992293304462176
0.9986011090280815
0.997457563954437
0.9954028468910041
0.9915920433736486
0.9848317492785961
0.9716895737765996
0.9495638813062315
0.9008087037929988
0.8322652587245447
0.6199940255272169
0.46160935671856346
-0.8078463509698618
-0.527253733230543
-14.23228155054468
-14.282057539194724
-0.5312544753815518
-0.8163862763575442
0.4591581126666525
0.6177600630627207
0.831245341952108
0.9001076038197589
0.9491849691267631
0.9714533537502877
0.9846965108456838
0.991510932766202
0.9953558984444307
0.9974302333868033
0.998585692808129
0.9992209178116906
0.999573836111251
0.9997684876563295
0.9998747901823328
0.9999299830653487
0.9999534867369355
0.9999534867372458
0.9999299830652586
0.9998747901822094
0.9997684876562565
0.9995738361114594
0.9992209178114708
0.9985856928083543
0.9974302333864165
0.9953558984446491
0.991510932766146
0.9846965108461134
0.9714533537500123
0.9491849691272722
0.9001076038196553
0.8312453419519982
0.6177600630624248
0.4591581126672589
-0.8163862763576388
-0.5312544753821042
-14.282057539193627
-14.305889954005643
-0.5332026639429814
-0.8205275690738212
0.4579558321471997
0.6166646095981994
0.8307412443642652
0.8997601045106214
0.9489958833106203
0.9713348147400651
0.9846280532437255
0.9914694316984005
0.9953314759219172
0.9974156555460114
0.9985771178395353
0.9992158848746782
0.9995709290590735
0.9997668341307939
0.9998738662214329
0.9999294575172071
0.9999531369474797
0.9999531369478416
0.999929457517053
0.9998738662216096
0.999766834130621
0.9995709290592085
0.9992158848743031
0.998577117839951
0.9974156555459599
0.9953314759221304
0.9914694316982988
0.9846280532441205
0.9713348147396395
0.9489958833110496
0.8997601045103341
0.8307412443644282
0.6166646095976551
0.4579558321479995
-0.8205275690745863
-0.5332026639437951
-14.305889954004586
-14.317361666748852
-0.5341538758206714
-0.8225427894193482
0.4573651599843218
0.6161265578968586
0.8304920121423156
0.8995879417108945
0.9489017095194366
0.9712755522525793
0.9845936313786878
0.9914484322732909
0.9953190064988391
0.9974081198665239
0.9985726005751406
0.9992131545439652
0.999569274841148
0.9997658164710064
0.9998732201704272
0.9999290149063016
0.999952784239035
0.9999527842391437
0.9999290149059253
0.9998732201706382
0.9997658164710075
0.9995692748409692
0.9992131545439077
0.998572600575335
0.9974081198662196
0.9953190064987054
0.9914484322736736
0.9845936313791318
0.971275552252119
0.9489017095195884
0.8995879417107842
0.8304920121424555
0.6161265578963899
0.4573651599851142
-0.8225427894201116
-0.5341538758203574
-14.317361666748424
-14.32290804482291
-0.5346194071001017
-0.8235263388490216
0.45707451746056554
0.6158618664021565
0.8303687167573961
0.8995026347626173
0.9488548452408863
0.9712459778971585
0.9845763810033512
0.9914378645425952
0.9953126962215445
0.997404279558009
0.9985702755777229
0.9992117292159801
0.9995683928487489
0.9997652567645652
0.9998728490913604
0.9999287473119436
0.9999525624435737
0.9999525624437855
0.9999287473121352
0.9998728490913169
0.9997652567646205
0.999568392848521
0.999211729216119
0.9985702755777921
0.9974042795580125
0.9953126962217561
0.9914378645426046
0.9845763810031802
0.9712459778968772
0.9488548452409036
0.8995026347624205
0.8303687167575544
0.6158618664021505
0.45707451746106476
-0.8235263388501408
-0.5346194071001942
-14.322908044822718
-14.325599489215499
-0.5348477064971231
-0.8240075707170327
0.45693131034976553
0.6157314690492871
0.830307684253818
0.8994603506585641
0.9488315317576936
0.9712312327521819
0.984567751732647
0.9914325620854779
0.9953095176353162
0.9974023364459272
0.9985690922014174
0.9992109980441884
0.9995679354348073
0.9997649621173006
0.9998726499167634
0.9999286006106975
0.9999524389938278
0.999952438993438
0.9999286006103952
0.9998726499169972
0.9997649621174596
0.9995679354340878
0.9992109980443139
0.9985690922014272
0.9974023364462613
0.9953095176347933
0.9914325620857076
0.9845677517330753
0.9712312327521203
0.9488315317572229
0.8994603506584916
0.8303076842541772
0.6157314690491819
0.45693131034904955
-0.8240075707172586
-0.5348477064953879
-14.325599489215795
-14.326909208224729
-0.5349598301713068
-0.8242434590422861
0.45686068491524845
0.6156671694391974
0.830277463298026
0.8994393894774964
0.948819938799023
0.9712238870073929
0.9845634410076707
0.9914299069563458
0.9953079212972751
0.9974013574758389
0.9985684936305359
0.9992106263871599
0.9995677014318622
0.9997648101256855
0.9998725461186411
0.9999285233415638
0.999952373492527
0.9999523734921697
0.9999285233419334
0.9998725461187707
0.9997648101260245
0.9995677014315695
0.9992106263874746
0.9985684936304122
0.9974013574760324
0.9953079212972455
0.9914299069562227
0.9845634410073766
0.9712238870074452
0.9488199387986349
0.8994393894775796
0.8302774632980603
0.6156671694395093
0.4568606849148494
-0.8242434590420669
-0.5349598301714523
-14.326909208225178
-14.327547121375067
-0.5350148832699799
-0.824359091369111
0.45682588061356544
0.6156354854147081
0.8302625178378973
0.8994290132014167
0.9488141846112066
0.9712202352552662
0.9845612930777692
0.9914285814012476
0.9953071224487489
0.9974008663827895
0.9985681924877274
0.9992104387692031
0.9995675828026921
0.9997647326711867
0.9998724928978346
0.9999284834793769
0.999952339560461
0.9999523395600796
0.9999284834795392
0.9998724928978974
0.9997647326716124
0.9995675828022541
0.9992104387695138
0.998568192487943
0.997400866382777
0.9953071224485867
0.9914285814011485
0.9845612930782779
0.9712202352555319
0.9488141846105697
0.8994290132017608
0.8302625178381969
0.6156354854144359
0.45682588061328117
-0.8243590913681744
-0.5350148832691368
-14.327547121375481
-14.327856052127835
-0.5350417306967749
-0.8244154037823994
0.45680885400979754
0.6156199861905625
0.8302551841660031
0.8994239173331846
0.9488113522177704
0.971218435386955
0.9845602323468161
0.9914279257428017
0.9953067265506652
0.9974006225354273
0.9985680426233978
0.9992103451657878
0.9995675234393147
0.9997646937733888
0.9998724660624534
0.9999284632992547
0.9999523223374823
0.9999523223377258
0.9999284632992218
0.9998724660626468
0.9997646937738052
0.9995675234391208
0.9992103451660647
0.9985680426233985
0.9974006225355985
0.9953067265502926
0.9914279257429266
0.9845602323471891
0.9712184353871747
0.9488113522177603
0.8994239173333882
0.8302551841662653
0.6156199861903926
0.45680885400971344
-0.8244154037822989
-0.5350417306962634
-14.327856052128142
-14.3280007853721
-0.535054380121746
-0.8244419070193185
0.4568008110272965
0.6156126649492826
0.8302517113593002
0.8994215025736283
0.9488100075675974
0.9712175800177301
0.9845597274591036
0.9914276132655219
0.9953065375852634
0.9974005059721867
0.9985679708638076
0.9992103002616405
0.9995674948991687
0.9997646750264275
0.9998724530924554
0.999928453520303
0.9999523139772133
0.9999523139777289
0.9999284535201566
0.9998724530926462
0.9997646750266549
0.9995674948994093
0.9992103002618342
0.9985679708634847
0.9974005059721174
0.9953065375851895
0.9914276132657395
0.9845597274592299
0.9712175800178218
0.9488100075681118
0.8994215025734107
0.8302517113595008
0.6156126649493072
0.45680081102754266
-0.8244419070197391
-0.5350543801212712
-14.328000785372177
-14.328058042469758
-0.5350594037144445
-0.8244524248192977
0.4567976111949294
0.6156097522980017
0.8302503274081403
0.899420539817103
0.9488094707901391
0.9712172383152772
0.984559525554011
0.9914274882002173
0.9953064618770427
0.9974004592253662
0.9985679420532168
0.9992102822117076
0.9995674834111254
0.999764667467946
0.9998724478542299
0.9999284495648475
0.9999523105914081
0.999952310591748
0.9999284495643377
0.9998724478545123
0.9997646674682711
0.9995674834105219
0.9992102822117415
0.9985679420531356
0.9974004592255787
0.9953064618765259
0.991427488200487
0.9845595255543111
0.971217238315238
0.948809470789769
0.8994205398171329
0.8302503274084225
0.6156097522973609
0.45679761119500184
-0.824452424819303
-0.5350594037130403
-14.328058042470515
-14.328058042466306
-0.5350594037146511
-0.8244524248194773
0.45679761119463236
0.6156097522975685
0.8302503274083821
0.899420539817289
0.9488094707897986
0.9712172383151174
0.9845595255543903
0.9914274882004267
0.9953064618766614
0.9974004592257114
0.9985679420537118
0.9992102822117503
0.9995674834112344
0.9997646674680654
0.9998724478550234
0.9999284495644267
0.9999523105914377
0.999952310592042
0.9999284495644251
0.9998724478546108
0.9997646674681001
0.9995674834110574
0.9992102822121726
0.9985679420529004
0.9974004592259287
0.9953064618768843
0.9914274882004848
0.9845595255539756
0.971217238315051
0.94880947079009
0.8994205398170498
0.8302503274081403
0.6156097522980059
0.4567976111950315
-0.8244524248200086
-0.5350594037152496
-14.328058042466386
-14.328000785375611
-0.5350543801220813
-0.8244419070193401
0.456800811027672
0.615612664949486
0.8302517113591587
0.8994215025738229
0.9488100075682607
0.9712175800181879
0.9845597274591334
0.9914276132657491
0.9953065375852534
0.9974005059722448
0.998567970863535
0.999210300261795
0.9995674948992614
0.9997646750263152
0.9998724530924877
0.9999284535202719
0.9999523139773372
0.999952313976956
0.9999284535203383
0.9998724530924044
0.9997646750261446
0.9995674948990029
0.999210300261997
0.9985679708631621
0.9974005059724178
0.995306537584917
0.9914276132659943
0.9845597274590057
0.9712175800175633
0.9488100075678764
0.8994215025735699
0.8302517113591079
0.6156126649489928
0.4568008110275601
-0.8244419070181992
-0.535054380121419
-14.32800078537511
-14.327856052125199
-0.5350417306970878
-0.824415403782376
0.45680885400984306
0.6156199861903833
0.8302551841662729
0.8994239173334815
0.9488113522177808
0.9712184353870856
0.9845602323472112
0.9914279257428051
0.9953067265507909
0.9974006225353105
0.9985680426238631
0.9992103451655978
0.9995675234393879
0.9997646937735627
0.9998724660627235
0.999928463299222
0.9999523223375124
0.9999523223374932
0.9999284632996479
0.9998724660622703
0.9997646937736857
0.9995675234394453
0.9992103451655883
0.9985680426235917
0.9974006225353053
0.9953067265507654
0.9914279257427927
0.9845602323466532
0.9712184353873046
0.9488113522175776
0.8994239173335619
0.830255184166048
0.6156199861906717
0.4568088540096883
-0.8244154037825389
-0.5350417306984554
-14.32785605212365
-14.327547121373634
-0.5350148832693622
-0.8243590913689254
0.45682588061358054
0.6156354854146475
0.8302625178378551
0.8994290132014284
0.9488141846109175
0.9712202352550214
0.9845612930777654
0.9914285814013521
0.9953071224486622
0.9974008663826577
0.9985681924879775
0.9992104387692751
0.9995675828026012
0.9997647326711345
0.9998724928981686
0.9999284834792637
0.9999523395600713
0.9999523395602843
0.9999284834790583
0.9998724928980673
0.9997647326712522
0.9995675828024508
0.9992104387694716
0.9985681924876046
0.9974008663824213
0.9953071224491041
0.9914285814013102
0.9845612930781344
0.9712202352551307
0.9488141846110368
0.8994290132017451
0.8302625178379472
0.6156354854145539
0.4568258806134706
-0.8243590913689218
-0.5350148832712855
-14.327547121372387
-14.326909208227619
-0.5349598301690272
-0.8242434590428585
0.4568606849150396
0.6156671694395197
0.8302774632980251
0.8994393894771837
0.948819938799319
0.9712238870073273
0.9845634410075433
0.9914299069563035
0.9953079212974174
0.9974013574755849
0.9985684936303638
0.9992106263871117
0.9995677014317668
0.999764810125632
0.9998725461188099
0.9999285233416062
0.9999523734923965
0.9999523734925296
0.9999285233419675
0.9998725461189808
0.9997648101256655
0.9995677014314354
0.9992106263873202
0.9985684936301726
0.9974013574761225
0.9953079212969115
0.991429906956542
0.9845634410075623
0.9712238870071941
0.94881993879927
0.8994393894773827
0.8302774632982208
0.6156671694390603
0.4568606849152054
-0.8242434590427494
-0.5349598301717933
-14.326909208227168
-14.325599489214493
-0.5348477064947716
-0.8240075707177974
0.45693131034916334
0.6157314690494577
0.8303076842541349
0.8994603506583561
0.948831531757046
0.9712312327517465
0.9845677517327021
0.9914325620854003
0.9953095176352105
0.9974023364458677
0.9985690922023862
0.9992109980442625
0.9995679354346472
0.9997649621175371
0.9998726499172128
0.9999286006104849
0.9999524389936048
0.9999524389941581
0.9999286006106547
0.9998726499170092
0.9997649621174935
0.9995679354351621
0.9992109980437905
0.9985690922021002
0.9974023364458411
0.9953095176354156
0.9914325620858839
0.984567751732946
0.971231232752158
0.9488315317575511
0.8994603506583162
0.8303076842540422
0.6157314690492035
0.45693131034967016
-0.8240075707183918
-0.5348477064965651
-14.32559948921201
-14.322908044826548
-0.5346194070978222
-0.8235263388493166
0.45707451746028804
0.6158618664027791
0.8303687167574211
0.8995026347621116
0.9488548452410033
0.9712459778970672
0.9845763810030977
0.9914378645426796
0.9953126962217146
0.997404279557796
0.9985702755774283
0.9992117292160689
0.9995683928485191
0.9997652567642362
0.9998728490909168
0.9999287473120255
0.999952562443546
0.9999525624436608
0.9999287473117118
0.999872849091518
0.9997652567644436
0.9995683928479666
0.9992117292159737
0.9985702755780071
0.9974042795576581
0.9953126962213477
0.9914378645427172
0.9845763810038144
0.9712459778965274
0.948854845241026
0.8995026347626223
0.8303687167575566
0.6158618664020608
0.45707451746075034
-0.8235263388488685
-0.5346194070985184
-14.322908044826196
-14.317361666746717
-0.534153875819498
-0.8225427894202865
0.45736515998408134
0.6161265578967698
0.8304920121425123
0.8995879417109733
0.9489017095193851
0.971275552252624
0.9845936313788037
0.9914484322732896
0.9953190064985374
0.9974081198668043
0.998572600575282
0.9992131545436491
0.9995692748412641
0.9997658164709514
0.9998732201709973
0.9999290149060387
0.9999527842392272
0.9999527842395897
0.9999290149057442
0.9998732201708421
0.9997658164708025
0.999569274841486
0.9992131545436591
0.9985726005754199
0.9974081198664436
0.9953190064989416
0.9914484322734378
0.9845936313795207
0.9712755522522551
0.9489017095197428
0.899587941710484
0.8304920121428796
0.6161265578969617
0.45736515998431027
-0.822542789420396
-0.5341538758196518
-14.317361666745226
-14.305889954008535
-0.5332026639418854
-0.8205275690736298
0.4579558321479397
0.6166646095982051
0.8307412443639518
0.8997601045107477
0.9489958833107616
0.9713348147402034
0.9846280532437264
0.9914694316986559
0.9953314759219474
0.9974156555462192
0.998577117839351
0.9992158848744928
0.9995709290592445
0.9997668341307722
0.9998738662210312
0.9999294575171473
0.9999531369474143
0.9999531369471393
0.999929457517098
0.9998738662214912
0.999766834130497
0.9995709290588131
0.9992158848746473
0.9985771178401386
0.9974156555459058
0.9953314759219719
0.9914694316984176
0.984628053244015
0.9713348147389484
0.9489958833105561
0.8997601045105736
0.8307412443644645
0.6166646095976818
0.45795583214748936
-0.8205275690731164
-0.533202663940894
-14.305889954009373
-14.282057539192962
-0.531254475381933
-0.8163862763579637
0.4591581126668881
0.6177600630622364
0.8312453419520569
0.9001076038200353
0.9491849691270038
0.9714533537506609
0.984696510845984
0.9915109327659142
0.9953558984444077
0.9974302333869677
0.998585692808009
0.9992209178112894
0.9995738361115389
0.9997684876565884
0.9998747901821492
0.999929983065879
0.9999534867374047
0.9999534867373339
0.9999299830654458
0.9998747901821218
0.9997684876565203
0.9995738361115036
0.9992209178118694
0.9985856928079534
0.9974302333866032
0.9953558984445172
0.9915109327660143
0.9846965108454493
0.9714533537504917
0.9491849691267836
0.9001076038198933
0.8312453419519815
0.6177600630628912
0.4591581126669143
-0.8163862763582999
-0.5312544753811128
-14.282057539193847
-14.2322815505429
-0.5272537332307201
-0.8078463509697169
0.46160935671943537
0.6199940255267538
0.8322652587247881
0.9008087037929131
0.9495638813062202
0.9716895737766374
0.9848317492789213
0.9915920433740143
0.9954028468907414
0.997457563954554
0.998601109027647
0.9992293304460858
0.9995780619960342
0.9997702539554973
0.9998751300822633
0.9999295462730184
0.9999527080098909
0.9999527080101333
0.9999295462726476
0.9998751300827133
0.9997702539558861
0.9995780619957676
0.9992293304466943
0.9986011090281666
0.9974575639546253
0.9954028468910203
0.9915920433734255
0.9848317492781813
0.97168957377658
0.9495638813055832
0.9008087037932233
0.8322652587247139
0.6199940255274055
0.4616093567179218
-0.8078463509685538
-0.5272537332284992
-14.232281550544107
-14.127640654251591
-0.5190132764853095
-0.7901637798337315
0.4666157438277645
0.62455690259668
0.834328205004971
0.9022208227285438
0.9503198458695791
0.9721565395105473
0.9850950925161968
0.9917467108071907
0.995489256747861
0.9975049387438203
0.9986248914312561
0.99923930414948
0.9995798196415255
0.9997672055373913
0.9998693061109368
0.9999222160705931
0.999944716289962
0.9999447162894242
0.9999222160703943
0.9998693061108349
0.999767205537678
0.9995798196414168
0.9992393041501052
0.9986248914306777
0.9975049387435699
0.9954892567474765
0.9917467108074296
0.9850950925162472
0.972156539511057
0.9503198458691124
0.9022208227286808
0.8343282050045856
0.6245569025968964
0.46661574382722004
-0.7901637798321934
-0.5190132764834425
-14.1276406542522
-13.905857063421786
-0.5019824200162384
-0.7533719312946612
0.47685874030496145
0.6338876503757717
0.8384936077340659
0.9050521003210785
0.9518128242825248
0.9730629304523806
0.9855908183829062
0.9920241685242425
0.9956304748000255
0.9975685908490333
0.9986419376150381
0.9992292043933384
0.9995536579735986
0.9997316945983314
0.9998284223064122
0.999878427949592
0.999899656217127
0.9998996562176368
0.9998784279503301
0.9998284223059284
0.9997316945983414
0.9995536579740327
0.9992292043934003
0.998641937614317
0.99756859084946
0.9956304748003928
0.9920241685241935
0.9855908183822322
0.9730629304529396
0.9518128242825126
0.905052100321366
0.8384936077338273
0.6338876503764179
0.4768587403043094
-0.7533719312944591
-0.5019824200182623
-13.90585706342291
-13.430803817275706
-0.4666453926039428
-0.676368804306542
0.497848631577205
0.6529679448081342
0.8468589644242726
0.9106631164869929
0.9546886773139742
0.9747434165291518
0.9864423305041508
0.9924366338974386
0.995771104772518
0.997555184233508
0.998536638424802
0.999070679162762
0.9993638481421285
0.9995237797304586
0.9996101631739929
0.9996546030493
0.9996734019052702
0.9996734019050634
0.9996546030489954
0.9996101631738655
0.9995237797308516
0.9993638481413167
0.9990706791625745
0.998536638424526
0.997555184233099
0.9957711047723835
0.99243663389759
0.9864423305052399
0.9747434165291187
0.9546886773133703
0.9106631164873584
0.8468589644241313
0.6529679448072399
0.49784863157665676
-0.6763688043049173
-0.46664539260233395
-13.430803817276498
-12.398659693723236
-0.39296515221350714
-0.5140563300452532
0.540886783852176
0.6918459235785204
0.8633990805320405
0.9214422470432113
0.9598577738145495
0.977457864407016
0.987478614692217
0.992586218956732
0.9953775497638323
0.9968554302593009
0.9976558498129874
0.9980857268126859
0.9983181702188739
0.9984432058802142
0.9985097935287084
0.9985436426892023
0.9985578377357889
0.9985578377369362
0.9985436426896247
0.9985097935280525
0.9984432058801285
0.998318170218905
0.9980857268126853
0.9976558498120337
0.9968554302594623
0.9953775497646793
0.9925862189563783
0.9874786146915664
0.9774578644068893
0.9598577738154701
0.9214422470430285
0.8633990805316498
0.6918459235785508
0.5408867838526928
-0.5140563300459797
-0.3929651522166401
-12.398659693723005
-10.109850872256247
-0.2381960762159969
-0.16904820564032236
0.6288235664146975
0.7699185430558397
0.8945573174074014
0.9402545814500778
0.9670775262489137
0.9795647509263714
0.986164695696679
0.9894668844815528
0.9911683685835022
0.992035705257075
0.9924793729447954
0.992705753235515
0.9928208120732265
0.992879010037353
0.9929080294363459
0.9929219275504866
0.9929274955278828
0.9929274955279745
0.9929219275500129
0.9929080294363053
0.9928790100372973
0.9928208120729889
0.9927057532349239
0.9924793729446861
0.9920357052566653
0.9911683685833107
0.989466884481706
0.9861646956974682
0.9795647509259725
0.9670775262491292
0.9402545814495564
0.8945573174078715
0.7699185430550709
0.6288235664147512
-0.16904820564070755
-0.23819607621581176
-10.109850872255635
-4.869040230494818
0.0919670021424632
0.5703669314975373
0.8045600311623369
0.9184350501087977
0.9431715044476283
0.961240413044443
0.9637266339663517
0.9653038162895555
0.9648370619426566
0.964415515294303
0.9639148007038518
0.9635601065981696
0.9633011701505767
0.9631316834853683
0.9630216347322749
0.9629532542245476
0.9629119889771975
0.962888926687175
0.9628786228322703
0.9628786228328419
0.9628889266873177
0.9629119889766108
0.962953254224908
0.9630216347320761
0.9631316834868481
0.963301170150171
0.9635601065981998
0.963914800704275
0.9644155152939724
0.9648370619426996
0.9653038162890625
0.9637266339673689
0.961240413043978
0.9431715044479339
0.9184350501087466
0.804560031163582
0.5703669314969961
0.09196700214007636
-4.869040230494435
7.834901419569473
0.8258838673521528
2.1525883574088613
1.113796468640588
1.1357563941182145
0.9410877064573498
0.8929557339657965
0.8427481690522596
0.8202227841563148
0.8048561363434685
0.7966370574134576
0.7916556908313339
0.7888535144942677
0.7872182564990298
0.7862868396444662
0.7857516219952941
0.7854480875354322
0.7852782561766426
0.7851884210367382
0.7851496887113056
0.7851496887119069
0.7851884210362918
0.785278256176432
0.7854480875356664
0.7857516219955488
0.7862868396454037
0.787218256498229
0.7888535144940556
0.7916556908316564
0.7966370574135464
0.804856136343733
0.8202227841562794
0.842748169052573
0.8929557339654106
0.9410877064569709
1.1357563941188675
1.1137964686411432
2.152588357408625
0.825883867351715
7.834901419571922
42.49492744102063
2.606146884806255
5.265049548293465
1.1361023691482661
0.7849720864776282
0.07053998405111747
-0.15159405925496824
-0.3226942223647805
-0.4010029622156932
-0.44882741075874194
-0.47372321118680605
-0.4879416582614407
-0.4956734196885237
-0.5000069236957656
-0.5023998694472502
-0.5037332977612158
-0.5044701985612008
-0.5048730562900398
-0.5050823310628436
-0.505171461937503
-0.5051714619385437
-0.505082331062626
-0.504873056288526
-0.5044701985597805
-0.5037332977604666
-0.502399869446843
-0.5000069236947806
-0.4956734196880214
-0.4879416582627577
-0.47372321118556576
-0.44882741075867916
-0.4010029622155439
-0.322694222365633
-0.15159405925390795
0.07053998405215547
0.7849720864772515
1.1361023691487504
5.2650495482937645
2.606146884805627
42.49492744102223
175.93649292492748
4.465266653181025
3.9517533953403463
-10.699680466016266
-12.992624144946834
-15.369153832324528
-16.178596657441492
-16.705935002429598
-16.94583702121129
-17.08233563625018
-17.151622760489253
-17.189631799314
-17.20978205109801
-17.22076772287156
-17.22670332916416
-17.22994248328995
-17.231701229154243
-17.232647815101416
-17.233133556862676
-17.233338734615643
-17.233338734610378
-17.233133556867806
-17.232647815098044
-17.23170122915952
-17.22994248328044
-17.226703329178243
-17.220767722867475
-17.209782051096767
-17.189631799313936
-17.151622760481104
-17.08233563625715
-16.945837021209194
-16.70593500243254
-16.178596657436394
-15.369153832335211
-12.992624144943012
-10.699680466011836
3.9517533953319193
4.465266653180581
175.9364929249379