-36.983165448694514
2.417852472830716
3.16138479660722
6.52772348695826
7.149862648369523
7.700085326357966
7.898920284161415
8.018555357792497
8.070895566693384
8.093567285591533
8.093567285591678
8.070895566692315
8.018555357794428
7.898920284161136
7.700085326357964
7.149862648369282
6.52772348695872
3.1613847966065673
2.417852472831467
-36.98316544869362
-6.767197676391959
-0.6114478817875427
-1.1638941877128635
-0.5039277793437487
-0.4536261510187779
-0.3382629963281222
-0.30155779752971384
-0.27399830348651777
-0.26200460979178725
-0.25637867441472295
-0.25637867441472706
-0.2620046097917592
-0.2739983034864929
-0.30155779752969647
-0.33826299632804535
-0.4536261510187206
-0.5039277793437855
-1.1638941877128912
-0.6114478817876153
-6.767197676392095
1.3810363498645162
-0.43059271350155665
-0.7333029369231826
-0.8178709877570576
-0.8732266514942111
-0.8843738175973689
-0.892573684802793
-0.8941416558371214
-0.8950869936488923
-0.8952046085465637
-0.8952046085465779
-0.8950869936488353
-0.8941416558371738
-0.8925736848027355
-0.8843738175973443
-0.8732266514941923
-0.8178709877571213
-0.7333029369231892
-0.43059271350165407
1.3810363498643157
4.387307595448187
-0.2944351447212107
-0.4087166777326273
-0.7921567109028806
-0.8720948268286066
-0.9340847638823656
-0.9581396772421145
-0.9715781473546823
-0.977648963504944
-0.9801726293545592
-0.980172629354618
-0.9776489635048555
-0.9715781473548171
-0.9581396772420951
-0.9340847638823646
-0.8720948268285933
-0.7921567109029297
-0.4087166777325704
-0.2944351447212513
4.387307595448145
5.632593339415268
-0.225162043486055
-0.24529513563245847
-0.7604396846545609
-0.8471581788708069
-0.9319041528002547
-0.9622448342341642
-0.9809771420339743
-0.9892309543145607
-0.9928319288176729
-0.992831928817718
-0.9892309543144966
-0.9809771420339322
-0.9622448342341278
-0.9319041528002511
-0.8471581788707958
-0.7604396846545765
-0.24529513563245417
-0.22516204348603452
5.63259333941543
6.17906169806902
-0.19112825599557376
-0.16675970877794521
-0.7421466324993948
-0.831160299554965
-0.9265915794272377
-0.9596717887166233
-0.9809036839839498
-0.990150540745449
-0.9942611079113213
-0.9942611079113214
-0.9901505407454458
-0.9809036839837151
-0.9596717887166307
-0.92659157942719
-0.8311602995549151
-0.7421466324993964
-0.1667597087779426
-0.19112825599556776
6.179061698069351
6.426619991570806
-0.17453587745519789
-0.1292182141924882
-0.7326826555748864
-0.822618624671704
-0.9231638854386148
-0.9575113237840104
-0.9799563871552706
-0.9896751751740019
-0.9940346119955938
-0.994034611995632
-0.9896751751740105
-0.9799563871551746
-0.9575113237840751
-0.9231638854385114
-0.8226186246716102
-0.7326826555748415
-0.12921821419236632
-0.17453587745515717
6.42661999157111
6.540388647403532
-0.166512608578063
-0.1113337715166142
-0.7279642747638182
-0.8183095960397515
-0.9213069816051949
-0.9562557040485042
-0.9792920370672255
-0.9892388463049531
-0.993720653491638
-0.9937206534917056
-0.9892388463049391
-0.979292037067265
-0.9562557040484918
-0.9213069816050823
-0.8183095960396267
-0.7279642747637218
-0.11133377151647171
-0.16651260857793793
6.540388647403777
6.591748805494289
-0.16276032285258518
-0.10305693850223241
-0.7257163327679768
-0.81624689703464
-0.9203861916433569
-0.9556149731692791
-0.9789306273474778
-0.9889849505644812
-0.9935250647037808
-0.9935250647037985
-0.9889849505645436
-0.9789306273473695
-0.955614973169262
-0.9203861916433254
-0.8162468970345493
-0.7257163327679381
-0.10305693850223449
-0.16276032285240855
6.591748805494424
6.611606697819199
-0.16127762445305854
-0.09980722561695138
-0.724818428694014
-0.8154214228563128
-0.920010957635846
-0.9553505006344285
-0.9787773735278125
-0.9888745326436397
-0.9934380063559038
-0.9934380063558985
-0.9888745326437111
-0.9787773735276024
-0.9553505006345802
-0.9200109576358153
-0.8154214228563192
-0.7248184286940809
-0.09980722561707796
-0.16127762445305782
6.611606697819271
6.611606697819141
-0.16127762445296678
-0.0998072256169234
-0.7248184286940115
-0.8154214228563356
-0.9200109576358941
-0.955350500634518
-0.9787773735279043
-0.9888745326436581
-0.9934380063559367
-0.993438006355967
-0.988874532643682
-0.9787773735278675
-0.9553505006346691
-0.9200109576358911
-0.8154214228564369
-0.7248184286941466
-0.09980722561706287
-0.16127762445318433
6.6116066978190355
6.591748805493899
-0.1627603228524263
-0.10305693850216666
-0.7257163327679699
-0.8162468970346313
-0.9203861916434332
-0.9556149731694012
-0.978930627347538
-0.9889849505645277
-0.9935250647038609
-0.9935250647038498
-0.9889849505645724
-0.9789306273476083
-0.9556149731694148
-0.9203861916434655
-0.8162468970347103
-0.7257163327680602
-0.10305693850235614
-0.162760322852612
6.5917488054935065
6.5403886474027715
-0.16651260857808942
-0.11133377151660859
-0.7279642747638081
-0.8183095960397038
-0.9213069816051865
-0.9562557040485307
-0.979292037067209
-0.9892388463050323
-0.9937206534917807
-0.9937206534917247
-0.9892388463051602
-0.9792920370671812
-0.9562557040485853
-0.9213069816051598
-0.8183095960397637
-0.7279642747638706
-0.1113337715167817
-0.16651260857808686
6.540388647402313
6.426619991570421
-0.1745358774552923
-0.1292182141925053
-0.7326826555749197
-0.8226186246716796
-0.9231638854386324
-0.9575113237839161
-0.9799563871552395
-0.9896751751739928
-0.994034611995696
-0.9940346119957277
-0.9896751751741304
-0.9799563871552395
-0.957511323784126
-0.9231638854385988
-0.8226186246717743
-0.7326826555749499
-0.1292182141927002
-0.17453587745520832
6.426619991570163
6.1790616980690185
-0.19112825599559136
-0.16675970877797314
-0.7421466324994828
-0.8311602995549674
-0.9265915794272678
-0.9596717887166266
-0.9809036839839118
-0.9901505407453985
-0.9942611079113974
-0.99426110791137
-0.9901505407454091
-0.9809036839840071
-0.9596717887166937
-0.9265915794272419
-0.8311602995550249
-0.7421466324994124
-0.16675970877792037
-0.19112825599554054
6.179061698069178
5.632593339415699
-0.2251620434859353
-0.24529513563238456
-0.7604396846545902
-0.8471581788707908
-0.9319041528002714
-0.9622448342342753
-0.980977142033832
-0.9892309543144867
-0.9928319288176249
-0.9928319288174905
-0.9892309543143851
-0.9809771420338617
-0.9622448342340479
-0.9319041528001948
-0.8471581788706843
-0.7604396846544768
-0.24529513563216931
-0.22516204348597235
5.6325933394161245
4.387307595448668
-0.2944351447212076
-0.40871667773266507
-0.7921567109029064
-0.8720948268285877
-0.9340847638823835
-0.9581396772420346
-0.971578147354687
-0.9776489635049092
-0.9801726293544992
-0.98017262935443
-0.9776489635047685
-0.9715781473545686
-0.9581396772419388
-0.934084763882155
-0.8720948268284356
-0.7921567109027725
-0.40871667773236897
-0.2944351447211271
4.38730759544911
1.3810363498652305
-0.4305927135016736
-0.7333029369232824
-0.8178709877571635
-0.8732266514942288
-0.8843738175973379
-0.8925736848025811
-0.8941416558370967
-0.8950869936486987
-0.895204608546509
-0.8952046085465664
-0.8950869936487447
-0.8941416558371635
-0.8925736848026222
-0.8843738175971747
-0.8732266514941063
-0.8178709877568876
-0.7333029369229721
-0.43059271350141204
1.381036349865327
-6.767197676391371
-0.6114478817876035
-1.163894187712914
-0.5039277793439256
-0.4536261510188391
-0.33826299632803025
-0.30155779752954087
-0.2739983034863046
-0.26200460979143864
-0.25637867441472173
-0.25637867441478457
-0.2620046097917609
-0.2739983034866471
-0.30155779752969364
-0.33826299632801626
-0.45362615101870024
-0.5039277793435459
-1.1638941877126943
-0.6114478817873138
-6.767197676391102
-36.983165448694606
2.417852472830624
3.161384796607191
6.527723486958129
7.149862648369478
7.700085326358005
7.898920284161575
8.018555357792641
8.070895566693604
8.093567285591558
8.093567285591629
8.070895566692322
8.018555357794437
7.8989202841611394
7.7000853263580655
7.1498626483692735
6.527723486958919
3.1613847966064967
2.4178524728316653
-36.98316544869343