217.98041972829856
-1.116463188636756
4.148934903860723
-12.727194951944448
-13.442162777495815
-15.708123307864867
-16.117854242789583
-16.545379484591052
-16.681828473046394
-16.78179498193402
-16.82315656866359
-16.849605643055902
-16.862010102093627
-16.869525681275807
-16.873289844996112
-16.87551900431992
-16.876672876747662
-16.877337714221973
-16.877667439352166
-16.877814536021006
-16.87781453600998
-16.877667439363872
-16.877337714210917
-16.876672876757375
-16.875519004324477
-16.87328984500909
-16.86952568126471
-16.862010102100086
-16.849605643048143
-16.82315656866937
-16.78179498192825
-16.681828473064602
-16.54537948458419
-16.11785424277511
-15.708123307858589
-13.442162777489859
-12.727194951948
4.148934903853527
-1.1164631886357288
217.98041972829753
18.12640127451248
4.531994225894437
3.59163900059382
1.5812688968064839
0.42156909208541504
0.013013052160700977
-0.3532719583043538
-0.46081618024236626
-0.562032170646759
-0.5938707202454387
-0.621805591081539
-0.6316329534254914
-0.6395639646292508
-0.6426487485960901
-0.6449732180094674
-0.6459498702797218
-0.6466461689157973
-0.6469499796183111
-0.6471460779861101
-0.6472148036561489
-0.647214803652757
-0.64714607798824
-0.6469499796153837
-0.6466461689182108
-0.6459498702796569
-0.644973218011458
-0.6426487485985104
-0.6395639646300286
-0.6316329534258595
-0.6218055910800335
-0.5938707202495114
-0.5620321706442668
-0.46081618024643756
-0.3532719583040035
0.013013052157582475
0.42156909208819904
1.581268896807275
3.5916390005979393
4.531994225897799
18.12640127450998
1.6363105797382889
1.1537246541432036
2.0631622673466
1.1631452159933864
1.1564618908232611
0.8619379396854204
0.8178988680720036
0.7287137991166852
0.7091528420441182
0.6824604293935956
0.6753845209739584
0.6673676766679368
0.6649521363792354
0.6625190794445519
0.6617115920854462
0.6609642568805146
0.6606987815219332
0.66047167675985
0.6603923512858993
0.6603416625646878
0.6603416625659695
0.6603923512852423
0.6604716767621268
0.6606987815205226
0.6609642568800871
0.6617115920839174
0.662519079445518
0.664952136378798
0.6673676766685278
0.6753845209742364
0.6824604293926794
0.7091528420434996
0.7287137991157466
0.817898868073569
0.8619379396848921
1.1564618908243198
1.1631452159924578
2.063162267348149
1.153724654141563
1.6363105797381565
-7.97624673976966
0.42534903044136013
0.48924946588750773
0.965214123313083
0.9394357780814326
0.9693926308897985
0.9389480227818718
0.9362016112092577
0.92185461816974
0.9191596589930587
0.9137462573262702
0.9125390827297051
0.910664039811337
0.9102011402242811
0.9095748334954874
0.9094086522538513
0.9092039201715469
0.9091480119494341
0.9090870890372102
0.9090739438237131
0.909073943823601
0.9090870890369785
0.9091480119491635
0.9092039201716327
0.9094086522541149
0.9095748334958698
0.9102011402243131
0.9106640398113007
0.9125390827297708
0.9137462573258746
0.9191596589928149
0.921854618170089
0.9362016112094498
0.9389480227817248
0.9693926308893211
0.9394357780812393
0.9652141233124829
0.4892494658875511
0.42534903044248407
-7.976246739770049
-11.390095143103306
0.006039223981000695
-0.08756434803517976
0.7491390474640615
0.8332840817765332
0.9273616717589278
0.9531565337322392
0.9643317756680854
0.9702183460445113
0.9708880439637717
0.9720889405926771
0.9717570059765812
0.9719789918632278
0.9717579679901447
0.9717924111564096
0.9716958474251278
0.9716990345529877
0.9716630323371511
0.9716626703958555
0.9716537332630925
0.9716537332633712
0.9716626703955822
0.9716630323371751
0.9716990345529725
0.9716958474252837
0.9717924111564731
0.971757967990047
0.971978991863099
0.9717570059763164
0.9720889405927009
0.9708880439636709
0.9702183460447483
0.9643317756676391
0.9531565337323322
0.927361671758514
0.8332840817766127
0.7491390474639197
-0.08756434803510837
0.006039223981338779
-11.390095143103643
-13.1437776471934
-0.17146898247357492
-0.4100552210930621
0.6523909596253946
0.7506346875981893
0.9012333397380683
0.9388201770359788
0.9678431318650144
0.9780438699854512
0.9846707743789656
0.9871986331635008
0.988858052019879
0.9894640168590225
0.9899050252326825
0.9900476456105134
0.990170563996331
0.9902033693929186
0.9902384383591221
0.9902454294092976
0.9902530311732693
0.9902530311732645
0.9902454294086288
0.9902384383588119
0.9902033693933667
0.9901705639972793
0.9900476456113402
0.9899050252326771
0.9894640168589621
0.9888580520191059
0.987198633163904
0.9846707743792942
0.9780438699863485
0.9678431318648104
0.9388201770357982
0.90123333973701
0.7506346875976095
0.652390959624803
-0.4100552210931032
-0.17146898247309672
-13.143777647193385
-13.94834044096907
-0.2643841859602907
-0.560462255326365
0.595666193077204
0.7096875255498499
0.8808216792216756
0.9293157255728619
0.9641835709530576
0.9789972246666314
0.9874187541685734
0.9916689502750888
0.9938776351797061
0.9950959551066143
0.9957009358123604
0.9960567489772445
0.9962269535354611
0.9963328690142181
0.9963807672895796
0.9964105013345171
0.9964206461648436
0.9964206461643028
0.996410501334765
0.9963807672882602
0.9963328690150495
0.9962269535360739
0.9960567489782363
0.9957009358116897
0.9950959551068028
0.993877635178789
0.9916689502750814
0.9874187541686874
0.9789972246679418
0.9641835709531418
0.9293157255719047
0.8808216792212273
0.709687525549366
0.5956661930776911
-0.5604622553264282
-0.26438418595865043
-13.948340440969623
-14.358986096491378
-0.30982008309482556
-0.6398424047992426
0.5672943860411004
0.686094956026933
0.869825661359386
0.922345096992092
0.961392521211744
0.9779136751771332
0.9878514297228449
0.9927181008870434
0.9954800720616181
0.9969045737422381
0.9977089690205254
0.9981301722828406
0.9983713334585671
0.9984968996255261
0.9985691392557638
0.9986041190764505
0.9986201327929383
0.9986201327934872
0.9986041190768002
0.9985691392561773
0.9984968996248823
0.9983713334578587
0.9981301722814331
0.9977089690206173
0.9969045737418767
0.9954800720620613
0.9927181008870134
0.9878514297228052
0.9779136751758846
0.9613925212114152
0.922345096992474
0.8698256613609732
0.6860949560277758
0.5672943860425408
-0.6398424047993785
-0.30982008309622044
-14.358986096491204
-14.563014850569207
-0.3334884873159287
-0.6798279826671147
0.551885222677378
0.6738482516164506
0.863350507109123
0.9184243320466963
0.9593096422103577
0.9769996770487808
0.9875838564119996
0.9929208607326698
0.9959104970065941
0.997514400531339
0.9983966024322983
0.9988842732113172
0.999150954328573
0.9993005099108065
0.9993805904098484
0.9994233045613008
0.9994410329191109
0.9994410329196621
0.9994233045611111
0.9993805904108269
0.9993005099101652
0.9991509543283759
0.9988842732103893
0.9983966024332444
0.9975144005311923
0.995910497007297
0.9929208607324713
0.9875838564117785
0.9769996770475862
0.9593096422107774
0.9184243320472447
0.8633505071097356
0.6738482516165142
0.5518852226772828
-0.6798279826674702
-0.3334884873170473
-14.563014850568436
-14.668331131760095
-0.345625071234126
-0.7008497776737921
0.5438668093745855
0.6671635058400608
0.8598613249484586
0.9161105067172781
0.9580809657035518
0.9763115844983288
0.9873086782367695
0.9928614018311541
0.9960106319464387
0.9976950879406634
0.9986381649702392
0.9991544988151775
0.9994439376352173
0.9996031909303214
0.9996913751314735
0.9997369844258722
0.9997567072258218
0.9997567072261448
0.9997369844258429
0.9996913751316847
0.9996031909298233
0.999443937634966
0.9991544988147794
0.998638164970384
0.9976950879405255
0.9960106319466167
0.9928614018309194
0.9873086782367552
0.9763115844981192
0.9580809657036282
0.9161105067173231
0.8598613249490376
0.6671635058402023
0.5438668093748278
-0.7008497776741812
-0.3456250712337858
-14.668331131760205
-14.722444326234012
-0.35199578209968296
-0.7117718684697807
0.5395716296446378
0.6636249796905369
0.8579239385773714
0.9148368730834655
0.9573438042804658
0.9758916313351734
0.9870913013945336
0.9927779034857982
0.9960047853659415
0.9977429560585933
0.9987151705705273
0.9992523877433663
0.9995523839051905
0.9997194850833804
0.999811256994813
0.9998594667589917
0.999880036210145
0.9998800362101077
0.9998594667586247
0.9998112569956414
0.9997194850828581
0.9995523839050694
0.9992523877428556
0.9987151705708932
0.997742956058411
0.9960047853662479
0.9927779034856621
0.9870913013943885
0.975891631334495
0.9573438042805884
0.9148368730841259
0.8579239385774315
0.6636249796904393
0.5395716296439266
-0.7117718684697493
-0.3519957821005781
-14.722444326233795
-14.750704912862155
-0.35533223947143316
-0.7175449558433709
0.5372986388054275
0.6617167241699391
0.8568777178418668
0.9141242544260928
0.9569285125882119
0.9756367501257996
0.986953099579543
0.9927075393283984
0.995981377239556
0.9977467030873066
0.9987376293575168
0.9992852948416329
0.9995925816365998
0.9997635248902508
0.9998579806377492
0.9999074280054878
0.9999286706975226
0.9999286706967032
0.9999074280052396
0.9998579806371133
0.9997635248913261
0.9995925816376945
0.9992852948437554
0.9987376293575875
0.9977467030876258
0.9959813772388599
0.992707539328775
0.9869530995801536
0.9756367501274275
0.9569285125884341
0.9141242544254222
0.8568777178400612
0.6617167241685988
0.5372986388035285
-0.7175449558430245
-0.35533223947080783
-14.750704912861824
-14.765482199640843
-0.35709784734096545
-0.72059071834162
0.5360816326369393
0.6606972155819748
0.8563065534191208
0.9137347737051775
0.9566932800913739
0.9754906914899135
0.9868676336075042
0.9926609272183113
0.9959592015705622
0.9977407032706413
0.9987413648212529
0.999295567231062
0.9996066238880549
0.99978011286833
0.9998759383833026
0.9999262519330967
0.9999478338006915
0.999947833799763
0.9999262519334398
0.9998759383818697
0.9997801128694039
0.999606623888339
0.9992955672323631
0.9987413648199777
0.9977407032709997
0.9959592015697267
0.9926609272181465
0.9868676336076059
0.9754906914912652
0.9566932800910619
0.9137347737044998
0.856306553418309
0.660697215581918
0.5360816326374437
-0.7205907183409226
-0.3570978473391454
-14.765482199641998
-14.773272374420909
-0.3580332659303814
-0.7222105254792124
0.5354319454222044
0.6601482868845465
0.8559976768616168
0.9135206931900218
0.9565629902303141
0.9754072074271973
0.9868177359693573
0.9926315288133456
0.9959437124513713
0.9977337872642642
0.9987401790533892
0.999297853341051
0.999611220426081
0.9997860585400183
0.9998827606290437
0.9999335306189691
0.9999553365394942
0.9999553365397429
0.9999335306189426
0.9998827606295415
0.9997860585396086
0.9996112204256341
0.9992978533404074
0.9987401790529423
0.9977337872644743
0.995943712451467
0.9926315288134471
0.9868177359690836
0.9754072074270805
0.9565629902298407
0.9135206931903967
0.855997676862271
0.6601482868853474
0.5354319454233984
-0.7222105254782312
-0.3580332659312145
-14.773272374421072
-14.777388443376518
-0.35853145460901525
-0.7230725785157469
0.535083283160394
0.6598535264138699
0.8558299368633453
0.9134040621925981
0.9564907548765
0.9753605102604479
0.9867889001371668
0.9926140679683306
0.9959336871942561
0.9977286267325202
0.9987380979602725
0.9992977981965125
0.9996124114284886
0.9997880624985563
0.999885237779016
0.9999362910803664
0.9999582178360469
0.99995821783619
0.9999362910806882
0.9998852377794183
0.9997880624985107
0.9996124114284993
0.9992977981967184
0.9987380979604688
0.9977286267326444
0.9959336871945638
0.9926140679685429
0.9867889001373142
0.9753605102603986
0.9564907548763335
0.9134040621924902
0.8558299368638103
0.6598535264140231
0.5350832831606481
-0.7230725785156358
-0.35853145460981456
-14.777388443376061
-14.779571714819333
-0.3587970406671228
-0.7235329545435846
0.5348963529110033
0.6596947954472845
0.8557392160887879
0.9133404455680025
0.9564511026010564
0.975334471803114
0.9867726148081533
0.9926038795676069
0.9959276218274657
0.9977251847657289
0.9987363972322723
0.9992971965582638
0.9996125310676429
0.9997886252645594
0.9998860811950754
0.9999372893354426
0.9999592890147012
0.999959289014877
0.9999372893357824
0.9998860811954814
0.9997886252636987
0.9996125310663884
0.9992971965565641
0.9987363972319563
0.997725184765693
0.9959276218284654
0.9926038795670138
0.9867726148077176
0.9753344718013786
0.9564511026013744
0.9133404455684229
0.8557392160905718
0.6596947954481587
0.5348963529127572
-0.7235329545436975
-0.35879704066759366
-14.779571714819003
-14.780728686588809
-0.3589386054975575
-0.723778341908876
0.5347961829821742
0.65960963735402
0.8556902232826251
0.9133059851468649
0.9564294158630255
0.9753201391054108
0.9867635015765122
0.9925980934107477
0.9959240539583547
0.9977230677357705
0.9987352228040487
0.9992966401556251
0.9996123675205497
0.9997887156166378
0.9998863251811794
0.9999376235527517
0.9999596632671214
0.9999596632679488
0.9999376235525328
0.9998863251825596
0.9997887156158052
0.9996123675202337
0.9992966401548389
0.9987352228052987
0.9977230677352951
0.9959240539588387
0.9925980934108108
0.986763501576942
0.975320139104297
0.9564294158630358
0.9133059851476522
0.8556902232830539
0.6596096373540103
0.5347961829812258
-0.723778341909243
-0.35893860549981016
-14.780728686587862
-14.781336215694129
-0.359013261086911
-0.7239078651091506
0.5347431392537562
0.6595644302134047
0.8556641262571256
0.9132875409509367
0.9564177550024304
0.9753123665903789
0.9867585201741667
0.992594879085277
0.9959220368714421
0.9977218253306417
0.998734495123871
0.9992962444131134
0.9996121892999374
0.9997886745406825
0.999886370392628
0.9999377177162307
0.9999597801394882
0.999959780138769
0.999937717715287
0.9998863703921562
0.9997886745414978
0.999612189301613
0.9992962444148733
0.9987344951247024
0.997721825330691
0.9959220368709554
0.9925948790854954
0.9867585201745361
0.9753123665914676
0.9564177550032793
0.9132875409502541
0.8556641262550795
0.6595644302116652
0.5347431392508764
-0.7239078651093265
-0.35901326108581755
-14.781336215693752
-14.781641738053604
-0.35905095513471935
-0.7239732686109908
0.5347162652357217
0.6595415051940761
0.8556508415713859
0.9132781323499534
0.9564117751675638
0.9753083650831469
0.9867559336428188
0.9925931969627735
0.9959209640210387
0.9977211520492114
0.9987340849717801
0.9992960071143302
0.9996120637371998
0.9997886211628373
0.9998863615300806
0.9999377348613296
0.9999598090325558
0.9999598090321868
0.9999377348617686
0.9998863615289154
0.999788621163245
0.9996120637372932
0.9992960071145127
0.9987340849710862
0.9977211520489457
0.9959209640202873
0.9925931969626517
0.9867559336427548
0.9753083650840211
0.9564117751672059
0.9132781323496562
0.8556508415710048
0.6595415051944875
0.5347162652363519
-0.7239732686107756
-0.3590509551332426
-14.781641738054608
-14.781768920999319
-0.35906668390777896
-0.7240005712728348
0.5347050275194232
0.659531907144198
0.8556452702323485
0.91327417752962
0.9564092561964701
0.9753066728385558
0.9867548360221421
0.9925924781161743
0.9959205023950195
0.9977208581959841
0.9987339028533564
0.9992958977791395
0.999612002175778
0.9997885900803747
0.9998863496153199
0.999937733953965
0.9999598132088444
0.9999598132085374
0.9999377339540219
0.9998863496149905
0.9997885900809613
0.9996120021763819
0.9992958977794351
0.9987339028537876
0.9977208581958953
0.9959205023948781
0.9925924781163815
0.9867548360226008
0.9753066728387498
0.9564092561963579
0.9132741775295875
0.8556452702317576
0.6595319071440439
0.5347050275190468
-0.7240005712725565
-0.35906668390783236
-14.781768920999536
-14.781768921001701
-0.35906668390792607
-0.7240005712731563
0.5347050275188511
0.6595319071439172
0.8556452702319206
0.9132741775296209
0.9564092561964695
0.9753066728388167
0.9867548360220282
0.992592478116245
0.995920502394953
0.9977208581959145
0.9987339028534161
0.9992958977796177
0.9996120021760533
0.999788590080305
0.9998863496156244
0.9999377339541766
0.999959813208726
0.9999598132081815
0.9999377339543851
0.9998863496148969
0.9997885900808794
0.9996120021762059
0.9992958977797428
0.9987339028532793
0.9977208581961845
0.9959205023950819
0.9925924781164137
0.9867548360217697
0.9753066728391022
0.9564092561966746
0.9132741775290294
0.8556452702318049
0.6595319071444128
0.5347050275193588
-0.7240005712728206
-0.359066683907254
-14.781768921001152
-14.781641738053231
-0.35905095513318214
-0.7239732686110742
0.5347162652346731
0.6595415051928194
0.8556508415697179
0.9132781323491515
0.9564117751669952
0.9753083650833942
0.9867559336430344
0.9925931969623346
0.995920964019993
0.997721152048852
0.9987340849717403
0.999296007115385
0.9996120637379855
0.9997886211642619
0.9998863615293851
0.9999377348613382
0.9999598090323296
0.9999598090337561
0.9999377348620826
0.9998863615305764
0.99978862116255
0.9996120637365278
0.9992960071125327
0.9987340849711587
0.9977211520484037
0.9959209640206614
0.9925931969622702
0.986755933642262
0.9753083650817089
0.9564117751660177
0.913278132349563
0.8556508415724358
0.6595415051953835
0.5347162652375612
-0.7239732686109521
-0.3590509551350566
-14.781641738053782
-14.78133621569266
-0.3590132610864649
-0.7239078651096644
0.5347431392534314
0.6595644302124635
0.8556641262564194
0.9132875409504361
0.9564177550019313
0.9753123665904364
0.9867585201743063
0.9925948790847079
0.9959220368707595
0.9977218253305044
0.9987344951242272
0.9992962444135796
0.9996121893006024
0.9997886745413436
0.9998863703918988
0.999937717715944
0.9999597801395358
0.9999597801396949
0.99993771771518
0.9998863703931806
0.9997886745407585
0.9996121893006789
0.9992962444129472
0.9987344951256386
0.9977218253304944
0.9959220368717361
0.9925948790847345
0.9867585201741909
0.9753123665890537
0.9564177550027952
0.9132875409513288
0.8556641262565152
0.659564430212037
0.5347431392515596
-0.7239078651096053
-0.35901326108797926
-14.781336215690558
-14.780728686590772
-0.3589386054984606
-0.7237783419082489
0.53479618298295
0.6596096373549514
0.8556902232835948
0.9133059851474221
0.9564294158635835
0.975320139105282
0.9867635015762234
0.9925980934109078
0.9959240539591002
0.9977230677355385
0.9987352228039692
0.9992966401549774
0.999612367519885
0.9997887156151947
0.9998863251815995
0.9999376235525261
0.9999596632671326
0.9999596632668675
0.9999376235527839
0.9998863251811811
0.9997887156157956
0.9996123675206912
0.9992966401564836
0.9987352228046975
0.9977230677353204
0.995924053958574
0.9925980934106373
0.9867635015768945
0.9753201391060796
0.9564294158642289
0.9133059851466855
0.855690223282517
0.6596096373539095
0.5347961829807701
-0.7237783419087696
-0.35893860549799705
-14.780728686591235
-14.779571714818317
-0.3587970406678081
-0.7235329545435232
0.5348963529120302
0.6596947954476301
0.8557392160897745
0.913340445567986
0.9564511026012127
0.9753344718026469
0.986772614808435
0.9926038795678079
0.9959276218279706
0.9977251847658497
0.998736397232117
0.9992971965574289
0.9996125310671435
0.9997886252643097
0.9998860811955378
0.999937289335421
0.999959289014656
0.9999592890142603
0.9999372893348759
0.9998860811951152
0.9997886252644066
0.9996125310671169
0.9992971965573392
0.9987363972315015
0.9977251847655833
0.9959276218276671
0.992603879567733
0.9867726148082007
0.9753344718029295
0.9564511026011833
0.9133404455682421
0.8557392160895934
0.6596947954474981
0.5348963529117332
-0.7235329545434195
-0.35879704066708473
-14.779571714818198
-14.777388443380355
-0.35853145461031005
-0.7230725785156267
0.5350832831616168
0.6598535264152721
0.8558299368654076
0.9134040621935098
0.9564907548772789
0.9753605102601685
0.9867889001369483
0.992614067968329
0.9959336871950173
0.997728626732771
0.9987380979601854
0.9992977981956012
0.9996124114273609
0.9997880624972906
0.9998852377787922
0.999936291080449
0.999958217836074
0.999958217835387
0.9999362910798377
0.9998852377787554
0.9997880624984361
0.9996124114290021
0.9992977981980355
0.9987380979609533
0.9977286267331075
0.9959336871939821
0.9926140679687927
0.9867889001378127
0.9753605102621157
0.9564907548772107
0.9134040621929728
0.8558299368626772
0.659853526413104
0.5350832831590397
-0.7230725785149588
-0.3585314546102909
-14.777388443380115
-14.773272374420932
-0.35803326593055473
-0.7222105254789365
0.5354319454218592
0.6601482868849293
0.8559976768611806
0.9135206931902775
0.9565629902303128
0.9754072074272466
0.9868177359691173
0.9926315288139885
0.9959437124518671
0.9977337872643584
0.9987401790533627
0.999297853341092
0.9996112204261343
0.9997860585398031
0.9998827606301944
0.9999335306191449
0.9999553365395595
0.9999553365390085
0.9999335306197434
0.9998827606287196
0.9997860585404227
0.9996112204260307
0.9992978533417443
0.9987401790517747
0.9977337872645818
0.9959437124514923
0.9926315288139089
0.9868177359691048
0.9754072074284198
0.9565629902297444
0.9135206931895583
0.8559976768615415
0.6601482868855459
0.5354319454239355
-0.7222105254784241
-0.35803326592925233
-14.773272374421675
-14.765482199633324
-0.3570978473400942
-0.7205907183415765
0.5360816326358864
0.6606972155803905
0.8563065534166333
0.9137347737037933
0.9566932800900203
0.9754906914905457
0.9868676336083655
0.9926609272186682
0.9959592015691208
0.9977407032704637
0.9987413648211786
0.9992955672325181
0.9996066238897776
0.9997801128709582
0.9998759383832887
0.9999262519333557
0.9999478338008964
0.9999478338014123
0.9999262519340688
0.9998759383843101
0.99978011286956
0.9996066238876746
0.9992955672298278
0.9987413648201122
0.9977407032706025
0.9959592015701417
0.9926609272179221
0.9868676336068973
0.9754906914886354
0.9566932800891312
0.9137347737046646
0.8563065534192991
0.660697215582749
0.5360816326399558
-0.7205907183411373
-0.3570978473412
-14.765482199634175
-14.750704912867949
-0.3553322394704813
-0.7175449558434214
0.5372986388043651
0.661716724169295
0.8568777178415514
0.9141242544264783
0.9569285125887408
0.9756367501261272
0.9869530995790687
0.9927075393277375
0.9959813772391046
0.9977467030877527
0.9987376293579784
0.9992852948424615
0.9995925816368851
0.9997635248902991
0.999857980636691
0.9999074280053636
0.9999286706975377
0.9999286706981785
0.9999074280053581
0.9998579806378354
0.9997635248897443
0.9995925816371561
0.9992852948425484
0.9987376293591322
0.9977467030876942
0.995981377239771
0.9927075393280711
0.9869530995796632
0.9756367501256535
0.9569285125888265
0.9141242544265238
0.8568777178416089
0.6617167241694937
0.5372986388038763
-0.7175449558436715
-0.3553322394725589
-14.750704912865947
-14.722444326233472
-0.35199578209917826
-0.7117718684702954
0.5395716296441349
0.6636249796901532
0.8579239385770819
0.9148368730831691
0.9573438042801756
0.9758916313353705
0.9870913013946073
0.9927779034857191
0.9960047853659183
0.9977429560582436
0.9987151705704993
0.9992523877434468
0.999552383905282
0.9997194850832851
0.9998112569950532
0.9998594667591996
0.9998800362100617
0.9998800362098783
0.9998594667588033
0.9998112569956235
0.9997194850825923
0.99955238390527
0.9992523877427103
0.9987151705703068
0.9977429560582118
0.9960047853661094
0.9927779034851716
0.987091301393524
0.9758916313344224
0.9573438042807512
0.914836873083332
0.857923938577277
0.6636249796902275
0.5395716296443862
-0.7117718684707094
-0.35199578209909205
-14.722444326233854
-14.668331131757121
-0.34562507123224206
-0.7008497776731037
0.5438668093756165
0.6671635058399985
0.8598613249490696
0.916110506716963
0.9580809657035481
0.9763115844979122
0.9873086782368763
0.9928614018307559
0.99601063194664
0.9976950879407135
0.9986381649701561
0.9991544988144277
0.999443937635377
0.9996031909303996
0.9996913751313184
0.9997369844256458
0.9997567072256113
0.999756707225939
0.9997369844252982
0.9996913751318371
0.9996031909298106
0.9994439376350419
0.9991544988139488
0.9986381649710838
0.9976950879398757
0.9960106319463357
0.9928614018311129
0.9873086782377978
0.9763115844976831
0.9580809657034717
0.9161105067173644
0.8598613249489027
0.6671635058399825
0.5438668093745764
-0.700849777673789
-0.345625071233314
-14.668331131757151
-14.563014850578334
-0.33348848731726777
-0.6798279826661562
0.5518852226787877
0.6738482516186722
0.8633505071126193
0.9184243320486762
0.9593096422119589
0.9769996770482405
0.9875838564112629
0.9929208607323553
0.9959104970082031
0.997514400531867
0.9983966024324276
0.9988842732098347
0.9991509543263513
0.9993005099076392
0.99938059040915
0.9994233045609902
0.9994410329191343
0.9994410329177922
0.9994233045599128
0.9993805904082005
0.9993005099095196
0.999150954329111
0.9988842732131431
0.9983966024337829
0.9975144005318987
0.9959104970070203
0.9929208607327986
0.9875838564122188
0.9769996770504814
0.9593096422134346
0.9184243320476974
0.8633505071090232
0.673848251615547
0.5518852226740143
-0.6798279826668097
-0.3334884873156335
-14.563014850577268
-14.358986096488142
-0.30982008309462195
-0.6398424047995284
0.5672943860408983
0.6860949560266747
0.8698256613583231
0.922345096991264
0.9613925212107197
0.9779136751768395
0.9878514297226764
0.9927181008877062
0.9954800720613322
0.9969045737415825
0.99770896901984
0.9981301722825178
0.9983713334585583
0.9984968996262056
0.9985691392572223
0.9986041190768579
0.9986201327926749
0.9986201327925872
0.9986041190772468
0.9985691392557803
0.9984968996266002
0.9983713334581299
0.9981301722823545
0.9977089690182623
0.9969045737416893
0.9954800720605834
0.9927181008875616
0.9878514297224703
0.9779136751779145
0.9613925212100914
0.9223450969908034
0.8698256613588643
0.6860949560272653
0.5672943860427928
-0.6398424047992277
-0.3098200830923717
-14.358986096490444
-13.948340440963104
-0.2643841859599546
-0.5604622553272014
0.5956661930760994
0.7096875255484155
0.8808216792198083
0.9293157255719126
0.9641835709522091
0.9789972246669776
0.9874187541688706
0.9916689502752217
0.9938776351784613
0.9950959551064504
0.9957009358118303
0.9960567489780274
0.9962269535364312
0.9963328690161295
0.9963807672891913
0.9964105013344084
0.9964206461640996
0.9964206461656111
0.9964105013348535
0.9963807672900227
0.9963328690156432
0.9962269535352513
0.996056748976365
0.9957009358111693
0.9950959551064973
0.9938776351787602
0.991668950275602
0.9874187541686926
0.978997224666369
0.9641835709506049
0.9293157255725002
0.8808216792215469
0.70968752555017
0.5956661930788979
-0.5604622553261208
-0.2643841859599788
-13.948340440964238
-13.143777647198595
-0.17146898247502315
-0.4100552210936867
0.6523909596242663
0.7506346875985923
0.9012333397380765
0.9388201770367458
0.9678431318656532
0.9780438699862457
0.9846707743788199
0.9871986331634941
0.9888580520195583
0.9894640168591369
0.989905025233225
0.9900476456114264
0.9901705639961438
0.990203369392235
0.9902384383582662
0.9902454294096399
0.9902530311736095
0.9902530311738453
0.9902454294090148
0.9902384383586771
0.9902033693921086
0.9901705639965345
0.9900476456112994
0.9899050252337552
0.9894640168596867
0.9888580520206227
0.9871986331635636
0.9846707743784096
0.9780438699859253
0.9678431318658852
0.9388201770368265
0.9012333397383279
0.7506346875986597
0.6523909596246642
-0.41005522109289994
-0.17146898247499798
-13.143777647198181
-11.39009514309344
0.006039223981909852
-0.08756434803567892
0.7491390474626843
0.8332840817744886
0.9273616717560564
0.9531565337305661
0.9643317756667635
0.9702183460443821
0.9708880439638526
0.9720889405928659
0.9717570059758025
0.97197899186295
0.9717579679902071
0.971792411157514
0.9716958474272035
0.9716990345554621
0.9716630323385356
0.971662670395921
0.9716537332632873
0.9716537332647328
0.9716626703970854
0.9716630323392532
0.971699034553909
0.971695847424817
0.9717924111547116
0.971757967988991
0.9719789918625166
0.9717570059765415
0.9720889405922751
0.9708880439633356
0.9702183460425868
0.9643317756656606
0.9531565337312007
0.9273616717593771
0.833284081777218
0.7491390474661334
-0.08756434803586831
0.006039223980927581
-11.39009514309424
-7.976246739772193
0.4253490304413118
0.4892494658879293
0.9652141233144391
0.9394357780820934
0.9693926308913382
0.938948022782302
0.9362016112096383
0.9218546181694605
0.9191596589937678
0.9137462573256174
0.9125390827299136
0.910664039811599
0.9102011402248649
0.9095748334955545
0.9094086522533934
0.9092039201713948
0.9091480119481794
0.9090870890373599
0.9090739438243319
0.9090739438243113
0.9090870890350478
0.9091480119495376
0.9092039201703509
0.9094086522541593
0.909574833495461
0.9102011402265768
0.9106640398116689
0.9125390827303813
0.9137462573260389
0.9191596589933786
0.9218546181686293
0.9362016112107887
0.9389480227839725
0.9693926308903209
0.9394357780816166
0.9652141233116641
0.48924946588795193
0.4253490304394022
-7.976246739770961
1.6363105797246464
1.1537246541430748
2.063162267348284
1.1631452159952371
1.156461890826664
0.8619379396891107
0.8178988680752398
0.728713799119097
0.7091528420438639
0.682460429392756
0.6753845209742404
0.6673676766701907
0.6649521363801771
0.6625190794449831
0.6617115920836738
0.6609642568779039
0.6606987815178469
0.6604716767595693
0.6603923512849572
0.6603416625647361
0.6603416625639298
0.660392351284014
0.6604716767583932
0.6606987815198323
0.6609642568804996
0.6617115920880005
0.6625190794460533
0.6649521363802579
0.6673676766686031
0.6753845209749184
0.682460429394683
0.7091528420471236
0.7287137991202534
0.8178988680738614
0.8619379396848279
1.1564618908236999
1.1631452159893665
2.06316226734788
1.1537246541428883
1.636310579724892
18.126401274519033
4.531994225895572
3.5916390005944523
1.5812688968063722
0.4215690920840831
0.01301305215853972
-0.3532719583063668
-0.46081618024404447
-0.5620321706472704
-0.5938707202444709
-0.6218055910815306
-0.6316329534263438
-0.6395639646313866
-0.6426487485959471
-0.6449732180100465
-0.6459498702764037
-0.6466461689155001
-0.6469499796154324
-0.6471460779875742
-0.6472148036542514
-0.6472148036547091
-0.6471460779845482
-0.6469499796152818
-0.646646168914631
-0.6459498702793685
-0.6449732180117904
-0.642648748599993
-0.6395639646311745
-0.6316329534254843
-0.6218055910806809
-0.593870720245905
-0.5620321706493074
-0.46081618024705095
-0.3532719583098854
0.013013052159736756
0.4215690920858173
1.5812688968112916
3.5916390005954684
4.531994225899975
18.126401274516667
217.9804197282966
-1.1164631886372034
4.148934903861275
-12.727194951944679
-13.442162777494186
-15.708123307865787
-16.11785424278858
-16.545379484589514
-16.68182847304562
-16.781794981936898
-16.823156568663613
-16.849605643056172
-16.862010102095134
-16.869525681276706
-16.873289844993344
-16.875519004321283
-16.876672876751094
-16.8773377142223
-16.877667439350503
-16.87781453602434
-16.877814536009183
-16.87766743935914
-16.877337714210487
-16.87667287675972
-16.875519004322783
-16.873289845005743
-16.86952568126876
-16.862010102097784
-16.849605643044292
-16.82315656866757
-16.781794981933295
-16.681828473063838
-16.54537948458509
-16.11785424278125
-15.708123307858312
-13.442162777482638
-12.727194951948302
4.148934903848732
-1.1164631886336698
217.98041972829589