445.62563906473264
6.296673283588808
18.196207058917675
-15.8205316133248
-17.108611218252342
-21.68549888955183
-22.49359684904492
-23.358109408811806
-23.631610880221647
-23.83406335979712
-23.917530672514445
-23.971176532553855
-23.996289377174527
-24.01154642023435
-24.019179529176675
-24.023713508142208
-24.02607240140172
-24.02746157433831
-24.0282033540838
-24.02863911910557
-24.028876276064913
-24.029015630800664
-24.029092562126536
-24.029137748074973
-24.02916281070403
-24.029177235550414
-24.029184744057382
-24.029188069859998
-24.02918806988534
-24.029184743997476
-24.029177235557547
-24.029162810737265
-24.029137748069772
-24.029092562135247
-24.02901563077522
-24.028876276081277
-24.02863911909248
-24.028203354103155
-24.02746157435195
-24.026072401364345
-24.02371350817118
-24.01917952912801
-24.0115464202785
-23.996289377202427
-23.971176532528506
-23.917530672528926
-23.834063359754047
-23.631610880247095
-23.35810940885592
-22.493596849013343
-21.685498889537097
-17.1086112182294
-15.820531613352358
18.196207058957814
6.296673283534869
445.6256390647643
44.629871486556866
9.357720460568224
7.872604507181693
3.269678528676338
0.9487601529670717
0.05936327641190356
-0.6887486155679755
-0.9178859438070961
-1.1268833731091976
-1.194243271972192
-1.252350131860685
-1.2731093786688965
-1.28968847801289
-1.296206226779792
-1.301082037505734
-1.3031519345844407
-1.3046261083888075
-1.305290327690937
-1.3057468195852575
-1.3059622392583468
-1.3061065380303734
-1.3061771460091889
-1.306223552157527
-1.306246869589195
-1.3062618893103761
-1.3062694299280428
-1.3062739099195109
-1.3062756609610175
-1.3062756609592376
-1.3062739099214642
-1.3062694299273843
-1.3062618893083724
-1.306246869591442
-1.306223552154729
-1.3061771460104898
-1.3061065380276804
-1.3059622392593204
-1.3057468195870217
-1.305290327688271
-1.3046261083917199
-1.3031519345839442
-1.3010820375043322
-1.2962062267826546
-1.2896884780088675
-1.2731093786704557
-1.2523501318569876
-1.194243271973502
-1.1268833731072596
-0.9178859438077496
-0.6887486155670056
0.0593632764130719
0.9487601529635888
3.269678528675086
7.872604507180553
9.357720460561191
44.6298714865534
11.625565415706394
2.2751233424365127
4.289367645774343
1.7698959138583892
1.697214111322122
0.9994287540084397
0.8842568745632875
0.6826618038905237
0.6347452588445439
0.5753017289056823
0.5584387453322741
0.540661277571803
0.5349891834350766
0.5295979582288641
0.5277151462112017
0.5260560407964763
0.5254324318982055
0.5249141458824383
0.5247070810676466
0.5245427494682049
0.5244736653563609
0.5244208111739572
0.524397647899879
0.5243804601456235
0.5243727257648942
0.5243672310388736
0.5243648764450737
0.5243636087203296
0.5243636087202268
0.5243648764457146
0.524367231038767
0.5243727257639916
0.5243804601464954
0.5243976478993233
0.5244208111745892
0.5244736653562908
0.5245427494685106
0.5247070810681984
0.5249141458813782
0.5254324318996503
0.5260560407951032
0.5277151462126157
0.5295979582287613
0.5349891834346147
0.5406612775727044
0.5584387453324364
0.5753017289053555
0.6347452588449467
0.6826618038888339
0.8842568745645696
0.9994287540055
1.6972141113255432
1.7698959138557684
4.289367645772593
2.2751233424379165
11.625565415703242
-7.5618254323739205
0.7561802153418274
1.0488597394988974
1.2630254046231
1.132286141300288
1.0780405965672957
0.9826307517392966
0.9523752582563212
0.9124959215640431
0.9006208215747151
0.8863520876623403
0.8820648912359389
0.8772579036685284
0.8757596148500514
0.8741794596224404
0.8736634991583543
0.8731484419357111
0.8729719136803333
0.8728040742547503
0.872743803587335
0.8726888762180187
0.8726682983442471
0.8726502102773468
0.872643199672859
0.8726372490986805
0.872634932860338
0.872633139039424
0.8726325952174694
0.8726325952180258
0.8726331390379811
0.8726349328605406
0.8726372490996843
0.8726431996724789
0.8726502102771954
0.8726682983434209
0.8726888762188885
0.8727438035864594
0.8728040742551458
0.872971913680271
0.8731484419352065
0.8736634991591121
0.8741794596205559
0.8757596148512852
0.8772579036695844
0.8820648912352103
0.8863520876640425
0.900620821573076
0.9124959215649451
0.9523752582565512
0.982630751739255
1.0780405965670399
1.1322861412996028
1.2630254046240148
1.0488597394975523
0.7561802153418776
-7.5618254323746275
-14.374453346366654
-0.09914920993615636
-0.12744166103571158
0.8020472682201161
0.8883168681175008
0.9594523922994138
0.9756846999917119
0.9720504855449627
0.9724216862402068
0.9668165114240137
0.9657112036111679
0.9630191987910417
0.9623771896284294
0.9613171075091855
0.9610419036823552
0.9606558884835419
0.96054984299067
0.9604145222276496
0.9603756139820888
0.9603290806806133
0.9603151697772004
0.9602993101123636
0.9602944185421782
0.9602890405938977
0.9602873578676343
0.9602855864763467
0.9602850667573811
0.9602846509546559
0.9602846509553253
0.9602850667560453
0.9602855864765223
0.9602873578682267
0.9602890405939601
0.9602944185426789
0.9602993101115598
0.960315169777993
0.9603290806798637
0.9603756139825229
0.9604145222280742
0.9605498429898918
0.9606558884841853
0.9610419036804452
0.9613171075110931
0.9623771896283297
0.9630191987914434
0.9657112036114374
0.9668165114232763
0.9724216862404602
0.972050485545311
0.9756846999917808
0.9594523922988505
0.8883168681174285
0.8020472682204156
-0.12744166103589377
-0.0991492099356901
-14.374453346367918
-17.87982181858212
-0.46090513632797114
-0.7817532928341184
0.5992451535627308
0.7124435883764024
0.8967385856451195
0.9360369708645014
0.9681566808209408
0.9769591641212725
0.9832910279496769
0.9847716659000657
0.9860647027953506
0.9861720996976145
0.9864305222410186
0.9863703537434338
0.9864177725056343
0.9863743452542724
0.9863811852915736
0.9863610260600417
0.986361201149673
0.9863530799987346
0.986352649692453
0.986349586911256
0.986349338301381
0.986348232434552
0.9863481341793405
0.9863477799229838
0.9863477558842396
0.9863477558834777
0.9863477799232785
0.98634813417927
0.9863482324344994
0.9863493383018215
0.9863495869111528
0.986352649692336
0.9863530799980648
0.9863612011496574
0.9863610260597085
0.9863811852925686
0.9863743452535498
0.9864177725056716
0.98637035374353
0.9864305222414698
0.9861720996970831
0.9860647027960543
0.9847716658995437
0.9832910279503115
0.9769591641206292
0.9681566808214103
0.9360369708646488
0.8967385856459711
0.7124435883761134
0.5992451535629604
-0.7817532928333313
-0.4609051363276736
-17.879821818582574
-19.48904299555913
-0.6497520882330021
-1.0864775036091525
0.4819820547118262
0.6266457443781156
0.8520426517224443
0.9132164856583902
0.9570282180952105
0.9751041980026456
0.9850276550323027
0.9899733116204472
0.9923699581819829
0.9937065676487424
0.9942988166429264
0.9946636788654654
0.9948108732666225
0.9949124835717896
0.9949490206843885
0.9949780651322437
0.9949870968784823
0.9949956600035985
0.9949978783147441
0.9950004927785656
0.9950010308527466
0.995001853387441
0.9950019793311635
0.9950022232737644
0.9950022458084506
0.9950022458075612
0.9950022232738267
0.995001979331217
0.99500185338724
0.9950010308526149
0.9950004927785613
0.99499787831431
0.9949956600037826
0.9949870968779869
0.9949780651325675
0.9949490206847411
0.9949124835715917
0.9948108732665548
0.9946636788653929
0.9942988166433593
0.9937065676480764
0.9923699581828351
0.9899733116199032
0.9850276550330195
0.9751041980019325
0.9570282180950758
0.9132164856588696
0.8520426517226407
0.6266457443776927
0.481982054711685
-1.0864775036094376
-0.6497520882331128
-19.489042995558208
-20.311264931734534
-0.7421054536368312
-1.2472169442810919
0.42357666951796635
0.5777596066835866
0.8285061093817963
0.8977639305475194
0.9500075817855463
0.9715258067453133
0.9845128961451293
0.9907078270867415
0.9942221707305945
0.9959807525385338
0.9969743476841064
0.9974759031837135
0.9977649488665353
0.9979096604430191
0.997995774920157
0.9980381622733574
0.9980644188033667
0.9980770524079976
0.9980852497233024
0.9980890841326578
0.9980916998476961
0.9980928759695333
0.9980937057368677
0.9980940416610216
0.9980942330491813
0.9980942330497533
0.9980940416599343
0.9980937057375607
0.9980928759699343
0.9980916998465825
0.9980890841333212
0.9980852497225389
0.9980770524087328
0.9980644188019578
0.9980381622736963
0.9979957749202579
0.9979096604425319
0.9977649488674081
0.9974759031825726
0.996974347685226
0.9959807525381692
0.9942221707305767
0.990707827086756
0.9845128961449466
0.9715258067453318
0.9500075817858473
0.8977639305485283
0.8285061093813826
0.5777596066831727
0.42357666951862216
-1.2472169442817127
-0.7421054536357374
-20.311264931734634
-20.720022076481833
-0.7901833423667712
-1.3281638281063042
0.3919680223376464
0.5525013828915615
0.8148771374310281
0.8892904285391378
0.9452521502839784
0.9691363092386679
0.9834374823209278
0.9905859747800169
0.9945665445170198
0.9966886163448729
0.9978436613774243
0.9984793763195824
0.9988227887955232
0.9990159922282424
0.9991199586176827
0.9991796419024246
0.9992116311426986
0.999230390515119
0.9992403880136052
0.9992463873524062
0.99924955212845
0.9992514878068314
0.9992524758001549
0.9992530531337498
0.9992532775117189
0.9992532775119392
0.9992530531330088
0.9992524758007246
0.9992514878074907
0.9992495521273101
0.9992463873528392
0.9992403880135634
0.9992303905150639
0.9992116311422075
0.9991796419021627
0.9991199586182755
0.9990159922280324
0.9988227887966254
0.998479376318621
0.9978436613775495
0.9966886163451659
0.9945665445163088
0.9905859747810041
0.9834374823202527
0.9691363092389341
0.9452521502844837
0.8892904285392371
0.8148771374312879
0.5525013828911802
0.39196802233817124
-1.3281638281079662
-0.7901833423660973
-20.720022076481264
-20.93114227373129
-0.8148362322554414
-1.3707141367866202
0.37554772436199046
0.538765713200898
0.8075894262038956
0.8843816413052408
0.9425415841265464
0.9675251511646916
0.9826652659095563
0.9902551583140384
0.9945604677611808
0.9968488694142146
0.9981276942966026
0.9988235289869609
0.9992131808886697
0.9994274201077539
0.9995483609863367
0.999615205930541
0.9996533481128262
0.9996744853456097
0.9996866965135758
0.9996934645861919
0.9996974214711081
0.9996995965133519
0.9997008588392678
0.9997015028346271
0.9997017938603745
0.999701793860233
0.9997015028344638
0.9997008588398403
0.9996995965128084
0.9996974214708907
0.9996934645863531
0.9996866965141586
0.9996744853457242
0.9996533481128727
0.9996152059307022
0.9995483609867608
0.9994274201079649
0.9992131808887894
0.9988235289866895
0.9981276942969746
0.9968488694138454
0.9945604677615318
0.9902551583147301
0.9826652659093665
0.9675251511647758
0.9425415841259712
0.8843816413051373
0.8075894262037707
0.5387657132007753
0.3755477243617369
-1.370714136787705
-0.8148362322548364
-20.931142273731773
-21.03966086118258
-0.8277723620757229
-1.3928190979216466
0.3667662647658273
0.5315101888832436
0.8035681832657043
0.8817048430108998
0.9409543394452549
0.9665827007052065
0.9821366593758518
0.989999471467075
0.9944645613193324
0.9968626423673892
0.9982020519220332
0.9989405589392983
0.9993525817880791
0.9995830262713585
0.9997120079970341
0.9997848942601288
0.9998258533786648
0.9998492130606613
0.9998623863231673
0.9998699645540063
0.9998742405496406
0.9998767065020024
0.9998780690355125
0.9998788068340827
0.9998791202510391
0.9998791202512299
0.9998788068335245
0.999878069036366
0.9998767065013976
0.9998742405499204
0.9998699645543592
0.9998623863230973
0.9998492130604901
0.999825853378491
0.999784894260789
0.9997120079973156
0.9995830262715313
0.9993525817873978
0.9989405589391803
0.9982020519229173
0.9968626423670216
0.9944645613197796
0.9899994714663164
0.9821366593760473
0.9665827007053625
0.940954339444817
0.881704843011903
0.8035681832650352
0.531510188883318
0.36676626476529695
-1.3928190979222053
-0.827772362076155
-21.039660861184302
-21.096350140412028
-0.8345460957612503
-1.4045007701243808
0.3621238652567188
0.5276050067568542
0.8014046449600405
0.8802184503998638
0.9400715760489798
0.9660271575343815
0.9818189923008935
0.9898210163913574
0.9943821508009238
0.9968363945444776
0.9982141718837608
0.9989745497761309
0.9994016033571869
0.9996403166544745
0.9997750715495339
0.9998510016817921
0.9998941408492222
0.9999185931717277
0.9999325787147968
0.9999405391750471
0.9999451139825972
0.9999477090545688
0.9999491770508386
0.9999499536937053
0.9999502929720478
0.9999502929716164
0.9999499536931364
0.9999491770507817
0.9999477090546454
0.999945113982948
0.9999405391749097
0.9999325787150941
0.9999185931711556
0.9998941408502346
0.9998510016817743
0.999775071549522
0.999640316653865
0.9994016033563866
0.9989745497762588
0.9982141718838051
0.996836394545785
0.9943821508006394
0.9898210163909109
0.9818189923005614
0.9660271575339714
0.9400715760493468
0.8802184503992829
0.8014046449589424
0.5276050067562811
0.36212386525644663
-1.4045007701242316
-0.8345460957619253
-21.096350140410586
-21.125997364140794
-0.838129297527987
-1.4106626431754847
0.3596409403380929
0.5255213303418496
0.8002273884403545
0.8794098448826282
0.9395766305994114
0.9657138850061551
0.9816296837559143
0.9897111780750317
0.9943226464621504
0.9968100967927085
0.9982081047450124
0.99898196425992
0.9994169776838293
0.9996610379814044
0.9997988507179754
0.9998768593612168
0.9999211454214667
0.999946392145226
0.9999607976849757
0.999969057343213
0.9999737818448522
0.9999764870836072
0.9999780055970837
0.9999788183237104
0.9999791695151566
0.9999791695146982
0.9999788183240332
0.9999780055968919
0.9999764870837888
0.9999737818448784
0.999969057342329
0.9999607976849474
0.9999463921447828
0.9999211454213888
0.999876859360951
0.9997988507171641
0.9996610379817281
0.9994169776833006
0.99898196425995
0.9982081047449572
0.9968100967933332
0.9943226464616051
0.9897111780750751
0.981629683755797
0.9657138850057059
0.9395766305993256
0.8794098448823875
0.8002273884403088
0.525521330342557
0.35964094033849164
-1.4106626431742115
-0.8381292975270669
-21.12599736413549
-21.14162750069821
-0.8400271283915557
-1.41393877467641
0.3583164886971095
0.5244008691801584
0.7995921471564212
0.8789671887934838
0.939304237220746
0.9655370446792947
0.9815214315357901
0.9896450171760546
0.9942850217134278
0.9967902010015428
0.9982000227450446
0.9989811387052171
0.9994209642002114
0.9996679218272153
0.9998076582050981
0.9998867968164902
0.9999318380494242
0.9999575154982666
0.999972212644456
0.9999806326473435
0.9999854677379494
0.9999882306946233
0.9999897891355156
0.999990620240724
0.9999909813441191
0.9999909813445824
0.9999906202411535
0.9999897891353462
0.9999882306947123
0.9999854677379205
0.9999806326475481
0.9999722126444507
0.9999575154989411
0.9999318380495212
0.999886796816783
0.9998076582042115
0.9996679218281644
0.9994209642002885
0.9989811387049232
0.9982000227446348
0.996790201001031
0.9942850217140489
0.989645017176371
0.9815214315362497
0.9655370446791045
0.9393042372202793
0.8789671887938012
0.7995921471561982
0.5244008691821334
0.3583164886956862
-1.4139387746758687
-0.8400271283929397
-21.141627500697737
-21.149887485063896
-0.841037656603151
-1.41568222071253
0.3576061727877189
0.5237996618591905
0.799247815098624
0.8787266474547608
0.9391540010366669
0.9654388933904827
0.9814598318566885
0.9896067250178378
0.9942620459501432
0.9967772438301425
0.9981934616121557
0.9989787809905569
0.9994212354523183
0.9996699209537349
0.9998107167547312
0.9998905522498374
0.9999360115808273
0.9999619651576233
0.9999768237958151
0.9999853513188053
0.9999902472276916
0.9999930509027068
0.9999946309918182
0.9999954756995748
0.9999958421045013
0.999995842104686
0.9999954757001317
0.9999946309911536
0.9999930509025474
0.9999902472274227
0.9999853513188888
0.9999768237963249
0.9999619651582465
0.9999360115814224
0.9998905522496708
0.9998107167542509
0.9996699209543034
0.99942123545227
0.9989787809906239
0.9981934616114945
0.9967772438306006
0.9942620459506532
0.9896067250184486
0.9814598318574203
0.9654388933900102
0.9391540010368784
0.8787266474541229
0.7992478150992463
0.5237996618594216
0.35760617278718854
-1.415682220713654
-0.8410376566048182
-21.149887485067488
-21.154272961253014
-0.8415767490615877
-1.4166140022032758
0.35722518669924175
0.5234758616976982
0.7990616568255233
0.8785956233427838
0.9390717414375975
0.9653844583486588
0.9814253508465366
0.9895847761962189
0.9942485789693096
0.9967692068907099
0.998189030406824
0.9989766489994177
0.9994206175938865
0.9996702572955467
0.9998116787057405
0.9998919024488597
0.9999376158938929
0.9999637243167949
0.9999786844193472
0.9999872723855179
0.9999922079785202
0.9999950344766722
0.9999966292604905
0.9999974815403689
0.9999978516489944
0.9999978516489937
0.9999974815408335
0.9999966292596687
0.9999950344768345
0.9999922079792141
0.9999872723852903
0.999978684418668
0.9999637243158416
0.9999376158941087
0.9998919024484244
0.9998116787058449
0.9996702572951628
0.9994206175942625
0.998976648999355
0.9981890304068122
0.9967692068912826
0.9942485789693449
0.9895847761956622
0.981425350846087
0.9653844583488894
0.9390717414384991
0.8785956233428254
0.7990616568260248
0.5234758616975086
0.3572251866994248
-1.4166140022037557
-0.8415767490619996
-21.15427296125523
-21.156606862857643
-0.8418652664877472
-1.41711275569345
0.3570202372644198
0.5233014714887225
0.7989607961498885
0.878524439954048
0.9390266797520467
0.9653544825297089
0.9814061137313375
0.9895723997923811
0.9942407971326317
0.9967644353535432
0.9981862280273835
0.9989751413225949
0.9994199445214192
0.9996701316601863
0.9998119012774744
0.9998923526589552
0.9999382088433242
0.9999644103546064
0.9999794278712543
0.9999880532248199
0.9999930113672444
0.9999958524289607
0.9999974555646161
0.9999983128144931
0.9999986850237146
0.9999986850242024
0.9999983128137697
0.99999745556444
0.9999958524285255
0.9999930113680632
0.9999880532250969
0.9999794278709209
0.9999644103544405
0.9999382088434909
0.9998923526593152
0.9998119012775597
0.9996701316595418
0.9994199445212111
0.998975141322076
0.998186228027961
0.9967644353531234
0.9942407971330611
0.9895723997912695
0.9814061137311507
0.9653544825299167
0.9390266797512516
0.8785244399542345
0.7989607961489333
0.523301471489026
0.3570202372643083
-1.4171127556929646
-0.8418652664865485
-21.156606862857988
-21.15785272982326
-0.8420199575046325
-1.4173804346518517
0.356909889301655
0.5232073489388482
0.7989061794623515
0.8784857243172676
0.9390020676467173
0.9653379905170705
0.9813954596632116
0.9895654585857552
0.9942363764649333
0.9967616549102962
0.9981845403280167
0.9989741648584771
0.9994194377348972
0.9996699283870774
0.9998118972315029
0.999892476046549
0.9999384154798976
0.9999646695881359
0.9999797213307537
0.9999883679751499
0.9999933398909594
0.9999961892899454
0.9999977976531972
0.999998657754559
0.9999990313028824
0.9999990313030742
0.9999986577551105
0.9999977976532726
0.999996189289506
0.9999933398910783
0.9999883679750671
0.999979721330521
0.9999646695872182
0.9999384154801345
0.999892476046738
0.9998118972317707
0.999669928387522
0.9994194377350283
0.9989741648587965
0.9981845403276491
0.9967616549100236
0.994236376465009
0.989565458584872
0.9813954596635246
0.9653379905174263
0.9390020676467625
0.8784857243169606
0.798906179463146
0.5232073489391527
0.3569098893024491
-1.4173804346517103
-0.8420199575014955
-21.157852729821272
-21.15851915140093
-0.8421030777861827
-1.4175243145428111
0.35685036457552816
0.5231565159878636
0.7988765669952853
0.8784646837191588
0.9389886233794125
0.9653289455558205
0.9813895717947685
0.9895615952459342
0.9942338836126483
0.9967600639179092
0.9981835475526156
0.9989735672538209
0.9994190993377654
0.999669760767903
0.9998118405593543
0.9998924921484126
0.9999384783830018
0.9999647630439411
0.9999798342054993
0.9999884934573147
0.9999934732512425
0.9999963276881205
0.9999979390597796
0.9999988009158178
0.999999175236332
0.9999991752360101
0.9999988009161777
0.9999979390598055
0.9999963276887096
0.9999934732508898
0.9999884934574916
0.9999798342062902
0.9999647630439552
0.9999384783832153
0.999892492148786
0.9998118405591653
0.9996697607680838
0.9994190993379477
0.9989735672538265
0.998183547552079
0.9967600639177197
0.9942338836125774
0.9895615952467515
0.981389571794659
0.9653289455562208
0.938988623379388
0.8784646837189252
0.798876566996312
0.5231565159870252
0.3568503645764035
-1.4175243145425598
-0.8421030777848842
-21.158519151400853
-21.15887640504784
-0.8421478102826139
-1.417601794836283
0.3568182226683212
0.5231290234955885
0.7988605082629734
0.8784532411183199
0.9389812879253749
0.9653239880005757
0.9813863292846854
0.9895594518142792
0.9942324892973433
0.9967591619053635
0.9981829751066589
0.9989732119804866
0.9994188882511279
0.9996696442784736
0.9998117865009868
0.9998924787547534
0.9999384916802763
0.9999647935709091
0.9999798759782692
0.9999885424034778
0.9999935268360558
0.999996384162494
0.9999979973344167
0.9999988602031971
0.9999992349900652
0.9999992349907714
0.9999988602028904
0.999997997334857
0.9999963841631148
0.9999935268353216
0.9999885424040464
0.9999798759783463
0.9999647935716638
0.9999384916795694
0.999892478754719
0.9998117864998601
0.9996696442788099
0.999418888251772
0.9989732119805406
0.9981829751067797
0.9967591619052897
0.9942324892973214
0.9895594518147225
0.9813863292845424
0.9653239880009004
0.9389812879245915
0.8784532411185747
0.7988605082625257
0.5231290234956285
0.3568182226680862
-1.4176017948367834
-0.8421478102844151
-21.15887640504667
-21.15906824503218
-0.842171922455679
-1.4176435736163857
0.35680084363193054
0.5231141427806347
0.7988517920577146
0.8784470185988297
0.938977285217646
0.9653212746316194
0.9813845459725796
0.9895582671719029
0.994231712675048
0.9967586550162604
0.9981826487089407
0.9989730054492547
0.9994187612102765
0.9996695699185838
0.999811746823088
0.9998924619645273
0.9999384898437879
0.9999648015512117
0.9999798903147541
0.9999885608831403
0.9999935479600662
0.9999964069794187
0.999998021185923
0.9999988846534952
0.9999992597111843
0.9999992597104457
0.9999988846539212
0.9999980211858235
0.9999964069792253
0.9999935479600759
0.999988560882483
0.999979890315035
0.9999648015501609
0.9999384898435604
0.9998924619641145
0.9998117468231507
0.9996695699187813
0.9994187612099383
0.9989730054503402
0.9981826487084848
0.996758655015672
0.9942317126748998
0.9895582671714114
0.9813845459734775
0.9653212746302773
0.9389772852175508
0.8784470185998969
0.7988517920585361
0.5231141427802047
0.3568008436310677
-1.4176435736159068
-0.8421719224571955
-21.159068245032422
-21.15917142636256
-0.8421849357142052
-1.4176661315161407
0.35679143844469113
0.5231060803642664
0.7988470593394945
0.8784436332109219
0.9389751020225192
0.9653197901602122
0.9813835669545256
0.9895576137260103
0.9942312819669064
0.9967583716394393
0.9981824644192637
0.9989728869863042
0.9994186866919517
0.9996695245171912
0.9998117207557506
0.9998924486405474
0.9999384849366428
0.9999648021554923
0.999979894535471
0.9999885674511342
0.9999935560502284
0.9999964160374505
0.9999980308455971
0.999998894657331
0.9999992698742629
0.9999992698727929
0.9999988946588108
0.9999980308444686
0.9999964160362942
0.999993556051377
0.9999885674504335
0.9999798945377139
0.999964802154923
0.999938484938802
0.9998924486406443
0.9998117207555862
0.9996695245177788
0.9994186866904364
0.9989728869879295
0.9981824644186361
0.9967583716390733
0.9942312819668809
0.9895576137255975
0.9813835669556521
0.965319790158435
0.9389751020223288
0.8784436332099774
0.7988470593399186
0.5231060803622152
0.3567914384431531
-1.4176661315166732
-0.8421849357174396
-21.15917142636189
-21.159226985875105
-0.8421919658624255
-1.4176783217754396
0.35678634465887155
0.5231017099663753
0.7988444884934125
0.8784417914662888
0.9389739114018679
0.9653189787415515
0.9813830300559827
0.9895572541227611
0.9942310437600241
0.9967582140095639
0.9981823610294045
0.9989728197930319
0.9994186436806773
0.9996694976214626
0.9998117045663215
0.9998924395600777
0.9999384805515981
0.9999648008713447
0.9999798952857516
0.9999885695341686
0.9999935589968381
0.9999964195377563
0.9999980346894006
0.9999988987023226
0.9999992740088157
0.9999992740090683
0.9999988987026012
0.9999980346898121
0.9999964195381092
0.9999935589972037
0.9999885695334816
0.9999798952862298
0.9999648008709066
0.9999384805521114
0.9998924395601798
0.9998117045665457
0.9996694976220355
0.9994186436798238
0.9989728197936019
0.9981823610294513
0.9967582140097903
0.9942310437595507
0.9895572541224769
0.9813830300562227
0.9653189787415675
0.9389739114023321
0.8784417914669302
0.7988444884932638
0.5231017099674311
0.35678634465836734
-1.4176783217739906
-0.8421919658645209
-21.159226985876145
-21.159256912128164
-0.8421957639252335
-1.4176849097964275
0.35678358646422814
0.5230993414044816
0.7988430927693138
0.8784407901177784
0.938973262802868
0.9653185357609055
0.9813827361986402
0.98955705666987
0.9942309124738108
0.9967581266896155
0.9981823033979039
0.9989727819961058
0.9994186191866459
0.9996694820050209
0.9998116948760721
0.9998924338089972
0.9999384774174986
0.9999647994679013
0.9999798950256318
0.999988570022136
0.999993559975718
0.9999964208297569
0.9999980361799408
0.9999989003058828
0.9999992756638858
0.9999992756648777
0.9999989003051432
0.9999980361795189
0.9999964208307818
0.9999935599756633
0.9999885700223852
0.9999798950255797
0.9999647994680418
0.9999384774181163
0.9998924338088668
0.9998116948756839
0.999669482004289
0.99941861918681
0.9989727819956038
0.9981823033977446
0.9967581266904955
0.9942309124738264
0.9895570566703065
0.981382736198191
0.9653185357604901
0.9389732628035103
0.8784407901170848
0.7988430927686436
0.5230993414040623
0.35678358646367025
-1.41768490979549
-0.8421957639261021
-21.15925691212597
-21.159272991491534
-0.8421978103518335
-1.4176884603832962
0.3567820972650494
0.5230980616604692
0.7988423374327172
0.8784402475695847
0.9389729107496346
0.965318294902884
0.9813825760519969
0.9895569487945871
0.9942308405089277
0.9967580786402038
0.9981822715161746
0.9989727609454641
0.9994186054117657
0.9996694731008309
0.9998116892289233
0.9998924303359191
0.9999384753912248
0.9999647984035137
0.999979894596224
0.999988570013115
0.9999935602397487
0.9999964212720088
0.9999980367328676
0.9999989009222461
0.9999992763106069
0.9999992763101304
0.9999989009231368
0.9999980367318837
0.9999964212720291
0.9999935602396237
0.9999885700125568
0.9999798945967578
0.9999647984031055
0.999938475391446
0.9998924303350235
0.9998116892282076
0.9996694731007274
0.9994186054117837
0.9989727609461125
0.9981822715147746
0.9967580786408279
0.9942308405084607
0.9895569487948569
0.9813825760521049
0.965318294902755
0.9389729107496729
0.8784402475685766
0.7988423374331177
0.5230980616607237
0.35678209726578614
-1.4176884603809494
-0.8421978103498706
-21.15927299148717
-21.159281529919426
-0.8421988997455419
-1.41769035095702
0.3567813030794648
0.5230973787290103
0.7988419338058937
0.8784399573425717
0.9389727221525017
0.9653181656774521
0.9813824899734416
0.9895568906867378
0.9942308016456932
0.9967580526085833
0.9981822541739476
0.9989727494324203
0.9994185978238632
0.9996694681442728
0.9998116860380857
0.9998924283243749
0.9999384741686683
0.999964797704839
0.9999798942464789
0.9999885698937129
0.9999935602711179
0.9999964214026198
0.9999980369230412
0.9999989011488546
0.9999992765537518
0.9999992765539187
0.9999989011506578
0.999998036922839
0.9999964214013368
0.9999935602716721
0.9999885698938202
0.9999798942471542
0.9999647977045423
0.9999384741688084
0.999892428324382
0.9998116860381415
0.9996694681453184
0.9994185978236909
0.9989727494334111
0.9981822541718837
0.9967580526068501
0.9942308016463075
0.9895568906856407
0.9813824899744565
0.965318165677148
0.9389727221509888
0.8784399573431105
0.7988419338057555
0.5230973787312577
0.3567813030772261
-1.417690350955294
-0.8421988997461298
-21.15928152992504
-21.159285862706724
-0.8421994536942826
-1.4176913124766397
0.35678089864718154
0.5230970307784812
0.798841727931126
0.87843980919009
0.9389726257650443
0.9653180995578544
0.9813824458660259
0.9895568608637424
0.9942307816595359
0.9967580391893547
0.9981822452059199
0.9989727434568803
0.9994185938641303
0.9996694655404492
0.999811684343384
0.9998924272398837
0.9999384734911992
0.9999647972994823
0.9999798940222916
0.9999885697895483
0.9999935602468053
0.9999964214282093
0.9999980369811139
0.999998901226441
0.9999992766398627
0.9999992766409116
0.9999989012271031
0.9999980369806942
0.9999964214273875
0.9999935602470111
0.9999885697902042
0.999979894023189
0.9999647972994954
0.9999384734922467
0.9998924272405367
0.999811684343145
0.9996694655410521
0.999418593864828
0.9989727434572284
0.9981822452049294
0.9967580391887871
0.9942307816604671
0.9895568608634557
0.9813824458669593
0.9653180995576992
0.9389726257641469
0.8784398091890258
0.7988417279305866
0.523097030778342
0.3567808986465176
-1.4176913124777928
-0.8421994536938161
-21.159285862716096
-21.159287676770962
-0.8421996859486758
-1.4176917156627993
0.35678072891276247
0.5230968846986104
0.7988416414350343
0.8784397469107156
0.9389725852145547
0.965318071720479
0.9813824272794746
0.9895568482827333
0.9942307732181126
0.9967580335113131
0.9981822414051373
0.9989727409176732
0.9994185921761032
0.9996694644252784
0.9998116836127253
0.9998924267683653
0.9999384731920968
0.9999647971172475
0.9999798939169373
0.9999885697351434
0.9999935602256067
0.9999964214280789
0.9999980369957053
0.9999989012496642
0.9999992766659345
0.9999992766671599
0.9999989012486614
0.9999980369960595
0.9999964214289254
0.9999935602252932
0.9999885697347356
0.9999798939162861
0.9999647971159562
0.9999384731925511
0.9998924267680919
0.9998116836122218
0.9996694644253687
0.9994185921774643
0.998972740916892
0.9981822414043597
0.9967580335125765
0.9942307732159313
0.9895568482833197
0.9813824272775791
0.9653180717220766
0.9389725852159769
0.8784397469102979
0.7988416414368433
0.5230968846979995
0.35678072891612705
-1.4176917156630764
-0.8421996859465584
-21.159287676772085
-21.159287676770617
-0.8421996859475678
-1.4176917156624769
0.3567807289128394
0.5230968846996875
0.7988416414352801
0.8784397469109522
0.9389725852144348
0.9653180717215266
0.9813824272800897
0.9895568482827455
0.9942307732176856
0.9967580335105256
0.9981822414056489
0.9989727409179572
0.999418592176951
0.9996694644260049
0.9998116836133466
0.9998924267680316
0.9999384731925068
0.9999647971169099
0.9999798939169304
0.9999885697342323
0.9999935602250083
0.999996421428824
0.9999980369967194
0.9999989012501154
0.9999992766657546
0.999999276666489
0.999998901248623
0.9999980369963015
0.9999964214286559
0.9999935602253096
0.9999885697353423
0.9999798939163499
0.9999647971168951
0.999938473193154
0.9998924267680938
0.9998116836126989
0.999669464424848
0.999418592177315
0.9989727409172803
0.9981822414049275
0.9967580335113856
0.9942307732170033
0.9895568482832844
0.9813824272789211
0.9653180717230296
0.9389725852143171
0.8784397469107839
0.7988416414350277
0.5230968846995626
0.35678072891387613
-1.4176917156604338
-0.8421996859473121
-21.159287676764155
-21.1592858627198
-0.8421994536919425
-1.4176913124777957
0.35678089864651347
0.5230970307790843
0.7988417279299436
0.8784398091888183
0.9389726257639484
0.9653180995577464
0.9813824458664888
0.9895568608632113
0.9942307816592124
0.996758039188241
0.9981822452060343
0.9989727434564013
0.9994185938646287
0.9996694655405589
0.9998116843433534
0.9998924272402198
0.9999384734921086
0.9999647973003105
0.9999798940229786
0.9999885697895844
0.9999935602465944
0.99999642142848
0.9999980369817176
0.9999989012262922
0.9999992766399457
0.9999992766397411
0.9999989012273984
0.9999980369818924
0.9999964214272337
0.9999935602470127
0.9999885697891941
0.9999798940226885
0.9999647972996017
0.9999384734913705
0.9998924272394529
0.9998116843426028
0.999669465541205
0.999418593864291
0.9989727434587337
0.9981822452051385
0.9967580391875001
0.9942307816604646
0.9895568608632396
0.9813824458682321
0.9653180995580972
0.9389726257633974
0.8784398091896582
0.7988417279311939
0.5230970307795704
0.3567808986469562
-1.417691312476328
-0.8421994536927482
-21.15928586271242
-21.159281529919763
-0.8421988997407809
-1.4176903509554473
0.35678130307996914
0.5230973787291706
0.79884193380577
0.8784399573425064
0.9389727221530194
0.9653181656769343
0.9813824899736514
0.9895568906861218
0.9942308016460428
0.9967580526085928
0.9981822541734482
0.9989727494319307
0.9994185978238755
0.9996694681441934
0.9998116860381042
0.9998924283248052
0.9999384741681896
0.9999647977048101
0.9999798942457025
0.9999885698938136
0.9999935602712456
0.9999964214021813
0.9999980369228045
0.999998901148397
0.9999992765543542
0.9999992765536991
0.9999989011507335
0.9999980369223076
0.9999964214014165
0.9999935602723748
0.9999885698925339
0.9999798942476122
0.9999647977042255
0.9999384741691837
0.9998924283245613
0.9998116860379829
0.9996694681460214
0.9994185978235626
0.9989727494336089
0.9981822541711971
0.996758052608258
0.9942308016464072
0.9895568906862331
0.9813824899747905
0.9653181656760543
0.9389727221526178
0.8784399573422581
0.798841933807205
0.5230973787288062
0.35678130307930234
-1.4176903509585124
-0.8421988997451862
-21.15928152992508
-21.159272991473117
-0.8421978103507808
-1.4176884603807487
0.35678209726592813
0.5230980616609213
0.7988423374328422
0.8784402475701536
0.9389729107502347
0.9653182949030819
0.9813825760516324
0.9895569487945132
0.9942308405097695
0.9967580786409
0.998182271515708
0.9989727609452141
0.9994186054119878
0.999669473100796
0.9998116892293014
0.9998924303355341
0.9999384753913528
0.9999647984025457
0.999979894595773
0.9999885700132256
0.999993560240205
0.9999964212724792
0.999998036731837
0.9999989009228265
0.9999992763106379
0.9999992763111372
0.9999989009226526
0.9999980367313536
0.9999964212722589
0.9999935602400938
0.9999885700129078
0.9999798945975102
0.9999647984032345
0.9999384753924732
0.9998924303361385
0.9998116892294295
0.9996694731009856
0.9994186054114258
0.9989727609453787
0.9981822715151236
0.9967580786417594
0.9942308405087363
0.9895569487953738
0.9813825760515758
0.9653182949022858
0.9389729107497222
0.8784402475699693
0.7988423374316851
0.5230980616598695
0.35678209726424315
-1.4176884603806945
-0.8421978103529352
-21.15927299147466
-21.15925691212803
-0.8421957639284006
-1.4176849097956157
0.3567835864635698
0.5230993414048891
0.7988430927688996
0.8784407901171432
0.938973262802407
0.9653185357606329
0.9813827361984708
0.989557056669682
0.9942309124739146
0.9967581266898506
0.9981823033981458
0.9989727819956296
0.9994186191857378
0.9996694820048326
0.9998116948755409
0.9998924338090881
0.9999384774173394
0.999964799468281
0.999979895025771
0.9999885700228551
0.9999935599756337
0.9999964208300407
0.9999980361797651
0.9999989003055794
0.9999992756635891
0.9999992756646668
0.9999989003049587
0.9999980361798555
0.9999964208302808
0.9999935599755457
0.9999885700222891
0.9999798950251908
0.9999647994675762
0.9999384774173656
0.9998924338083675
0.9998116948756419
0.9996694820048675
0.9994186191865542
0.998972781994899
0.9981823033982866
0.9967581266899284
0.9942309124732072
0.9895570566689655
0.9813827361978784
0.9653185357601406
0.938973262803419
0.8784407901176134
0.7988430927690218
0.5230993414041447
0.3567835864636727
-1.4176849097966644
-0.8421957639292725
-21.159256912126438
-21.159226985890143
-0.8421919658642001
-1.4176783217769642
0.35678634465845893
0.5231017099670199
0.7988444884940973
0.8784417914665483
0.9389739114026749
0.965318978742188
0.9813830300564538
0.9895572541222857
0.9942310437595632
0.9967582140090856
0.9981823610298101
0.9989728197932957
0.9994186436807516
0.9996694976222398
0.9998117045663983
0.9998924395604518
0.9999384805509302
0.9999648008715447
0.9999798952849948
0.9999885695338231
0.9999935589960736
0.9999964195374114
0.9999980346902195
0.9999988987019508
0.9999992740093404
0.9999992740079812
0.9999988987026841
0.9999980346901837
0.9999964195370786
0.999993558997236
0.9999885695331165
0.9999798952866921
0.9999648008708664
0.99993848055224
0.9998924395600464
0.9998117045665196
0.9996694976218969
0.9994186436785242
0.9989728197940245
0.9981823610301666
0.9967582140094491
0.994231043760044
0.9895572541220083
0.9813830300579767
0.9653189787407723
0.9389739114024506
0.8784417914650997
0.7988444884942116
0.5231017099651787
0.3567863446590361
-1.4176783217759086
-0.8421919658632294
-21.15922698588803
-21.159171426360427
-0.8421849357174609
-1.4176661315168737
0.3567914384430101
0.5231060803634591
0.7988470593388826
0.8784436332103391
0.9389751020214758
0.965319790159474
0.9813835669540182
0.989557613726424
0.9942312819664063
0.9967583716396053
0.9981824644191151
0.9989728869864505
0.9994186866918567
0.9996695245164868
0.9998117207558281
0.9998924486399883
0.9999384849373735
0.9999648021558585
0.9999798945362324
0.9999885674512832
0.9999935560502429
0.9999964160374682
0.9999980308444946
0.9999988946573656
0.999999269874073
0.9999992698734883
0.9999988946596279
0.9999980308445015
0.9999964160369423
0.9999935560513202
0.9999885674506961
0.999979894536819
0.9999648021547838
0.9999384849384141
0.9998924486399484
0.9998117207557258
0.9996695245166725
0.9994186866911552
0.9989728869880246
0.9981824644184834
0.996758371638705
0.99423128196673
0.9895576137254603
0.9813835669557848
0.9653197901591823
0.9389751020215436
0.8784436332116117
0.798847059338694
0.5231060803648147
0.35679143844271044
-1.4176661315138066
-0.8421849357174651
-21.159171426358107
-21.15906824502862
-0.8421719224587957
-1.4176435736181423
0.3568008436307701
0.5231141427799149
0.7988517920578433
0.8784470185994107
0.9389772852178268
0.9653212746313871
0.9813845459722226
0.9895582671725565
0.9942317126744584
0.9967586550164647
0.9981826487081966
0.9989730054504063
0.9994187612104147
0.9996695699183913
0.9998117468222385
0.9998924619640746
0.9999384898437016
0.9999648015506734
0.9999798903145944
0.999988560882949
0.9999935479603235
0.9999964069794555
0.999998021185511
0.9999988846541812
0.9999992597109539
0.9999992597105786
0.9999988846532626
0.999998021185175
0.9999964069800434
0.999993547959751
0.9999885608830003
0.9999798903145269
0.9999648015517545
0.9999384898439396
0.9998924619648071
0.9998117468227062
0.9996695699180249
0.9994187612103984
0.998973005449056
0.9981826487085033
0.9967586550153134
0.9942317126754171
0.9895582671717937
0.9813845459729476
0.9653212746306709
0.9389772852177093
0.878447018599418
0.7988517920569673
0.5231141427810878
0.3568008436305875
-1.4176435736159467
-0.8421719224583282
-21.15906824503079
-21.158876405056127
-0.84214781028185
-1.4176017948373665
0.3568182226690143
0.5231290234953561
0.7988605082634215
0.8784532411185693
0.9389812879257791
0.9653239880009183
0.981386329284954
0.9895594518144184
0.9942324892975304
0.9967591619054741
0.9981829751066718
0.9989732119809147
0.9994188882510378
0.999669644279197
0.9998117865007945
0.9998924787550749
0.9999384916796303
0.9999647935714064
0.9999798759784163
0.9999885424036109
0.9999935268360387
0.9999963841623839
0.9999979973353391
0.9999988602024601
0.9999992349900745
0.9999992349901975
0.9999988602027458
0.9999979973346212
0.9999963841625501
0.9999935268350959
0.999988542403927
0.9999798759783278
0.9999647935717113
0.9999384916797645
0.9998924787545391
0.9998117864996579
0.9996696442787326
0.9994188882520965
0.9989732119805852
0.9981829751066796
0.9967591619053489
0.9942324892973359
0.9895594518148978
0.981386329284387
0.9653239880000871
0.9389812879251791
0.8784532411165579
0.7988605082636575
0.5231290234943997
0.3568182226701394
-1.4176017948389432
-0.842147810281856
-21.15887640505707
-21.158519151387612
-0.8421030777814642
-1.4175243145421892
0.3568503645764843
0.5231565159880293
0.7988765669946412
0.8784646837190986
0.9389886233786181
0.9653289455563037
0.9813895717940815
0.9895615952460939
0.9942338836124818
0.9967600639181211
0.9981835475527481
0.9989735672533306
0.9994190993374032
0.9996697607678642
0.9998118405598974
0.9998924921490251
0.9999384783835572
0.9999647630438873
0.9999798342061621
0.9999884934577978
0.9999934732511676
0.9999963276884387
0.9999979390600866
0.999998800915801
0.999999175236228
0.99999917523624
0.999998800916475
0.9999979390603546
0.9999963276885462
0.999993473250953
0.9999884934579089
0.999979834205998
0.9999647630430915
0.9999384783826597
0.9998924921471437
0.9998118405594885
0.99966976076753
0.9994190993381338
0.9989735672537473
0.9981835475523138
0.9967600639175749
0.9942338836125652
0.9895615952462589
0.9813895717936556
0.965328945556681
0.938988623378688
0.8784646837206953
0.7988765669968249
0.523156515989467
0.3568503645758727
-1.4175243145414993
-0.842103077784798
-21.158519151392035
-21.157852729805413
-0.8420199575009096
-1.4173804346505672
0.35690988930195944
0.5232073489389615
0.7989061794623338
0.8784857243178574
0.9390020676467363
0.9653379905169094
0.9813954596622616
0.9895654585856605
0.9942363764640064
0.9967616549105403
0.9981845403275063
0.9989741648580955
0.9994194377347012
0.9996699283872283
0.9998118972322079
0.9998924760466259
0.999938415479301
0.999964669586739
0.9999797213299368
0.999988367974908
0.9999933398907711
0.999996189289794
0.9999977976528636
0.9999986577549453
0.9999990313028733
0.9999990313030882
0.9999986577548511
0.9999977976524692
0.9999961892887002
0.9999933398911578
0.9999883679759403
0.9999797213304249
0.9999646695879938
0.9999384154798671
0.9998924760469929
0.9998118972321355
0.9996699283874149
0.9994194377350079
0.9989741648575664
0.9981845403283215
0.9967616549103965
0.9942363764665789
0.9895654585850715
0.9813954596639255
0.9653379905175916
0.9390020676471545
0.8784857243181747
0.7989061794623589
0.5232073489382745
0.35690988930099354
-1.417380434652071
-0.84201995750166
-21.157852729814028
-21.15660686287673
-0.8418652664859665
-1.4171127556962118
0.35702023726452115
0.5233014714878799
0.7989607961488585
0.878524439953174
0.9390266797515222
0.9653544825288812
0.9814061137313072
0.9895723997924915
0.9942407971330076
0.9967644353538019
0.9981862280271294
0.9989751413226133
0.999419944521031
0.9996701316601491
0.9998119012769497
0.99989235265868
0.9999382088431568
0.9999644103554008
0.999979427871988
0.9999880532255858
0.9999930113676179
0.9999958524284336
0.9999974555647309
0.999998312813769
0.9999986850240344
0.9999986850240736
0.9999983128145331
0.9999974555648271
0.9999958524288955
0.9999930113689925
0.9999880532247138
0.999979427870696
0.9999644103539091
0.9999382088432675
0.999892352659604
0.9998119012772239
0.9996701316602041
0.9994199445210257
0.9989751413224075
0.9981862280273608
0.9967644353535856
0.9942407971327155
0.9895723997916298
0.9814061137317767
0.9653544825295894
0.9390266797536175
0.8785244399535803
0.7989607961508987
0.5233014714878017
0.35702023726785503
-1.4171127556936385
-0.8418652664808037
-21.156606862874618
-21.15427296126351
-0.8415767490646882
-1.4166140022066078
0.35722518669771747
0.5234758616985095
0.7990616568253484
0.878595623343347
0.9390717414374343
0.9653844583490618
0.9814253508476146
0.9895847761963714
0.9942485789692506
0.9967692068896341
0.9981890304068706
0.998976649000282
0.999420617594819
0.9996702572951849
0.9998116787054715
0.9998919024483881
0.999937615894823
0.9999637243166507
0.9999786844189987
0.9999872723845262
0.9999922079782866
0.9999950344763189
0.9999966292607552
0.9999974815411836
0.9999978516488593
0.9999978516483479
0.9999974815408665
0.9999966292601662
0.9999950344776253
0.9999922079791337
0.9999872723840159
0.9999786844191323
0.9999637243155832
0.99993761589545
0.9998919024483033
0.9998116787055773
0.9996702572951351
0.9994206175935305
0.9989766489998211
0.9981890304068837
0.9967692068909171
0.9942485789684369
0.989584776196476
0.9814253508464204
0.965384458348843
0.9390717414370922
0.878595623341978
0.7990616568247705
0.5234758616986441
0.3572251866984254
-1.4166140022034974
-0.8415767490628028
-21.154272961254332
-21.149887485071183
-0.8410376566039347
-1.415682220712133
0.35760617278588813
0.5237996618601817
0.7992478150985332
0.8787266474548354
0.9391540010366409
0.9654388933904858
0.9814598318572956
0.989606725017934
0.994262045950513
0.996777243829775
0.998193461611907
0.998978780990297
0.9994212354524892
0.9996699209536409
0.9998107167550447
0.9998905522503758
0.9999360115814501
0.999961965158372
0.9999768237960405
0.9999853513189743
0.9999902472276982
0.9999930509032007
0.9999946309920151
0.9999954756996698
0.9999958421041919
0.9999958421049154
0.9999954757001707
0.9999946309913765
0.9999930509022865
0.9999902472269688
0.9999853513182235
0.9999768237959624
0.9999619651582381
0.9999360115807912
0.9998905522491637
0.9998107167535211
0.9996699209542732
0.9994212354523423
0.9989787809905595
0.9981934616117765
0.9967772438298197
0.9942620459504536
0.9896067250182061
0.9814598318569179
0.965438893390266
0.9391540010352366
0.8787266474544031
0.7992478150980813
0.523799661860141
0.35760617278596585
-1.4156822207128972
-0.8410376566036408
-21.149887485066884
-21.14162750070455
-0.8400271283862095
-1.4139387746742718
0.3583164886987752
0.5244008691803304
0.7995921471560985
0.8789671887928652
0.9393042372213345
0.965537044678306
0.9815214315359836
0.9896450171749465
0.9942850217146604
0.9967902010021159
0.9982000227451361
0.9989811387043707
0.9994209641998055
0.9996679218271407
0.9998076582049154
0.9998867968166091
0.9999318380486063
0.9999575154980571
0.9999722126441404
0.9999806326473599
0.9999854677384684
0.9999882306946524
0.9999897891352725
0.9999906202400153
0.9999909813447748
0.9999909813449142
0.9999906202410151
0.9999897891355687
0.9999882306943717
0.9999854677392044
0.999980632647225
0.9999722126455188
0.9999575154982164
0.9999318380493011
0.9998867968172334
0.9998076582050545
0.9996679218287391
0.9994209641994121
0.9989811387052057
0.9982000227444177
0.9967902010016949
0.9942850217141666
0.989645017175889
0.981521431535598
0.9655370446785384
0.9393042372212277
0.8789671887936916
0.7995921471577672
0.5244008691784985
0.3583164886974677
-1.413938774679655
-0.8400271283888157
-21.141627500715572
-21.125997364113893
-0.8381292975297726
-1.4106626431721507
0.3596409403367145
0.5255213303424878
0.800227388440178
0.8794098448832395
0.9395766305997635
0.9657138850060711
0.981629683755866
0.9897111780741978
0.9943226464621867
0.9968100967926123
0.9982081047453368
0.9989819642596385
0.999416977683643
0.9996610379813776
0.9997988507180372
0.9998768593602994
0.9999211454200494
0.9999463921438173
0.9999607976841071
0.9999690573423525
0.9999737818441503
0.9999764870830936
0.9999780055957492
0.9999788183235814
0.9999791695150979
0.9999791695149423
0.9999788183235298
0.9999780055958181
0.9999764870835057
0.9999737818447538
0.9999690573429343
0.9999607976858114
0.9999463921446776
0.9999211454226372
0.9998768593615719
0.9997988507184898
0.9996610379816333
0.9994169776829588
0.998981964259432
0.9982081047447824
0.9968100967944034
0.9943226464619342
0.9897111780754578
0.9816296837552618
0.9657138850065824
0.9395766305991038
0.8794098448825086
0.8002273884393314
0.5255213303408142
0.3596409403359518
-1.4106626431749447
-0.8381292975318606
-21.125997364117076
-21.09635014041462
-0.8345460957639393
-1.4045007701228127
0.3621238652551801
0.5276050067574001
0.8014046449591745
0.880218450398899
0.9400715760478717
0.9660271575339106
0.9818189923003875
0.9898210163915127
0.9943821508007349
0.9968363945446047
0.998214171883799
0.9989745497760327
0.9994016033569799
0.9996403166543628
0.9997750715493172
0.9998510016812532
0.9998941408499082
0.9999185931727136
0.9999325787155601
0.9999405391752968
0.999945113982101
0.9999477090546822
0.9999491770506335
0.9999499536938261
0.9999502929718227
0.9999502929719712
0.9999499536932802
0.9999491770517634
0.9999477090552606
0.9999451139818751
0.9999405391748359
0.9999325787139146
0.9999185931709329
0.9998941408487404
0.9998510016812959
0.999775071548967
0.999640316653932
0.9994016033570701
0.9989745497758387
0.9982141718851998
0.9968363945440306
0.9943821508002829
0.9898210163904557
0.9818189923005013
0.9660271575345749
0.940071576048459
0.8802184504005999
0.8014046449597952
0.5276050067582418
0.3621238652559062
-1.4045007701209142
-0.834546095760429
-21.09635014040863
-21.039660861196865
-0.8277723620735167
-1.3928190979226747
0.366766264767478
0.5315101888825877
0.8035681832666454
0.8817048430107721
0.9409543394460183
0.9665827007049377
0.9821366593767312
0.989999471467197
0.9944645613190071
0.9968626423668678
0.9982020519220873
0.9989405589395846
0.9993525817882206
0.9995830262716279
0.9997120079969597
0.9997848942599783
0.999825853378667
0.9998492130607766
0.9998623863224132
0.9998699645530251
0.9998742405494555
0.999876706502193
0.9998780690367806
0.9998788068339652
0.9998791202514097
0.9998791202502179
0.9998788068333793
0.9998780690352183
0.9998767065017888
0.9998742405495464
0.9998699645541578
0.9998623863227447
0.9998492130605978
0.9998258533784045
0.9997848942602203
0.9997120079959572
0.9995830262711707
0.9993525817871268
0.9989405589389684
0.9982020519222076
0.9968626423667628
0.9944645613197938
0.9899994714667395
0.9821366593764687
0.966582700704352
0.940954339445498
0.8817048430095124
0.8035681832665997
0.5315101888815119
0.3667662647666674
-1.392819097923649
-0.8277723620754999
-21.039660861190427
-20.931142273724706
-0.8148362322544045
-1.370714136787908
0.37554772436134676
0.5387657131998052
0.8075894262032578
0.8843816413052992
0.9425415841263789
0.9675251511648069
0.982665265909537
0.9902551583146064
0.9945604677611324
0.996848869414031
0.9981276942959376
0.9988235289868137
0.9992131808889357
0.9994274201074274
0.9995483609868511
0.99961520593117
0.9996533481138845
0.999674485345966
0.9996866965140561
0.9996934645867551
0.9996974214723635
0.9996995965135919
0.9997008588385318
0.9997015028349594
0.9997017938604392
0.9997017938602508
0.9997015028346954
0.9997008588394771
0.9996995965137914
0.9996974214705356
0.9996934645863829
0.9996866965139142
0.9996744853456248
0.9996533481128974
0.9996152059302814
0.9995483609871345
0.9994274201075664
0.9992131808897875
0.9988235289866403
0.9981276942967074
0.9968488694147797
0.994560467760683
0.9902551583149666
0.9826652659088053
0.9675251511643912
0.9425415841262086
0.8843816413057335
0.8075894262036267
0.5387657132009258
0.3755477243611274
-1.370714136786321
-0.8148362322561569
-20.931142273726984
-20.720022076478287
-0.7901833423678881
-1.3281638281027042
0.39196802233729744
0.5525013828912063
0.8148771374311861
0.8892904285395176
0.945252150283979
0.9691363092394558
0.9834374823205255
0.990585974779916
0.9945665445167875
0.9966886163452857
0.9978436613777066
0.9984793763194992
0.9988227887947909
0.9990159922280751
0.9991199586177875
0.9991796419020775
0.999211631142383
0.9992303905152036
0.9992403880141704
0.99924638735245
0.9992495521288407
0.999251487806773
0.9992524758006072
0.9992530531340684
0.999253277511337
0.9992532775125211
0.999253053133215
0.9992524758008972
0.9992514878077723
0.9992495521269928
0.9992463873542263
0.9992403880120188
0.9992303905161283
0.9992116311414003
0.9991796419030871
0.9991199586184112
0.9990159922276367
0.9988227887974457
0.9984793763174946
0.9978436613781463
0.9966886163447094
0.9945665445172411
0.9905859747801529
0.9834374823199522
0.9691363092391347
0.9452521502839102
0.8892904285400116
0.8148771374307713
0.552501382891921
0.391968022336579
-1.3281638281028822
-0.7901833423679459
-20.720022076478827
-20.31126493174756
-0.7421054536351877
-1.2472169442832004
0.423576669518832
0.5777596066837476
0.8285061093826701
0.8977639305475817
0.9500075817862284
0.9715258067455135
0.984512896145499
0.9907078270862524
0.9942221707307248
0.9959807525387088
0.9969743476844668
0.9974759031840582
0.9977649488661329
0.9979096604441724
0.9979957749200252
0.9980381622735988
0.9980644188023693
0.9980770524074198
0.9980852497226256
0.9980890841321058
0.9980916998470667
0.9980928759684928
0.9980937057366861
0.9980940416602304
0.998094233048689
0.9980942330491439
0.9980940416595591
0.9980937057378085
0.9980928759687475
0.9980916998467495
0.9980890841333566
0.9980852497231669
0.9980770524096676
0.9980644188021665
0.9980381622744481
0.9979957749201273
0.9979096604434866
0.9977649488659639
0.9974759031825968
0.9969743476854263
0.9959807525381384
0.9942221707315866
0.9907078270867749
0.9845128961468994
0.9715258067452829
0.9500075817861214
0.8977639305470639
0.8285061093827024
0.5777596066819528
0.4235766695190344
-1.2472169442834402
-0.7421054536324833
-20.311264931753247
-19.489042995550793
-0.649752088235886
-1.0864775036073397
0.4819820547122352
0.6266457443779786
0.8520426517220667
0.913216485657778
0.9570282180942677
0.9751041980022259
0.9850276550316585
0.9899733116207016
0.9923699581818124
0.9937065676486752
0.9942988166428957
0.9946636788650798
0.9948108732662568
0.9949124835708942
0.9949490206839235
0.9949780651317273
0.9949870968787101
0.994995660004208
0.9949978783153948
0.9950004927795462
0.9950010308528229
0.9950018533880912
0.9950019793308593
0.9950022232734831
0.9950022458088004
0.9950022458080866
0.9950022232746838
0.9950019793309788
0.9950018533878944
0.9950010308536512
0.9950004927791243
0.9949978783147504
0.9949956600022856
0.9949870968779857
0.9949780651316396
0.9949490206848146
0.9949124835708978
0.9948108732660004
0.9946636788651535
0.9942988166427744
0.9937065676483068
0.9923699581826819
0.9899733116193614
0.9850276550321788
0.9751041980017314
0.9570282180953322
0.9132164856596396
0.8520426517235925
0.6266457443797655
0.4819820547111685
-1.0864775036085796
-0.6497520882349188
-19.48904299555376
-17.879821818564473
-0.46090513632992547
-0.781753292834776
0.5992451535620914
0.7124435883760587
0.896738585645165
0.9360369708656422
0.968156680821799
0.9769591641219819
0.9832910279493766
0.9847716659005668
0.9860647027951845
0.986172099697753
0.9864305222405184
0.986370353743607
0.9864177725070072
0.9863743452545155
0.9863811852924564
0.9863610260596636
0.9863612011502059
0.9863530799985236
0.9863526496916837
0.9863495869112591
0.9863493383012281
0.9863482324352402
0.9863481341786665
0.9863477799240412
0.9863477558843646
0.9863477558838931
0.9863477799232139
0.9863481341782332
0.9863482324355912
0.9863493383018288
0.9863495869118726
0.9863526496914001
0.9863530799984841
0.9863612011498537
0.986361026060462
0.9863811852925661
0.9863743452529559
0.9864177725063166
0.9863703537426849
0.9864305222421883
0.9861720996980363
0.9860647027958751
0.984771665901266
0.9832910279492951
0.9769591641213123
0.9681566808209352
0.9360369708654641
0.8967385856438973
0.712443588375886
0.5992451535619363
-0.7817532928326296
-0.4609051363268606
-17.87982181856566
-14.374453346382257
-0.09914920993624392
-0.12744166103948198
0.8020472682188944
0.8883168681166117
0.9594523922992833
0.9756846999913664
0.9720504855447667
0.9724216862396512
0.9668165114254174
0.9657112036113372
0.9630191987920385
0.9623771896277791
0.9613171075093376
0.9610419036829339
0.9606558884833309
0.9605498429905965
0.9604145222276941
0.9603756139824691
0.9603290806811546
0.9603151697776404
0.9602993101130328
0.960294418542601
0.9602890405945237
0.9602873578665697
0.9602855864763233
0.9602850667572249
0.960284650954375
0.9602846509553371
0.9602850667552407
0.960285586477975
0.9602873578683079
0.9602890405937958
0.9602944185408556
0.9602993101106161
0.9603151697772468
0.9603290806788116
0.9603756139825377
0.9604145222277135
0.960549842990426
0.9606558884841794
0.9610419036803337
0.961317107510825
0.9623771896282045
0.9630191987902008
0.9657112036108857
0.9668165114224383
0.9724216862404196
0.9720504855452712
0.9756846999903821
0.9594523922992113
0.8883168681163675
0.8020472682232451
-0.12744166103955734
-0.09914920992981263
-14.374453346376601
-7.561825432384715
0.7561802153426054
1.0488597394968786
1.2630254046226785
1.1322861413022576
1.078040596566607
0.9826307517394861
0.9523752582550639
0.9124959215644706
0.9006208215753062
0.8863520876618531
0.8820648912361504
0.8772579036676897
0.8757596148512673
0.8741794596229011
0.8736634991579844
0.8731484419355309
0.8729719136791549
0.8728040742541927
0.8727438035874342
0.8726888762176028
0.8726682983448644
0.8726502102764302
0.8726431996728496
0.8726372490987205
0.8726349328622554
0.8726331390391776
0.8726325952181868
0.8726325952173228
0.8726331390381452
0.8726349328615415
0.8726372490993646
0.8726431996716059
0.8726502102765382
0.8726682983440863
0.872688876218646
0.8727438035875403
0.8728040742550051
0.8729719136806593
0.8731484419351103
0.8736634991576167
0.8741794596213692
0.8757596148506679
0.8772579036687393
0.8820648912349267
0.8863520876633941
0.9006208215728636
0.9124959215652657
0.9523752582544094
0.9826307517393668
1.0780405965672948
1.1322861413003005
1.2630254046252638
1.048859739498891
0.7561802153467225
-7.561825432379635
11.625565415728488
2.2751233424321384
4.2893676457779115
1.7698959138585328
1.6972141113226327
0.9994287540079811
0.8842568745631738
0.6826618038902308
0.6347452588443798
0.5753017289041673
0.5584387453317436
0.5406612775709257
0.5349891834352128
0.52959795822853
0.5277151462111025
0.5260560407965108
0.5254324318985282
0.5249141458826383
0.5247070810673646
0.5245427494680553
0.5244736653555524
0.5244208111741006
0.5243976478989609
0.5243804601457136
0.524372725765212
0.524367231038525
0.5243648764445443
0.5243636087198144
0.5243636087198229
0.5243648764451453
0.5243672310388217
0.5243727257627409
0.5243804601451084
0.5243976478996283
0.5244208111749171
0.5244736653570081
0.524542749468106
0.5247070810679545
0.524914145882218
0.5254324318996929
0.5260560407947623
0.5277151462139
0.529597958228296
0.5349891834346183
0.540661277573091
0.5584387453328831
0.5753017289075395
0.634745258845026
0.6826618038890642
0.8842568745634255
0.9994287540078375
1.6972141113232102
1.769895913852933
4.289367645774705
2.2751233424314226
11.625565415726614
44.62987148655819
9.357720460570366
7.872604507179777
3.2696785286793055
0.9487601529656695
0.05936327641117137
-0.6887486155693631
-0.9178859438064104
-1.1268833731107482
-1.1942432719736145
-1.2523501318609025
-1.2731093786696381
-1.2896884780129259
-1.2962062267796086
-1.3010820375068217
-1.3031519345817466
-1.3046261083904656
-1.305290327690519
-1.3057468195843123
-1.3059622392596582
-1.306106538028208
-1.306177146012069
-1.3062235521556
-1.3062468695890246
-1.3062618893093993
-1.3062694299266493
-1.306273909921229
-1.3062756609587889
-1.3062756609603388
-1.306273909922023
-1.3062694299262585
-1.3062618893087479
-1.3062468695875595
-1.3062235521567649
-1.3061771460108513
-1.3061065380263357
-1.3059622392609262
-1.3057468195860493
-1.3052903276927232
-1.3046261083928121
-1.3031519345826492
-1.3010820375059682
-1.296206226782767
-1.289688478008577
-1.2731093786702536
-1.2523501318580201
-1.194243271973899
-1.1268833731090169
-0.9178859438030565
-0.6887486155687436
0.059363276413091096
0.9487601529618078
3.26967852867695
7.872604507175193
9.357720460563108
44.62987148653905
445.6256390647303
6.296673283588791
18.19620705892001
-15.82053161332575
-17.108611218251276
-21.685498889550257
-22.493596849045687
-23.358109408812403
-23.63161088021984
-23.834063359795973
-23.917530672515323
-23.971176532559728
-23.99628937717099
-24.01154642023303
-24.019179529177215
-24.02371350814546
-24.026072401400373
-24.02746157433682
-24.028203354083814
-24.028639119110917
-24.028876276064963
-24.02901563079447
-24.029092562128643
-24.029137748078107
-24.029162810706044
-24.029177235541866
-24.02918474405679
-24.029188069862286
-24.029188069887113
-24.029184743994673
-24.029177235553796
-24.02916281074281
-24.029137748069214
-24.029092562133204
-24.029015630776627
-24.02887627607374
-24.02863911910243
-24.028203354093108
-24.02746157435628
-24.02607240136595
-24.02371350816892
-24.019179529141738
-24.011546420262754
-23.99628937721106
-23.971176532521262
-23.917530672540035
-23.83406335974899
-23.63161088023734
-23.35810940886443
-22.493596849022314
-21.68549888954119
-17.108611218219636
-15.820531613349885
18.196207058941795
6.296673283544235
445.6256390647708