-1.4054339369197713
0.47716950067585706
0.6001445216949173
0.5466093003789699
0.48224240053422573
0.4452672658153798
0.42332077494375353
0.4110429109754069
0.40408005773356953
0.40013910843297107
0.3979013932432367
0.3966452846474622
0.3959747524010555
0.3956835734089529
0.3956835734089076
0.3959747524023829
0.3966452846490177
0.39790139324286855
0.40013910843151157
0.4040800577332893
0.41104291097412604
0.4233207749441313
0.4452672658180711
0.48224240053540424
0.5466093003789404
0.6001445216926671
0.4771695006739587
-1.405433936918429
0.01909248856717006
-0.11250364794751783
-0.16215388616164203
-0.18648848527677758
-0.2070269828440125
-0.21960685086539516
-0.22762717692155643
-0.2324366078282366
-0.23531491439640478
-0.23701514043953142
-0.2380126387065103
-0.23858656141821843
-0.23889832826203408
-0.2390351495657865
-0.23903514956557753
-0.23889832826164045
-0.23858656141790813
-0.23801263870652778
-0.2370151404398826
-0.2353149143965646
-0.2324366078284434
-0.22762717692169265
-0.21960685086485165
-0.20702698284388085
-0.1864884852761899
-0.16215388616290893
-0.11250364794653266
0.01909248856779048
0.13672039478850995
-0.05475382286107258
-0.08027309272204323
-0.08617903440254895
-0.08943483565993407
-0.09198571582366744
-0.09395638271733206
-0.09535158270563718
-0.09629608064620492
-0.09691016649173681
-0.09729785172782934
-0.09753362617397193
-0.0976668454292284
-0.09772671989771119
-0.09772671989766261
-0.09766684542914272
-0.09753362617389699
-0.09729785172781108
-0.0969101664918051
-0.09629608064633194
-0.09535158270568572
-0.09395638271734529
-0.09198571582352494
-0.08943483565981228
-0.08617903440255731
-0.08027309272240044
-0.05475382286070893
0.13672039478841908
0.127123927672176
-0.035114922713583574
-0.046341103509256125
-0.043599992601833656
-0.039596961704939995
-0.03762703961910156
-0.03667694553515383
-0.036301921773721206
-0.036181210182265014
-0.036165618724713765
-0.03618497950560867
-0.036209927987348664
-0.03622926737319775
-0.03623938213929813
-0.036239382139301814
-0.036229267373231164
-0.03620992798736866
-0.03618497950559005
-0.03616561872465347
-0.036181210182285296
-0.03630192177372958
-0.036676945535078775
-0.037627039619078706
-0.039596961704905224
-0.043599992601886864
-0.04634110350941091
-0.03511492271341017
0.1271239276720205
0.11760833928563982
-0.02958305478143701
-0.035578495208830815
-0.029300579569818845
-0.02240201115962963
-0.018495793230460036
-0.016216321235582223
-0.014981153865033434
-0.014311602621665025
-0.013953990230595575
-0.01376404646114334
-0.013664660500518695
-0.01361493290321858
-0.013594332235148568
-0.013594332235167771
-0.013614932903309125
-0.013664660500572974
-0.013764046461164343
-0.013953990230534678
-0.01431160262160221
-0.014981153864918675
-0.016216321235599428
-0.018495793230604338
-0.02240201115971349
-0.02930057956980431
-0.035578495208753794
-0.029583054781157803
0.1176083392854399
0.11357022938277408
-0.027931103634899195
-0.03213105877085999
-0.024494072828819494
-0.016476187882839256
-0.011772771457750362
-0.008916612695835876
-0.007286570615563841
-0.00635158805715795
-0.005820377641760167
-0.005519572064141437
-0.00535191715291833
-0.005263200466430222
-0.0052249507954325
-0.005224950795429473
-0.0052632004665075505
-0.005351917152993385
-0.005519572064156361
-0.005820377641697959
-0.00635158805706197
-0.007286570615530832
-0.008916612695901511
-0.011772771457875891
-0.016476187882928026
-0.024494072828803566
-0.03213105877082877
-0.027931103634735506
0.11357022938259931
0.11207949338581513
-0.027396820943248926
-0.03097510064773134
-0.022828608863824953
-0.014383675249985003
-0.00935978936629931
-0.006261265543943868
-0.0044570792526848185
-0.003399637365676972
-0.002784850397948932
-0.0024285916149586655
-0.0022256522456840094
-0.0021162644897346444
-0.002068503459106124
-0.0020685034590848103
-0.0021162644897013815
-0.0022256522456599375
-0.0024285916149692248
-0.002784850397986613
-0.0033996373656863246
-0.004457079252634678
-0.006261265543870426
-0.009359789366229568
-0.014383675249857477
-0.022828608863909864
-0.030975100647893716
-0.0273968209435101
0.11207949338593515
0.11154817035838614
-0.027211500733209052
-0.030569024570563832
-0.022232542975429877
-0.01362501075221031
-0.008473892225269758
-0.005275469880946066
-0.0033965343380109965
-0.0022844581354599667
-0.0016309818557631573
-0.0012481778354452387
-0.001027852622051639
-0.0009080469418234818
-0.0008554222170786518
-0.0008554222170345806
-0.0009080469417050957
-0.001027852621958111
-0.001248177835468205
-0.0016309818558963769
-0.0022844581355507838
-0.0033965343380631657
-0.005275469880928731
-0.008473892225181311
-0.013625010752169457
-0.022232542975455905
-0.03056902457064991
-0.02721150073313909
0.11154817035844199
0.11135966759325275
-0.02714356875301767
-0.030420563775341053
-0.022012926722921683
-0.013343231805002421
-0.008141844976162844
-0.004902697021780366
-0.0029922379486189855
-0.001856351904174419
-0.0011854721648767554
-0.0007903763817758362
-0.0005617961397665052
-0.0004369458787343296
-0.00038193617226622986
-0.0003819361722893544
-0.00043694587878787786
-0.0005617961397518322
-0.0007903763817840389
-0.001185472164834227
-0.0018563519040363458
-0.0029922379486410286
-0.004902697021763525
-0.008141844976138594
-0.013343231804880628
-0.022012926723006476
-0.030420563775473843
-0.02714356875326243
0.11135966759321918
0.1112923981903636
-0.027117611272144418
-0.03036450410255899
-0.021929977417495267
-0.01323634453445646
-0.008015098427956634
-0.004759436563518775
-0.0028358294965734575
-0.0016897331596010083
-0.0010111864250060038
-0.0006105395774240636
-0.00037815021314909695
-0.00025093274620100484
-0.0001947917315018563
-0.00019479173162289355
-0.00025093274631528094
-0.00037815021317356615
-0.0006105395774494691
-0.0010111864249508157
-0.0016897331595434044
-0.0028358294965955023
-0.004759436563673458
-0.008015098428079837
-0.013236344534525402
-0.02192997741756908
-0.030364504102377624
-0.02711761127165888
0.11129239819027095
0.11126816771698342
-0.027107392789216672
-0.030342797635528863
-0.021898000412230688
-0.013195071112841503
-0.007965958457096084
-0.00470361289754267
-0.002774558836172789
-0.0016241327535482237
-0.0009422599072805258
-0.0005391537010133487
-0.00030504565027408284
-0.00017674476715823207
-0.00012008123615054524
-0.00012008123616613938
-0.00017674476718487097
-0.0003050456502118466
-0.0005391537010488318
-0.0009422599073371119
-0.001624132753467328
-0.0027745588361123294
-0.004703612897496995
-0.007965958457056334
-0.013195071112801864
-0.021898000412286116
-0.03034279763561181
-0.027107392789394384
0.11126816771698403
0.111259361004413
-0.02710329703710002
-0.030334251642455044
-0.02188549601019361
-0.013178932228650034
-0.007946697022593947
-0.004681651381236367
-0.002750354418426802
-0.0015981106864470383
-0.0009148148154141816
-0.0005106377881218995
-0.00027576993768375295
-0.00014698438541602252
-0.00009008532982109971
-0.00009008532981359026
-0.0001469843852891648
-0.0002757699375872587
-0.000510637788194054
-0.0009148148154532271
-0.0015981106864037102
-0.0027503544184296087
-0.00468165138129552
-0.007946697022488632
-0.013178932228481766
-0.02188549601030565
-0.030334251642504008
-0.027103297037047183
0.11125936100448852
0.11125617033711581
-0.027101665455429504
-0.030330903045262245
-0.021880631657197946
-0.013172659842711501
-0.007939201113785762
-0.004673082757382125
-0.0027408812080419566
-0.0015878930499045756
-0.0009040055140982444
-0.0004993769942053903
-0.0002641848880189146
-0.0001351905420724446
-0.00007818941420158933
-0.0000781894142035902
-0.0001351905420021699
-0.0002641848879451522
-0.0004993769942881233
-0.0009040055142367945
-0.0015878930498914854
-0.0027408812081287943
-0.00467308275741714
-0.007939201113755887
-0.013172659842659827
-0.02188063165724304
-0.030330903045412513
-0.02710166545559735
0.11125617033703585
0.11125512863809195
-0.027101091753973697
-0.030329739902602834
-0.021878951639553442
-0.013170495757554392
-0.007936613230060504
-0.004670119792745935
-0.002737598689107763
-0.0015843447738861601
-0.000900243823615781
-0.0004954508857962722
-0.00026013971876910483
-0.00013106821610679492
-0.0000740292155043113
-0.00007402921561304289
-0.00013106821614044959
-0.00026013971877391685
-0.000495450885847557
-0.0009002438235468813
-0.0015843447737102223
-0.002737598689100645
-0.004670119792815964
-0.007936613230018198
-0.013170495757467988
-0.021878951639639807
-0.030329739902703337
-0.027101091753988917
0.11125512863807684
0.11125512863887746
-0.027101091754328257
-0.030329739902694972
-0.021878951639544283
-0.013170495757566413
-0.007936613230112386
-0.0046701197928199194
-0.0027375986892141093
-0.0015843447740096716
-0.0009002438236613008
-0.0004954508857542975
-0.0002601397187431577
-0.00013106821613838762
-0.00007402921566337405
-0.00007402921579031024
-0.00013106821622764785
-0.0002601397187701167
-0.0004954508857579784
-0.000900243823557603
-0.001584344773832963
-0.002737598689302711
-0.00467011979299237
-0.007936613230171346
-0.013170495757619196
-0.021878951639597126
-0.030329739902519033
-0.027101091753643926
0.11125512863876985
0.1112561703379783
-0.027101665455392415
-0.030330903045255563
-0.021880631657172425
-0.013172659842718797
-0.007939201113957198
-0.004673082757669833
-0.0027408812083133663
-0.0015878930500408985
-0.0009040055141090809
-0.0004993769941668101
-0.00026418488795654736
-0.00013519054211469372
-0.00007818941441150535
-0.00007818941442808974
-0.00013519054210751912
-0.00026418488789049316
-0.0004993769942283168
-0.0009040055142058385
-0.0015878930499983023
-0.0027408812082586505
-0.004673082757553631
-0.007939201113916028
-0.013172659842620425
-0.02188063165724275
-0.03033090304534699
-0.027101665455637906
0.11125617033786789
0.11125936100422551
-0.027103297037301917
-0.03033425164251498
-0.021885496010203648
-0.013178932228651692
-0.007946697022529672
-0.004681651381088205
-0.002750354418299999
-0.0015981106863896177
-0.0009148148154310708
-0.0005106377880822292
-0.0002757699377015974
-0.00014698438540326726
-0.00009008532976433226
-0.00009008532977413706
-0.0001469843852835027
-0.00027576993762616566
-0.0005106377881624839
-0.0009148148155051846
-0.001598110686501296
-0.002750354418400303
-0.004681651381269031
-0.007946697022448
-0.013178932228580666
-0.021885496010259683
-0.030334251642464734
-0.0271032970369293
0.11125936100418526
0.1112681677161143
-0.027107392789044907
-0.030342797635553226
-0.021898000412273088
-0.013195071112780399
-0.007965958456965693
-0.004703612897388578
-0.0027745588359673807
-0.0016241327534215599
-0.0009422599072635233
-0.0005391537011331753
-0.000305045650310674
-0.00017674476709111957
-0.00012008123595231768
-0.00012008123590113525
-0.00017674476706682908
-0.00030504565024116657
-0.0005391537011678819
-0.0009422599072612633
-0.001624132753241175
-0.0027745588359570066
-0.004703612897258104
-0.00796595845684777
-0.013195071112681013
-0.021898000412406714
-0.03034279763580021
-0.027107392789569668
0.1112681677161809
0.11129239819019167
-0.027117611272101126
-0.030364504102519937
-0.021929977417478316
-0.013236344534481335
-0.008015098427957598
-0.0047594365634434374
-0.0028358294965789466
-0.0016897331596434685
-0.0010111864250140616
-0.0006105395773604882
-0.00037815021313119656
-0.00025093274625943537
-0.00019479173145798274
-0.0001947917315440464
-0.0002509327462494848
-0.0003781502131567329
-0.0006105395774347354
-0.0010111864249906343
-0.001689733159573396
-0.0028358294964254084
-0.0047594365634495775
-0.00801509842805422
-0.013236344534605655
-0.02192997741760659
-0.030364504102261415
-0.027117611271603122
0.11129239819018553
0.11135966759416169
-0.027143568753310844
-0.030420563775490052
-0.022012926722916427
-0.013343231804947644
-0.008141844976201768
-0.004902697021991677
-0.0029922379487742705
-0.0018563519042427827
-0.0011854721648889557
-0.0007903763817530771
-0.0005617961397527366
-0.00043694587875733036
-0.00038193617239895707
-0.0003819361724611909
-0.00043694587885686223
-0.0005617961398249444
-0.0007903763817721036
-0.0011854721647950274
-0.0018563519040913866
-0.002992237948857552
-0.0049026970221011865
-0.00814184497631577
-0.013343231804955807
-0.02201292672289442
-0.030420563775486416
-0.02714356875319651
0.11135966759393628
0.11154817035900749
-0.027211500733283375
-0.030569024570601837
-0.02223254297539411
-0.013625010752258492
-0.008473892225455847
-0.0052754698811469
-0.003396534338200209
-0.002284458135617255
-0.001630981855817023
-0.0012481778354258258
-0.0010278526219847654
-0.0009080469419049889
-0.0008554222172307874
-0.0008554222172175178
-0.0009080469418700544
-0.0010278526219832163
-0.0012481778353936933
-0.0016309818557971572
-0.0022844581356911715
-0.003396534338222977
-0.005275469881039007
-0.008473892225316373
-0.013625010752144171
-0.022232542975559738
-0.030569024570598853
-0.027211500733225494
0.11154817035899053
0.11207949338555594
-0.0273968209435662
-0.03097510064782287
-0.02282860886383173
-0.014383675249938645
-0.009359789366193434
-0.006261265543751686
-0.00445707925248695
-0.0033996373655389225
-0.002784850397919564
-0.0024285916149130037
-0.0022256522456998553
-0.002116264489737952
-0.00206850345904525
-0.0020685034589585896
-0.0021162644895745776
-0.0022256522456032693
-0.0024285916149454434
-0.0027848503980988947
-0.0033996373657343877
-0.004457079252456344
-0.006261265543700937
-0.009359789366140377
-0.014383675250034181
-0.022828608863845735
-0.030975100647661458
-0.027396820943130628
0.11207949338560638
0.11357022938174224
-0.027931103634508802
-0.032131058770782366
-0.024494072828860382
-0.016476187882825035
-0.011772771457651016
-0.008916612695660943
-0.007286570615315136
-0.006351588057043096
-0.00582037764182441
-0.005519572064305691
-0.0053519171529482325
-0.005263200466328211
-0.005224950795212889
-0.005224950795160966
-0.0052632004663845065
-0.0053519171530210675
-0.0055195720643157545
-0.00582037764163884
-0.006351588056863261
-0.0072865706153191975
-0.008916612695615785
-0.01177277145770025
-0.016476187882793036
-0.02449407282890924
-0.0321310587709907
-0.027931103635182083
0.11357022938180243
0.11760833928555817
-0.029583054781624776
-0.03557849520889819
-0.029300579569815546
-0.022402011159589928
-0.018495793230435247
-0.016216321235512227
-0.01498115386507647
-0.014311602621757381
-0.01395399023057579
-0.013764046461044331
-0.01366466050049403
-0.013614932903289795
-0.013594332235150618
-0.013594332235182215
-0.013614932903387566
-0.013664660500654024
-0.013764046461074982
-0.01395399023049686
-0.01431160262176481
-0.014981153865014814
-0.016216321235660275
-0.018495793230718843
-0.022402011159853255
-0.029300579569800523
-0.03557849520850032
-0.0295830547810448
0.11760833928565322
0.12712392767292172
-0.03511492271323387
-0.04634110350923401
-0.043599992601829715
-0.039596961704842074
-0.037627039619261095
-0.036676945535594294
-0.036301921774000476
-0.03618121018235951
-0.036165618724645916
-0.03618497950552177
-0.03620992798735874
-0.036229267373281235
-0.036239382139539075
-0.036239382139495166
-0.036229267373336094
-0.03620992798742315
-0.036184979505517634
-0.03616561872463915
-0.03618121018234183
-0.03630192177383585
-0.03667694553533518
-0.037627039619313386
-0.03959696170487727
-0.043599992601877295
-0.046341103509322835
-0.035114922713998874
0.12712392767314687
0.1367203947882652
-0.05475382286102112
-0.08027309272210136
-0.08617903440264457
-0.08943483565988095
-0.09198571582376533
-0.09395638271724935
-0.09535158270554867
-0.0962960806463655
-0.09691016649177257
-0.0972978517277314
-0.09753362617391265
-0.09766684542923121
-0.09772671989780304
-0.09772671989774892
-0.09766684542920304
-0.09753362617396033
-0.09729785172762931
-0.09691016649169545
-0.09629608064646235
-0.09535158270568458
-0.09395638271732704
-0.09198571582369962
-0.08943483565978917
-0.08617903440271715
-0.08027309272168873
-0.05475382286069931
0.13672039478877618
0.01909248856560266
-0.11250364794632184
-0.16215388616129944
-0.18648848527700324
-0.20702698284372872
-0.21960685086560652
-0.22762717692148818
-0.2324366078279393
-0.2353149143967186
-0.2370151404395419
-0.2380126387063714
-0.23858656141834478
-0.23889832826181606
-0.239035149565688
-0.23903514956559724
-0.23889832826167756
-0.23858656141833728
-0.23801263870613662
-0.2370151404396199
-0.23531491439712351
-0.23243660782775122
-0.22762717692108414
-0.21960685086559678
-0.20702698284301527
-0.18648848527739648
-0.16215388616064766
-0.11250364794830439
0.01909248856582593
-1.4054339369202569
0.47716950067576824
0.6001445216948302
0.5466093003787429
0.4822424005347484
0.44526726581546006
0.4233207749441039
0.4110429109760929
0.4040800577334836
0.4001391084329351
0.3979013932434037
0.39664528464737664
0.3959747524011798
0.3956835734091634
0.3956835734090886
0.39597475240257374
0.3966452846486453
0.3979013932430804
0.400139108431802
0.40408005773263966
0.4110429109745254
0.42332077494449766
0.4452672658171707
0.4822424005359789
0.5466093003777677
0.6001445216951696
0.477169500674221
-1.4054339369202977