3.9262689193894973
-0.731784766582617
-1.2688983067486899
-1.0943958923630264
-0.9203990342941806
-0.816384621196903
-0.7557996683428743
-0.7219957334367975
-0.7030012682527517
-0.6923180389428248
-0.6862629160438511
-0.682809022381563
-0.6808254871393347
-0.6796794051439903
-0.6790134498979301
-0.6786245050976172
-0.6783963021822874
-0.6782618769099569
-0.6781824505236562
-0.6781354685552007
-0.6781077822792477
-0.6780917453729095
-0.6780829802268218
-0.6780791167236704
-0.6780791167246085
-0.678082980226981
-0.6780917453740912
-0.6781077822871541
-0.6781354685526291
-0.6781824505267489
-0.678261876906782
-0.6783963021814459
-0.6786245050973928
-0.6790134498942755
-0.679679405143703
-0.6808254871403839
-0.6828090223814486
-0.6862629160365483
-0.6923180389430394
-0.7030012682498319
-0.7219957334397098
-0.755799668337804
-0.8163846212046204
-0.9203990342960002
-1.0943958923638402
-1.2688983067508042
-0.731784766583307
3.9262689193930522
-0.19159316094591614
0.0963330840889926
0.18308305667852148
0.25636292098851376
0.3151713727511985
0.35242341955382095
0.3758349998545778
0.38983678171613645
0.3981549925508308
0.4030488447237486
0.40592456811364874
0.4076138617130931
0.4086077899967776
0.4091938162074464
0.4095402131511257
0.40974550307668905
0.4098674814289598
0.40994012720446116
0.40998346421567944
0.4100093140766904
0.41002465745998173
0.41003359838658976
0.410038507740912
0.4100406780807289
0.4100406780802405
0.4100385077412441
0.4100335983857881
0.41002465745949424
0.41000931407552293
0.4099834642160014
0.4099401272043951
0.4098674814295172
0.4097455030759214
0.40954021315046374
0.40919381620733886
0.40860778999723285
0.4076138617124099
0.405924568114139
0.40304884472363345
0.3981549925514546
0.3898367817147167
0.3758349998545621
0.35242341955593887
0.3151713727519959
0.25636292098892355
0.18308305667811312
0.09633308408874891
-0.19159316094495438
-0.3361861106742735
0.03735123391692624
0.09592845658694046
0.11870384082510177
0.13437227199963586
0.1455595696981371
0.1534544321223007
0.1587093628717291
0.16211603905379135
0.16427075979506933
0.16561458881156163
0.1664440621649262
0.16695274289451395
0.16726334677775911
0.167452498277949
0.16756750403127302
0.16763736700048715
0.16767978328717797
0.16770551497372446
0.1677210890989034
0.1677304496691772
0.16773596112623843
0.16773901150679205
0.1677403668612604
0.16774036686138588
0.16773901150700582
0.1677359611262071
0.16773044966943437
0.16772108909864886
0.16770551497402691
0.16767978328729347
0.16763736700104914
0.16756750403113074
0.16745249827754766
0.16726334677732058
0.1669527428947587
0.16644406216462876
0.165614588811499
0.16427075979476558
0.16211603905408173
0.15870936287100135
0.15345443212194765
0.14555956969811412
0.13437227199966645
0.11870384082464723
0.0959284565866922
0.03735123391662107
-0.3361861106740792
-0.23763378668167653
0.027444931054593544
0.05962266969755843
0.05995760796192198
0.05814620289677214
0.05804593689969609
0.05870585221939389
0.059567562509654365
0.060342835826765084
0.06094679241181489
0.06138271661249717
0.061683016264251524
0.061883702841531135
0.06201504085255953
0.06209972807693359
0.06215374638698938
0.06218792411150134
0.06220941129001932
0.062222844218276535
0.06223118765946401
0.06223631391425369
0.062239387293685444
0.062241111817377834
0.062241884760691646
0.062241884760812494
0.06224111181746722
0.06223938729358861
0.062236313914157834
0.06223118765926845
0.06222284421829065
0.06220941128991983
0.062187924111424514
0.062153746386933904
0.06209972807698975
0.06201504085269555
0.06188370284176969
0.061683016264462424
0.06138271661248987
0.060946792411751965
0.060342835827023024
0.05956756250940509
0.05870585221939862
0.05804593689968522
0.05814620289676974
0.05995760796134429
0.05962266969728124
0.02744493105453528
-0.2376337866815522
-0.18633873479788576
0.02739256967292826
0.049845812212201975
0.041221762085293906
0.032634764973867914
0.027849209118726667
0.025311475987047038
0.024096330179920956
0.023548386829984697
0.023327191269890767
0.023255136541241405
0.02324593496563718
0.02325935340120126
0.023277939361191005
0.023294957423077287
0.023308444720844923
0.023318373068805187
0.023325360725952045
0.023330129360372896
0.02333330495919721
0.023335367706704673
0.023336659417442826
0.023337407677304342
0.023337749714286028
0.023337749714474467
0.0233374076773527
0.02333665941748788
0.023335367706739666
0.02333330495914937
0.02333012936051556
0.02332536072575651
0.02331837306885506
0.02330844472053396
0.023294957423153198
0.023277939361100605
0.02325935340133193
0.023245934965411004
0.023255136541137866
0.02332719126962776
0.023548386830320945
0.024096330179770715
0.02531147598723344
0.027849209118807512
0.032634764974252925
0.04122176208519203
0.04984581221224679
0.027392569672942332
-0.18633873479784674
-0.16662356857515231
0.028046699364862343
0.04728307685306059
0.03527958708436962
0.024139177513893155
0.01747458777325732
0.013584495481593253
0.011438426629537297
0.010264021665221038
0.009631369419116853
0.009293608430134864
0.00911526939149761
0.009022197410302454
0.008974320000551697
0.008950136810316683
0.008938217645324445
0.00893254358150232
0.008929981581573562
0.00892892371356785
0.008928559539841847
0.008928490115306126
0.008928525147678126
0.008928577706778127
0.00892861065124163
0.008928610651257631
0.008928577706792484
0.00892852514771679
0.008928490115301994
0.008928559539839613
0.008928923713623485
0.008929981581437346
0.008932543581569398
0.008938217645331047
0.008950136810239158
0.008974320000720811
0.009022197410291697
0.00911526939151068
0.009293608429941938
0.009631369419070172
0.010264021665178143
0.011438426629480476
0.013584495481619926
0.01747458777325868
0.024139177514020987
0.03527958708425322
0.047283076853169306
0.02804669936482434
-0.16662356857522254
-0.15954863684713882
0.028404878328360736
0.046577381527654164
0.03333018370879234
0.02123862113337257
0.013836110199401449
0.009390361848572597
0.006842326341960024
0.005384243334262816
0.004556481223037407
0.0040871192362762435
0.0038215160822454397
0.0036713746206372124
0.0035866040537406406
0.003538797193591124
0.0035118704311826593
0.003496725212614008
0.003488220134893907
0.0034834533330884232
0.0034807896189616373
0.003479310062448877
0.0034785013187116614
0.0034780812505088056
0.003477902622947556
0.0034779026230507314
0.0034780812504772033
0.0034785013188415926
0.0034793100623728883
0.003480789618840242
0.003483453333078772
0.003488220134899651
0.003496725212666155
0.0035118704312319823
0.0035387971935210627
0.003586604053936086
0.0036713746205695287
0.0038215160824155185
0.004087119236011753
0.004556481223010337
0.005384243334265824
0.006842326341893723
0.00939036184854765
0.013836110199483349
0.021238621133553178
0.033330183708550364
0.046577381527658404
0.02840487832843374
-0.15954863684717868
-0.15704548097117882
0.028555174232959737
0.04636688749630556
0.03266501528759666
0.020219625199678463
0.012530444215987608
0.007860346194857433
0.005143014974229655
0.003560439638505159
0.00264351370304793
0.0021116237311092478
0.0018029876066188717
0.0016236946845857884
0.001519443414295611
0.0014587686617201527
0.0014234263941479905
0.0014028248032380475
0.0013908091269896625
0.0013838003953243368
0.0013797172525883239
0.0013773508956309761
0.0013760030370138232
0.0013752772367967988
0.001374960654446767
0.001374960654501789
0.0013752772368318682
0.0013760030370680004
0.0013773508956453678
0.0013797172524182611
0.0013838003953152715
0.001390809126868608
0.001402824803393861
0.0014234263939289873
0.0014587686616908328
0.0015194434142344095
0.0016236946847183239
0.0018029876065003341
0.002111623730941893
0.002643513702967903
0.0035604396388245366
0.005143014974025712
0.007860346194771241
0.012530444215990814
0.020219625199827843
0.032665015287596855
0.04636688749618581
0.02855517423309231
-0.15704548097130733
-0.15615710889322007
0.028612380877874315
0.04629809967144127
0.03242952999089095
0.019851946503535514
0.012051839830857374
0.007292030960885694
0.004504532219564166
0.0028684938862811797
0.0019118959364277741
0.0013512072598521464
0.0010220765886450544
0.000828446634532591
0.0007143157961039638
0.0006469219582787926
0.0006070624921025051
0.0005834549373632963
0.0005694575419584984
0.0005611542464519704
0.0005562342543304641
0.0005533352376655837
0.0005516583583974585
0.000550743634508268
0.000550341118429126
0.0005503411185047802
0.0005507436344254076
0.0005516583583672547
0.0005533352377394692
0.0005562342543787244
0.0005611542463966175
0.0005694575418981466
0.0005834549373278063
0.0006070624922024329
0.0006469219583019991
0.0007143157963957051
0.0008284466344571872
0.0010220765887287745
0.0013512072595898367
0.0019118959365621432
0.0028684938862688796
0.004504532219469447
0.007292030960740972
0.012051839830835787
0.01985194650367304
0.03242952999092101
0.046298099671381154
0.028612380878234357
-0.15615710889346252
-0.15583900731304678
0.02863309238870349
0.04627358740841041
0.03234343624291189
0.019716105968208088
0.011873059632440584
0.007077538037513764
0.004261242580466911
0.0026025799339682476
0.0016286662955320589
0.0010550178633972297
0.0007163838629464412
0.0005159093621236377
0.0003969273901798806
0.0003261438908644545
0.0002839458972285719
0.000258743418132933
0.0002436697960465695
0.00023464794344589583
0.00022925399017971086
0.00022604776818364807
0.00022417815339691725
0.00022315140582680602
0.00022269753393245318
0.0002226975340189263
0.00022315140578868878
0.00022417815341042435
0.00022604776812971795
0.00022925399016837956
0.00023464794324719985
0.0002436697961111256
0.00025874341805782157
0.0002839458973052611
0.00032614389066696063
0.0003969273903978054
0.0005159093618420985
0.0007163838633183465
0.0010550178631236807
0.0016286662955314513
0.002602579933814038
0.004261242580705757
0.007077538037585502
0.01187305963234202
0.019716105968112435
0.03234343624299421
0.046273587408376296
0.028633092388797472
-0.15583900731322592
-0.15572389083059834
0.028640348625499308
0.04626421550631506
0.032311094571612055
0.01966488340271657
0.011805164007563783
0.006995440931648631
0.004167393377588635
0.0024992496192353946
0.0015178808525315984
0.0009385000724594883
0.0005955486056158504
0.00039188178078639025
0.00027057846906076825
0.0001981321256222214
0.00015475907497556083
0.00012873651320136238
0.00011309723232805369
0.00010368980194234905
0.00009803657760947913
0.00009465935682684844
0.00009268084670452022
0.0000915900631044455
0.0000911066134047917
0.00009110661339428344
0.00009159006304410985
0.00009268084688124537
0.00009465935681841187
0.00009803657752594698
0.00010368980190594859
0.00011309723232898962
0.0001287365133434397
0.00015475907492483568
0.0001981321255214476
0.0002705784691039259
0.000391881780932578
0.0005955486056726917
0.0009385000721847674
0.001517880852427741
0.002499249619386968
0.004167393377542577
0.0069954409316061745
0.011805164007546123
0.019664883402737535
0.03231109457176561
0.046264215506105516
0.028640348625664048
-0.1557238908306218
-0.1556817827197211
0.028642821593718077
0.04626044672814465
0.03229866968039725
0.019645228234697408
0.011779005114590756
0.006963628506165289
0.004130797756080549
0.002458705476091244
0.0014741577235087054
0.0008922735969559665
0.0005473911453033819
0.0003422623901146182
0.0002198709794482312
0.00014662724636638528
0.00010267809780217668
0.00007624477176003115
0.00006031628279579797
0.0000507078346806043
0.00004491696111226173
0.000041447449184088794
0.00003940932946585389
0.000038283103212267515
0.000037783166112480746
0.000037783166223291696
0.00003828310294444062
0.00003940932964928667
0.000041447449296116857
0.00004491696115545839
0.000050707834569500124
0.000060316282736610745
0.00007624477183197547
0.0001026780978767258
0.00014662724627289314
0.00021987097957264475
0.00034226238997258013
0.0005473911454439505
0.000892273596636016
0.001474157723679279
0.002458705476213611
0.004130797756037552
0.006963628506010405
0.011779005114692919
0.01964522823474575
0.0322986696803291
0.04626044672805449
0.028642821593857115
-0.15568178271964878
-0.15566622130912336
0.028643639939627104
0.046258880354152376
0.0322938079348775
0.019637573185396162
0.011768799469868734
0.006951166709741387
0.004116390559884599
0.0024426600015246395
0.001456765675942771
0.0008737985683549776
0.0005280627771443931
0.00032227407747881665
0.0001993810016983303
0.00012576190863750644
0.00008153599016353933
0.000054901375333928984
0.00003882842964235679
0.000029117729100554083
0.000023255633575521295
0.00001973762570974202
0.000017667764598803385
0.00001652246930061935
0.000016013603132860655
0.00001601360312903395
0.000016522469234374584
0.00001766776461863765
0.000019737625621675394
0.000023255633674532165
0.000029117728966381567
0.00003882842961497954
0.0000549013752855331
0.00008153599031398835
0.00012576190837919126
0.00019938100191726414
0.00032227407711320644
0.0005280627773968329
0.000873798568067853
0.0014567656761899951
0.002442660001525299
0.004116390560028514
0.006951166709602427
0.011768799470077095
0.01963757318527723
0.03229380793492076
0.046258880354058285
0.028643639939707054
-0.15566622130906743
-0.1556604150090608
0.02864390060724451
0.04625821608044692
0.032291876880258474
0.01963455381714406
0.01176477410623639
0.006946238054431283
0.004110670202681825
0.0024362612395715036
0.0014497990736815252
0.0008663666672002566
0.000520257207732393
0.0003141739424783993
0.00019105262669425664
0.00011725948806441794
0.00007290281719746152
0.00004617135506659032
0.000030027664070864076
0.000020266031301581395
0.000014367892188622741
0.000010824985706400393
8.738625589256782e-6
7.583322910598082e-6
7.069741746351122e-6
7.069741809514704e-6
7.5833228343269356e-6
8.738625706712585e-6
0.000010824985719940925
0.000014367892266658325
0.000020266031326034315
0.00003002766400388864
0.00004617135524749676
0.00007290281721918378
0.00011725948798153193
0.000191052626896943
0.00031417394239710724
0.000520257207715681
0.0008663666671068838
0.0014497990736327144
0.0024362612396436156
0.004110670202565454
0.006946238054503885
0.011764774106144196
0.019634553817165286
0.032291876880177775
0.04625821608041628
0.028643900607278932
-0.15566041500898667
-0.15565822919116226
0.02864397897687391
0.046257931040869546
0.03229110042523944
0.01963334994737139
0.011763171169633355
0.00694427213101407
0.004108381611661573
0.0024336919231855397
0.0014469909902752682
0.0008633596607141211
0.0005170877137911025
0.0003108741324505137
0.00018765007881316154
0.00011377723067209993
0.00006935964370766925
0.00004258229572183577
0.00002640453275742038
0.000016617982218653993
0.000010701947652829382
7.1465128777470264e-6
5.051755525665727e-6
3.891314181201573e-6
3.3752980465686967e-6
3.3752979913023803e-6
3.891314134545167e-6
5.0517555433370385e-6
7.14651279964076e-6
0.000010701947558172413
0.000016617982209591533
0.000026404532773200204
0.000042582295652686835
0.00006935964357725773
0.00011377723060605516
0.00018765007880833815
0.00031087413231650963
0.0005170877138311253
0.0008633596607765734
0.0014469909902993425
0.002433691923420977
0.004108381611689261
0.006944272130801609
0.01176317116970869
0.019633349947556798
0.03229110042513762
0.04625793104083141
0.02864397897675698
-0.15565822919097907
-0.15565739952705743
0.028644000234121815
0.04625780792078711
0.03229078505774066
0.019632865469015708
0.011762527492825973
0.006943482018023926
0.004107459724425826
0.0024326538514578746
0.001445852690883361
0.0008621366168698975
0.0005157943855090147
0.0003095235535453834
0.0001862536501577308
0.00011234466502444661
0.00006789902444592542
0.000041100215427125435
0.000024906274334661272
0.00001510771956752299
9.182945623804183e-6
5.621316297635179e-6
3.5223633214794755e-6
2.3593331186802154e-6
1.8420839569499516e-6
1.8420840151474217e-6
2.3593332253908673e-6
3.522363366966456e-6
5.621316254664664e-6
9.182945510507699e-6
0.000015107719692064739
0.000024906274369839855
0.00004110021546228417
0.00006789902457620363
0.00011234466486675472
0.00018625365040218187
0.0003095235533991771
0.0005157943858891169
0.0008621366164771604
0.0014458526908427759
0.0024326538514315398
0.0041074597244899844
0.006943482017854427
0.011762527493059591
0.019632865468966844
0.032290785057597825
0.046257807920869566
0.02864400023381461
-0.15565739952704338
-0.15565708220677033
0.028644004777202983
0.04625775455127211
0.03229065589018163
0.019632668928240542
0.011762267098693626
0.006943162314456389
0.004107086077147849
0.0024322320805990833
0.001445388881835517
0.0008616367921468523
0.0005152642796369457
0.0003089684335951259
0.0001856782100792493
0.00011175297735739819
0.00006729454151550562
0.000040485803808615496
0.000024284273514064906
0.00001448001155653246
8.551030063460347e-6
4.986384735612053e-6
2.8853686543072247e-6
1.7210559900372084e-6
1.2031931771738557e-6
1.2031933257553243e-6
1.7210559379515207e-6
2.8853685834947024e-6
4.986384566370969e-6
8.551030032926443e-6
0.000014480011642029107
0.000024284273439971437
0.00004048580400277679
0.00006729454142338033
0.0001117529772853585
0.00018567821017573277
0.00030896843352752547
0.0005152642796355798
0.0008616367920285804
0.0014453888818913132
0.0024322320807161337
0.004107086077116044
0.0069431623144745845
0.011762267098798615
0.01963266892821324
0.032290655889868236
0.046257754551356986
0.02864400477749067
-0.15565708220678642
-0.15565695998043985
0.028644005026248573
0.04625773137551774
0.0322906026133134
0.019632588638397293
0.011762161065223119
0.006943032165262409
0.0041069337879653025
0.0024320598342106522
0.0014451990067602476
0.0008614316344964231
0.0005150461138573861
0.0003087393850747152
0.00018544020596864957
0.00011150771803299214
0.00006704349303924897
0.00004023020415945421
0.000024025150525289307
0.000014218205866290488
8.287223859962655e-6
4.7211292110246315e-6
2.619112941469006e-6
1.4541745150986556e-6
9.360109758303186e-7
9.360109497743935e-7
1.4541743534534015e-6
2.6191129259595035e-6
4.721129294344488e-6
8.287223771860815e-6
0.000014218206047833867
0.000024025150351686038
0.000040230204318238976
0.0000670434928627001
0.00011150771820208971
0.00018544020601618562
0.0003087393850162236
0.0005150461136678942
0.0008614316345448184
0.0014451990066831773
0.002432059834434525
0.004106933787870288
0.006943032165284446
0.011762161065176358
0.019632588638603007
0.032290602613125705
0.04625773137554619
0.02864400502627725
-0.1556569599802386
-0.15565691258933825
0.028644004498926907
0.04625772130383264
0.03229058050834624
0.019632555638454667
0.011762117635451206
0.006942978891847924
0.004106871403413736
0.00243198916101323
0.0014451209382061172
0.0008613470870913078
0.000514955990249271
0.00030864454256414824
0.00018534143396706172
0.00011140572477816513
0.00006693889788620763
0.00004012353929144002
0.000023916864017032345
0.00001410867104333878
8.17674796707628e-6
4.60996491007856e-6
2.507469928920875e-6
1.3422300163599791e-6
8.239207542436092e-7
8.239208109944218e-7
1.3422298625372247e-6
2.507470001083225e-6
4.6099649132763555e-6
8.176747787249519e-6
0.000014108671133696163
0.000023916863988344833
0.00004012353924660304
0.00006693889799285061
0.00011140572485848879
0.0001853414341652213
0.00030864454235415053
0.0005149559902574107
0.0008613470871864424
0.0014451209382475819
0.0024319891609841577
0.004106871403492612
0.006942978891845385
0.011762117635424724
0.01963255563867796
0.03229058050805859
0.046257721303872956
0.028644004498604034
-0.15565691258944317
-0.15565689410063427
0.02864400403480247
0.04625771692704754
0.03229057129154251
0.019632542003653913
0.011762099755482225
0.0069429569792211964
0.004106845731119486
0.002431960040376999
0.0014450887136118642
0.0008613121169983639
0.0005149186335327792
0.00030860514501690505
0.00018530031903418018
0.00011136318593593279
0.00006689519661676289
0.00004007890296148922
0.00002387148721602536
0.00001406271826118868
8.130356623003506e-6
4.563250238292966e-6
2.4605285846242704e-6
1.295145156930255e-6
7.767662398766479e-7
7.767662019842307e-7
1.2951450292412831e-6
2.460528519075964e-6
4.5632502029452985e-6
8.130356580402563e-6
0.000014062718232840078
0.000023871487293887376
0.00004007890299113407
0.00006689519663012099
0.00011136318582629048
0.00018530031873682952
0.0003086051451637334
0.0005149186337506216
0.0008613121170281967
0.0014450887136472639
0.002431960040575069
0.004106845730973978
0.006942956979098337
0.011762099755632999
0.019632542003621495
0.03229057129125118
0.04625771692695245
0.02864400403538419
-0.1556568941002114
-0.15565688684709422
0.02864400374786942
0.046257715026769064
0.03229056743430658
0.01963253634688171
0.011762092364167058
0.006942947930656871
0.004106835127749672
0.0024319480004163898
0.0014450753704869368
0.0008612976111716576
0.0005149031079470985
0.0003085887388699854
0.00018528316457828146
0.00011134540522491783
0.0000668768995502581
0.00004006018609350057
0.000023852434973111947
0.000014043402138435627
8.110838317739912e-6
4.543581398361275e-6
2.440753518348718e-6
1.2753022828070055e-6
7.568905014985829e-7
7.568908014414368e-7
1.2753023614727122e-6
2.440753416481124e-6
4.5435814319502415e-6
8.110838261948677e-6
0.000014043402291696328
0.000023852434887979098
0.00004006018624018526
0.00006687689950052452
0.00011134540545237119
0.00018528316471653838
0.0003085887392270449
0.0005149031076107338
0.0008612976112169831
0.0014450753703176607
0.002431948000672394
0.004106835127472297
0.0069429479307493176
0.011762092364219006
0.019632536346937936
0.03229056743431148
0.04625771502689992
0.028644003747421546
-0.15565688684726148
-0.1556568839930937
0.028644003592090336
0.04625771420615488
0.032290565820959426
0.019632533999169026
0.011762089307173141
0.006942944192627684
0.004106830747019537
0.0024319430221657785
0.0014450698461611002
0.0008612915963456925
0.0005148966590705755
0.00030858191241937697
0.00018527601431132912
0.00011133798161802026
0.00006686924817598024
0.00004005234818186901
0.00002384444642189178
0.00001403529456785123
8.102638438443044e-6
4.535312396538169e-6
2.4324354156538036e-6
1.26695285947719e-6
7.48526045847093e-7
7.485261152894166e-7
1.2669528286333578e-6
2.4324352664807594e-6
4.535312290410425e-6
8.10263838391741e-6
0.000014035294597652815
0.00002384444641983063
0.00004005234814518884
0.00006686924822201673
0.00011133798146696505
0.00018527601442182393
0.0003085819123516996
0.0005148966589813052
0.0008612915963138192
0.0014450698461449
0.002431943022332721
0.0041068307469881975
0.0069429441926734115
0.011762089307170102
0.01963253399890748
0.03229056582074989
0.04625771420616934
0.028644003592478994
-0.15565688399293276
-0.15565688288445312
0.028644003516373057
0.046257713860311626
0.0322905651586571
0.01963253304224901
0.011762088065074717
0.006942942675357213
0.004106828969088913
0.0024319410005350815
0.0014450676006201586
0.0008612891478826309
0.0005148940301125396
0.0003085791253888212
0.00018527309062116862
0.0001113349415276346
0.00006686611054931264
0.000040049130056392856
0.00002384116292772732
0.000014031958801225398
8.099261974844912e-6
4.531905127424225e-6
2.429006321377213e-6
1.2635099991565942e-6
7.450761550310372e-7
7.450761407864649e-7
1.2635097814111247e-6
2.4290064446608174e-6
4.531905293021568e-6
8.099261820419405e-6
0.000014031958898279747
0.000023841162804129008
0.00004004913022803108
0.00006686611064030034
0.00011133494158668994
0.00018527309065652787
0.0003085791254730622
0.0005148940302524801
0.0008612891477117756
0.0014450676004864784
0.0024319410007551468
0.004106828968996472
0.00694294267525929
0.011762088064973156
0.019632533042120426
0.032290565158745684
0.046257713860296236
0.028644003516666974
-0.15565688288458185
-0.155656882503104
0.028644003486013092
0.046257713734141004
0.03229056492135003
0.01963253270104169
0.011762087623143255
0.006942942136048494
0.00410682833716583
0.0024319402817477567
0.001445066801528967
0.0008612882759577373
0.0005148930930772583
0.00030857813066612495
0.00018527204606136227
0.00011133385425886586
0.00006686498738084705
0.00004004797687068026
0.000023839985319600643
0.000014030761570770381
8.098049369172685e-6
4.530680921047436e-6
2.4277740003999465e-6
1.2622720782632806e-6
7.438354938012773e-7
7.438355683989255e-7
1.262271992127714e-6
2.4277738349087122e-6
4.5306810097621345e-6
8.09804916743857e-6
0.000014030761639674687
0.000023839985204577174
0.000040047977142646586
0.00006686498732002869
0.00011133385446147415
0.00018527204588710553
0.0003085781309883686
0.0005148930928683348
0.0008612882760292658
0.0014450668015302361
0.0024319402820400255
0.004106828336922749
0.006942942135948664
0.011762087623290556
0.019632532701112287
0.032290564921267154
0.046257713733868985
0.028644003486097688
-0.15565688250301135
-0.15565688250314566
0.028644003485892806
0.0462577137342381
0.032290564921384296
0.01963253270095105
0.011762087623029795
0.0069429421360512385
0.004106828337116556
0.0024319402817618014
0.0014450668013884507
0.0008612882759579778
0.0005148930931309374
0.00030857813064400603
0.00018527204603451458
0.00011133385443207145
0.00006686498733277142
0.00004004797697651528
0.000023839985303394673
0.00001403076162491603
8.098049390385984e-6
4.5306810772331725e-6
2.4277740106749017e-6
1.2622719818181403e-6
7.438355633714296e-7
7.438356218181261e-7
1.2622720054389777e-6
2.4277737609542626e-6
4.5306809894488835e-6
8.098049415444792e-6
0.000014030761576678826
0.000023839985399508105
0.00004004797714191163
0.00006686498740361253
0.0001113338542550295
0.00018527204599589811
0.0003085781307629521
0.0005148930930818818
0.0008612882759142439
0.0014450668016438202
0.0024319402818532435
0.004106828336904375
0.006942942135977648
0.011762087623331172
0.019632532700817662
0.03229056492117409
0.04625771373394503
0.028644003485903964
-0.1556568825027537
-0.1556568828844238
0.028644003516570482
0.0462577138604618
0.032290565158609924
0.019632533042061664
0.01176208806495804
0.006942942675279332
0.004106828968996959
0.002431941000547399
0.001445067600561463
0.0008612891478739294
0.0005148940301433853
0.0003085791254098084
0.00018527309065605844
0.00011133494152420055
0.0000668661104619133
0.00004004913020257749
0.000023841163021277424
0.000014031958850052363
8.099261887365868e-6
4.531905285385168e-6
2.4290063123826666e-6
1.2635098169382108e-6
7.450761819250387e-7
7.4507618315861e-7
1.263509825313687e-6
2.4290062768807125e-6
4.531905418295069e-6
8.099261905228233e-6
0.000014031958932814827
0.000023841163011153808
0.00004004913020727037
0.00006686611067974578
0.00011133494154425764
0.00018527309077437252
0.0003085791255246789
0.0005148940302113544
0.0008612891478899122
0.0014450676003574556
0.0024319410005338897
0.004106828969063335
0.006942942675390038
0.011762088064870632
0.0196325330419463
0.03229056515874877
0.04625771386047468
0.02864400351625588
-0.15565688288445545
-0.15565688399330424
0.028644003591981944
0.0462577142063894
0.032290565821114614
0.01963253399915541
0.011762089307361456
0.006942944192702692
0.004106830747053224
0.0024319430222154055
0.0014450698462330149
0.0008612915962264752
0.0005148966590027205
0.00030858191249471503
0.0001852760143759385
0.00011133798148839062
0.00006686924810836858
0.00004005234822053443
0.000023844446315182678
0.000014035294549190865
8.10263846622869e-6
4.535312331350532e-6
2.4324353717048062e-6
1.2669530472860019e-6
7.485260672604561e-7
7.485259482948905e-7
1.2669528509819955e-6
2.432435334917968e-6
4.535312272760136e-6
8.10263822912577e-6
0.000014035294614384226
0.000023844446399484805
0.000040052348254637613
0.00006686924795572832
0.00011133798151521048
0.00018527601416148628
0.00030858191266282004
0.0005148966588745293
0.0008612915963592618
0.0014450698460729806
0.002431943022624663
0.00410683074700776
0.00694294419254593
0.011762089307226282
0.019632533999272644
0.03229056582078137
0.046257714206219686
0.028644003592792015
-0.15565688399311098
-0.15565688684697676
0.02864400374793888
0.046257715026727944
0.03229056743436229
0.01963253634689597
0.011762092364307808
0.006942947930696842
0.004106835127656293
0.0024319480003900038
0.0014450753703124856
0.0008612976112410635
0.0005149031080041344
0.00030858873886418814
0.0001852831643567094
0.0001113454052921678
0.00006687689954004586
0.00004006018606132175
0.000023852434883741507
0.000014043402174587907
8.110838484936233e-6
4.54358117687323e-6
2.440753466594403e-6
1.2753024293585005e-6
7.568904011520827e-7
7.568907310831315e-7
1.2753023019623017e-6
2.4407534410520294e-6
4.5435813749954445e-6
8.110838167443781e-6
0.000014043402359825282
0.00002385243488046908
0.00004006018617593483
0.00006687689942620195
0.00011134540560924056
0.00018528316471563188
0.0003085887389348502
0.000514903107614557
0.0008612976110604348
0.0014450753703770828
0.0024319480008202434
0.0041068351273350675
0.006942947930614528
0.011762092364364311
0.019632536346938973
0.0322905674343306
0.046257715026678164
0.028644003747667707
-0.1556568868475926
-0.15565689410061645
0.02864400403478539
0.04625771692703128
0.03229057129143734
0.0196325420037416
0.011762099755447765
0.006942956979120278
0.004106845730881265
0.002431960040248227
0.001445088713517949
0.0008613121171337829
0.0005149186334969026
0.00030860514499549374
0.00018530031907731527
0.00011136318602677853
0.0000668951966009266
0.000040078903065726235
0.00002387148725295843
0.000014062718289226877
8.130356639682532e-6
4.56325024453222e-6
2.460528668450766e-6
1.2951450288516342e-6
7.767662234254308e-7
7.767664929628167e-7
1.295144967523807e-6
2.460528441376267e-6
4.56325043275532e-6
8.13035660021172e-6
0.000014062718387488608
0.000023871487349199464
0.00004007890305351759
0.00006689519673729952
0.0001113631859348769
0.00018530031887675248
0.00030860514486841917
0.0005149186336334217
0.0008613121169206779
0.0014450887136540083
0.002431960040231594
0.004106845731007261
0.006942956979112623
0.011762099755522512
0.01963254200372045
0.03229057129139324
0.046257716926867254
0.028644004035516042
-0.15565689410063194
-0.15565691258904918
0.02864400449835539
0.04625772130397629
0.0322905805084225
0.01963255563841947
0.01176211763543732
0.006942978891666832
0.004106871403362423
0.0024319891610519117
0.0014451209381974523
0.0008613470870459641
0.0005149559902968043
0.0003086445425479583
0.00018534143408203025
0.00011140572472322704
0.00006693889787478215
0.000040123539326279513
0.00002391686398998958
0.00001410867097862679
8.176747935422971e-6
4.609965024014171e-6
2.507469869493496e-6
1.3422298763093138e-6
8.239207203446512e-7
8.239209159886169e-7
1.3422297959020001e-6
2.5074699214432106e-6
4.609965023852676e-6
8.176747848010689e-6
0.000014108671087652321
0.00002391686405747629
0.00004012353941442522
0.00006693889784959613
0.00011140572475268752
0.00018534143404828326
0.0003086445425646066
0.0005149559901731003
0.0008613470871146865
0.0014451209382151569
0.0024319891610099058
0.004106871403407042
0.006942978891766465
0.011762117635454941
0.019632555638689986
0.032290580507994465
0.04625772130406083
0.02864400449850936
-0.15565691258938663
-0.15565695997937956
0.02864400502554431
0.04625773137566423
0.032290602613237455
0.019632588638241275
0.011762161065280073
0.006943032165423818
0.004106933788031623
0.0024320598343195304
0.0014451990067257945
0.0008614316345137852
0.0005150461138787575
0.00030873938486538895
0.00018544020581019835
0.00011150771803621279
0.00006704349289533203
0.00004023020415679844
0.000024025150426517903
0.000014218205958608658
8.287223895325605e-6
4.7211290140453315e-6
2.619112939748288e-6
1.454174529941214e-6
9.360110495964386e-7
9.360107883966295e-7
1.4541746036799246e-6
2.6191131227650334e-6
4.721129201065942e-6
8.287223674082989e-6
0.000014218206128738439
0.000024025150244331073
0.00004023020424538532
0.00006704349290593647
0.00011150771796570687
0.00018544020594519906
0.00030873938502801293
0.0005150461137979042
0.000861431634730849
0.0014451990066034173
0.00243205983452446
0.004106933787886466
0.006943032165245607
0.011762161065463954
0.019632588638519285
0.03229060261311488
0.046257731375625125
0.028644005025469065
-0.15565695997959686
-0.1556570822054976
0.028644004776539576
0.04625775455142591
0.03229065589000295
0.019632668928081458
0.011762267098653151
0.006943162314620907
0.0041070860770294005
0.0024322320805355464
0.001445388881670669
0.0008616367920485876
0.000515264279610691
0.0003089684337096222
0.0001856782101976239
0.00011175297747981154
0.00006729454156942719
0.000040485803971696606
0.000024284273597696087
0.000014480011702752432
8.551030032601782e-6
4.986384716437617e-6
2.885368718557062e-6
1.7210561491701784e-6
1.2031931908476187e-6
1.203193110782099e-6
1.721056146741664e-6
2.8853685496748427e-6
4.986384565338795e-6
8.551030145519598e-6
0.000014480011540142899
0.000024284273572534472
0.00004048580391064392
0.00006729454157661699
0.0001117529772129982
0.00018567821031595394
0.00030896843338832036
0.0005152642798710063
0.0008616367921039023
0.0014453888818717407
0.002432232080592796
0.00410708607727308
0.006943162314327138
0.011762267098805904
0.01963266892822895
0.032290655889640314
0.046257754551395636
0.028644004777212056
-0.15565708220571095
-0.15565739952624402
0.028644000233225893
0.04625780792059172
0.03229078505772048
0.019632865469047543
0.011762527492676911
0.00694348201775114
0.004107459724483214
0.0024326538515096396
0.0014458526908085907
0.0008621366168044919
0.0005157943855680509
0.00030952355355129586
0.0001862536501649199
0.00011234466502766675
0.00006789902447046272
0.000041100215411324774
0.000024906274519399913
0.00001510771956329354
9.182945603167194e-6
5.621316505677524e-6
3.5223633764061913e-6
2.3593330552497084e-6
1.8420838622756574e-6
1.842084243885233e-6
2.359333222775964e-6
3.522363319085761e-6
5.621316491563911e-6
9.182945561075012e-6
0.00001510771971681129
0.000024906274507855593
0.00004110021568522529
0.00006789902458601489
0.0001123446649187396
0.00018625365049889682
0.0003095235535467982
0.0005157943856324307
0.0008621366164453289
0.0014458526906267794
0.0024326538514496303
0.00410745972448363
0.0069434820179418615
0.011762527492760591
0.01963286546892665
0.0322907850575277
0.04625780792082361
0.028644000233485668
-0.1556573995266582
-0.15565822919094552
0.028643978976689796
0.046257931040791345
0.032291100425158814
0.0196333499474196
0.011763171169609996
0.0069442721311543274
0.00410838161162356
0.0024336919231653913
0.0014469909903061678
0.0008633596607733289
0.0005170877139057793
0.0003108741324059996
0.00018765007884282824
0.00011377723064805249
0.00006935964375614562
0.000042582295707153906
0.000026404532735609926
0.000016617982141942505
0.000010701947677747628
7.146512919645722e-6
5.0517554379196335e-6
3.8913140708176205e-6
3.3752980830101344e-6
3.3752981086244513e-6
3.891314003174049e-6
5.051755415244912e-6
7.1465127700455785e-6
0.000010701947605878708
0.000016617982362767772
0.000026404532518363064
0.000042582295743128344
0.00006935964338223639
0.00011377723062923358
0.00018765007884237526
0.000310874132329658
0.0005170877137792068
0.0008633596608183376
0.0014469909903998225
0.002433691923630455
0.0041083816116716685
0.006944272130808655
0.011763171169659234
0.019633349947335142
0.03229110042509728
0.046257931040818254
0.028643978976979532
-0.1556582291910667
-0.15566041500870226
0.028643900607692722
0.04625821608047104
0.032291876880194595
0.01963455381711811
0.011764774106456412
0.006946238054641044
0.0041106702025384394
0.0024362612394904825
0.0014497990737580705
0.0008663666671813054
0.0005202572075213863
0.0003141739425765387
0.0001910526265705
0.00011725948794886649
0.00007290281700570361
0.00004617135501715508
0.000030027664039221554
0.00002026603140638056
0.000014367892178148908
0.000010824985685835033
8.738625399593917e-6
7.5833232136724045e-6
7.069741766837929e-6
7.069741810610761e-6
7.5833229172806185e-6
8.738625851163801e-6
0.000010824985645360838
0.000014367892341165047
0.000020266031248988076
0.00003002766400482581
0.00004617135505541462
0.00007290281724706677
0.0001172594879643402
0.00019105262704408342
0.00031417394201732585
0.0005202572081691465
0.0008663666670162687
0.0014497990737237748
0.002436261239519498
0.004110670202391586
0.006946238054424267
0.011764774106347149
0.01963455381706295
0.03229187688022374
0.04625821608060641
0.028643900607720672
-0.15566041500884037
-0.15566622130839075
0.02864363993971084
0.04625888035405391
0.03229380793475852
0.019637573185248662
0.011768799469750225
0.006951166709578778
0.004116390559901912
0.0024426600015006305
0.0014567656759383188
0.0008737985682777499
0.0005280627771998391
0.00032227407741888727
0.00019938100160031026
0.0001257619088149642
0.00008153599027516897
0.00005490137540803052
0.000038828429807053204
0.000029117729160631816
0.00002325563369722218
0.00001973762574132123
0.00001766776450442747
0.00001652246931670656
0.00001601360324519808
0.00001601360292012791
0.000016522469539282572
0.00001766776462601116
0.000019737625617366564
0.000023255633768213548
0.000029117729058653616
0.000038828429681736685
0.00005490137557417379
0.0000815359903852477
0.00012576190835697222
0.00019938100172910595
0.0003222740775246214
0.0005280627774683759
0.0008737985678803284
0.0014567656758872473
0.0024426600015174157
0.004116390559694001
0.0069511667095067155
0.011768799470012557
0.01963757318510935
0.03229380793470345
0.04625888035418647
0.02864363993965441
-0.15566622130857768
-0.15568178272034489
0.028642821594051304
0.04626044672801487
0.032298669680437306
0.019645228234913284
0.011779005114521436
0.006963628506058516
0.0041307977561780476
0.0024587054760666525
0.0014741577234441026
0.0008922735968872417
0.0005473911453598721
0.0003422623900408311
0.0002198709795205652
0.00014662724634843544
0.00010267809786905198
0.00007624477172612552
0.00006031628288475953
0.00005070783469251992
0.000044916961119779915
0.00004144744933941531
0.000039409329725133056
0.00003828310320061755
0.00003778316604595144
0.00003778316639177218
0.00003828310300167709
0.000039409329654898595
0.000041447449350644704
0.000044916961188945495
0.000050707834463057966
0.000060316282740275186
0.00007624477191026842
0.00010267809764725611
0.00014662724624854383
0.0002198709795896527
0.0003422623901243241
0.0005473911451336967
0.0008922735968145627
0.001474157723517792
0.0024587054761971193
0.004130797756039202
0.006963628506239978
0.0117790051144556
0.019645228234596274
0.032298669680594264
0.046260446728054884
0.02864282159407138
-0.1556817827202903
-0.15572389083004962
0.028640348625440966
0.04626421550659118
0.03231109457164626
0.019664883402856055
0.011805164007507146
0.006995440931756335
0.004167393377741958
0.002499249619301744
0.001517880852563668
0.0009385000726233887
0.0005955486056758688
0.0003918817808648729
0.0002705784689762702
0.00019813212540052127
0.00015475907483537287
0.00012873651323479246
0.00011309723235065016
0.00010368980170112984
0.00009803657740528246
0.00009465935688393354
0.00009268084673089918
0.00009159006305659758
0.00009110661347065275
0.00009110661346733294
0.00009159006293191723
0.00009268084683070011
0.00009465935686046601
0.00009803657753304902
0.00010368980177127311
0.00011309723229926917
0.00012873651301466456
0.0001547590750069505
0.00019813212576308116
0.0002705784694581341
0.0003918817806226908
0.000595548605805547
0.0009385000721709459
0.0015178808526701457
0.0024992496191053506
0.004167393377773106
0.0069954409317363716
0.011805164007477081
0.01966488340293903
0.032311094571831095
0.046264215506095004
0.02864034862557331
-0.15572389082960492
-0.1558390073136079
0.02863309238920576
0.04627358740834171
0.03234343624298426
0.019716105968091483
0.011873059632524578
0.007077538037471468
0.0042612425803836
0.0026025799339722466
0.0016286662954984352
0.0010550178633366605
0.0007163838629688393
0.0005159093621861549
0.00039692739028141265
0.0003261438909541647
0.00028394589738192915
0.0002587434181196953
0.0002436697960634252
0.00023464794355742462
0.00022925399047848084
0.00022604776827106764
0.00022417815334045243
0.0002231514059914876
0.0002226975339233837
0.00022269753387388388
0.00022315140598635466
0.0002241781535082733
0.00022604776807192662
0.0002292539900880928
0.00023464794325162881
0.00024366979620347366
0.00025874341819162654
0.00028394589727055903
0.00032614389048258837
0.0003969273901097551
0.000515909361925715
0.0007163838634180776
0.0010550178630891315
0.0016286662955792292
0.002602579934100655
0.004261242580909305
0.00707753803733569
0.011873059632203635
0.019716105968160903
0.03234343624277409
0.04627358740830294
0.0286330923890422
-0.1558390073136601
-0.15615710889383078
0.028612380878457994
0.046298099671187545
0.03242952999088848
0.019851946503478296
0.012051839830829851
0.007292030960817134
0.00450453221951544
0.0028684938861741403
0.0019118959364528188
0.0013512072597676086
0.0010220765885917624
0.0008284466345901502
0.000714315796092185
0.0006469219582395519
0.0006070624921979599
0.0005834549373935625
0.0005694575419627279
0.000561154246456649
0.0005562342543607578
0.0005533352374617228
0.0005516583583762365
0.000550743634547951
0.0005503411182153312
0.000550341118452753
0.000550743634428307
0.000551658358489217
0.0005533352377849913
0.0005562342543465129
0.0005611542465677442
0.0005694575421318394
0.000583454937484912
0.0006070624922576622
0.0006469219584900758
0.0007143157964887136
0.000828446634579969
0.0010220765887240008
0.0013512072596025802
0.0019118959361845616
0.002868493886400496
0.004504532218888897
0.007292030960594796
0.012051839830910193
0.019851946503719006
0.0324295299910071
0.0462980996710902
0.028612380878733586
-0.15615710889365841
-0.15704548097157922
0.028555174233509402
0.04636688749615636
0.032665015287376586
0.020219625199892816
0.012530444215798079
0.00786034619478534
0.005143014974377162
0.0035604396384976405
0.002643513702964065
0.0021116237310703427
0.001802987606573568
0.0016236946845155859
0.0015194434143323448
0.0014587686617267112
0.0014234263941386284
0.0014028248032526402
0.0013908091270184622
0.0013838003953175388
0.001379717252506455
0.0013773508957316905
0.0013760030372314117
0.0013752772366073089
0.001374960654595869
0.0013749606547235694
0.001375277236823926
0.001376003036999818
0.0013773508955915053
0.001379717252529718
0.001383800395211035
0.0013908091267831415
0.0014028248030997898
0.001423426394023233
0.001458768661473815
0.0015194434141986939
0.001623694684527756
0.0018029876065139576
0.0021116237307167293
0.0026435137032945867
0.003560439638639757
0.005143014973966833
0.007860346194989251
0.012530444216206235
0.02021962520006749
0.03266501528756764
0.046366887496210825
0.028555174233418468
-0.15704548097165438
-0.1595486368470965
0.028404878328116074
0.046577381527628414
0.033330183708918604
0.02123862113360437
0.013836110199462754
0.009390361848656268
0.006842326342180507
0.0053842433343603115
0.004556481223048706
0.004087119236366619
0.0038215160822513018
0.0036713746205382656
0.003586604053698525
0.0035387971933773547
0.0035118704312032106
0.003496725212503624
0.0034882201348307796
0.0034834533330753426
0.0034807896187479064
0.0034793100623888976
0.0034785013186633324
0.0034780812502958544
0.003477902622746975
0.00347790262316253
0.00347808125026713
0.0034785013187099293
0.0034793100624636144
0.003480789618870994
0.0034834533330370793
0.0034882201347979976
0.0034967252124578907
0.003511870431159435
0.0035387971933477135
0.003586604053801805
0.0036713746206488125
0.0038215160823592935
0.004087119236205634
0.004556481223093139
0.005384243334082428
0.006842326342232561
0.009390361848747971
0.013836110199243424
0.02123862113360936
0.03333018370857642
0.046577381527834597
0.02840487832831361
-0.15954863684712767
-0.16662356857544824
0.028046699364418858
0.047283076853169625
0.035279587084466095
0.024139177513860334
0.017474587773278552
0.0135844954816494
0.011438426629403031
0.010264021665149833
0.009631369419127938
0.009293608429882675
0.009115269391550773
0.009022197410153851
0.008974320000656753
0.008950136810249705
0.008938217645416257
0.008932543581622415
0.00892998158169173
0.008928923713646026
0.008928559539978852
0.008928490115158193
0.008928525147648947
0.008928577706876082
0.008928610651393708
0.008928610651107812
0.008928577706657519
0.008928525148048008
0.008928490115244141
0.00892855953969023
0.008928923713764178
0.00892998158163314
0.008932543581704429
0.008938217645195104
0.008950136810376978
0.008974320000643455
0.00902219741062497
0.00911526939143448
0.009293608430079096
0.009631369418618186
0.010264021665161872
0.011438426629608145
0.013584495481540632
0.017474587773229935
0.024139177514236658
0.03527958708431704
0.04728307685284984
0.02804669936497511
-0.16662356857519867
-0.18633873479691188
0.027392569672815625
0.04984581221195586
0.041221762085212915
0.03263476497355869
0.027849209118727153
0.025311475986940876
0.024096330179813094
0.023548386829700417
0.02332719126964146
0.02325513654147467
0.02324593496575226
0.023259353401619276
0.02327793936132163
0.02329495742316262
0.023308444720951414
0.023318373068937193
0.023325360726239072
0.023330129360538784
0.02333330495930707
0.02333536770668913
0.023336659417473177
0.02333740767734082
0.02333774971418711
0.023337749714378495
0.023337407677231733
0.023336659417440023
0.02333536770656225
0.02333330495922529
0.023330129360693393
0.0233253607259349
0.02331837306877332
0.023308444720745163
0.02329495742330416
0.023277939361357913
0.02325935340120857
0.023245934965391058
0.023255136541058534
0.023327191269725538
0.023548386830450116
0.02409633017989015
0.025311475986943766
0.02784920911876001
0.03263476497406033
0.041221762085232164
0.04984581221242582
0.027392569672078773
-0.18633873479762997
-0.2376337866820894
0.0274449310541343
0.05962266969755088
0.05995760796212783
0.05814620289680483
0.05804593689953669
0.058705852219420596
0.0595675625099681
0.06034283582688689
0.06094679241194435
0.06138271661259047
0.061683016264015386
0.061883702841613965
0.06201504085250972
0.062099728076668456
0.06215374638675818
0.06218792411137636
0.06220941128991425
0.062222844218247544
0.062231187659232926
0.062236313914177444
0.06223938729362668
0.0622411118172658
0.06224188476070432
0.062241884761044156
0.062241111817391934
0.062239387293468
0.062236313914314625
0.062231187659508067
0.06222284421814265
0.06220941128994531
0.06218792411126202
0.06215374638733906
0.062099728076774656
0.06201504085276671
0.061883702841748
0.061683016264353116
0.06138271661233169
0.060946792411671016
0.06034283582694015
0.05956756250995557
0.058705852219287494
0.05804593689980818
0.05814620289672435
0.05995760796187326
0.059622669697139974
0.02744493105525285
-0.23763378668216698
-0.3361861106737627
0.03735123391711946
0.09592845658654059
0.11870384082517463
0.13437227199978358
0.14555956969811332
0.15345443212221022
0.15870936287184245
0.16211603905393018
0.16427075979508354
0.1656145888114272
0.1664440621648418
0.16695274289473286
0.16726334677778626
0.1674524982779127
0.16756750403144127
0.16763736700085963
0.16767978328711242
0.16770551497367747
0.16772108909867
0.167730449669173
0.16773596112625272
0.1677390115067202
0.16774036686148067
0.16774036686141286
0.16773901150654297
0.16773596112632236
0.16773044966917744
0.16772108909846462
0.16770551497396072
0.16767978328710065
0.16763736700055165
0.16756750403081486
0.16745249827734507
0.1672633467778437
0.16695274289430254
0.16644406216464597
0.16561458881175695
0.16427075979516795
0.16211603905414454
0.15870936287150939
0.15345443212178111
0.1455595696978887
0.13437227199949803
0.11870384082510521
0.09592845658655935
0.03735123391704068
-0.33618611067455517
-0.19159316094524984
0.09633308408878838
0.18308305667842803
0.2563629209883105
0.31517137275123464
0.3524234195531589
0.3758349998547914
0.38983678171595937
0.39815499255062237
0.4030488447242182
0.40592456811311484
0.4076138617127979
0.4086077899970377
0.4091938162073695
0.4095402131513165
0.4097455030768155
0.4098674814297044
0.40994012720392387
0.4099834642159915
0.41000931407700947
0.41002465745905636
0.41003359838618003
0.4100385077408224
0.4100406780808374
0.41004067808101813
0.41003850774132283
0.4100335983860739
0.41002465745889294
0.4100093140766312
0.4099834642166854
0.4099401272034821
0.4098674814305367
0.40974550307525104
0.40954021315198674
0.4091938162068093
0.4086077899965511
0.407613861712239
0.405924568113543
0.40304884472434155
0.39815499255128384
0.3898367817151108
0.37583499985447166
0.35242341955397993
0.3151713727526877
0.2563629209879634
0.1830830566792305
0.09633308408940727
-0.19159316094500045
3.9262689193899503
-0.7317847665828419
-1.2688983067486075
-1.094395892363572
-0.9203990342939369
-0.8163846211971039
-0.7557996683423815
-0.721995733436776
-0.7030012682525058
-0.6923180389425262
-0.6862629160437131
-0.6828090223819162
-0.6808254871388217
-0.6796794051442835
-0.6790134498977354
-0.6786245050979398
-0.6783963021820973
-0.6782618769107054
-0.6781824505231295
-0.6781354685552388
-0.6781077822790469
-0.6780917453737247
-0.6780829802270972
-0.6780791167242823
-0.6780791167243034
-0.6780829802264756
-0.6780917453745229
-0.6781077822863834
-0.6781354685521759
-0.678182450525415
-0.6782618769076914
-0.6783963021805373
-0.6786245050981552
-0.6790134498934386
-0.6796794051443233
-0.6808254871406854
-0.6828090223817472
-0.6862629160364422
-0.6923180389443117
-0.7030012682511618
-0.7219957334392515
-0.7557996683380368
-0.8163846212067128
-0.9203990342955422
-1.0943958923639938
-1.2688983067475004
-0.7317847665849181
3.926268919393343