381.1639080574937
4.004024951000153
13.99894817031685
-15.175240553972348
-16.30508895119383
-20.228908530857616
-20.92489542017153
-21.66589284197441
-21.900710166233928
-22.074184667757486
-22.14575127204662
-22.191703282599974
-22.213221149440493
-22.226287164486813
-22.232825825300775
-22.236708685617607
-22.238729505839693
-22.239919514196544
-22.240555203226492
-22.240928634045584
-22.241131833241504
-22.241251011624087
-22.241316359841946
-22.241353917826373
-22.24137330176122
-22.241381891825014
-22.24138189180961
-22.241373301719868
-22.241353917809874
-22.241316359858637
-22.241251011658264
-22.241131833240388
-22.24092863402999
-22.240555203180158
-22.239919514194547
-22.238729505873046
-22.236708685617728
-22.23282582532871
-22.22628716443745
-22.213221149418583
-22.191703282613673
-22.145751272070953
-22.074184667814926
-21.900710166192457
-21.665892841953962
-20.92489542012629
-20.22890853093066
-16.305088951264594
-15.175240553967232
13.99894817033508
4.004024951022481
381.1639080574922
36.9473912146761
7.971641097791231
6.628317381661125
2.7700041818445973
0.7763212871474489
0.02420101298639799
-0.6158941181282087
-0.8104168146730275
-0.9888639292827044
-1.0461210055340318
-1.095663898667313
-1.1133144126900867
-1.1274361188787303
-1.1329778351335493
-1.137128371517269
-1.1388883578078928
-1.1401429338360942
-1.1407077966171566
-1.1410963237422709
-1.1412795303056846
-1.1414023074207866
-1.1414621916758567
-1.1415013437558068
-1.1415205321812736
-1.1415320803373945
-1.1415365091468543
-1.1415365091449097
-1.141532080334825
-1.1415205321755775
-1.1415013437581556
-1.1414621916841177
-1.1414023074239235
-1.141279530296821
-1.1410963237365834
-1.1407077966221766
-1.1401429338405813
-1.1388883578095572
-1.137128371515856
-1.1329778351396036
-1.1274361188692539
-1.1133144126906613
-1.095663898677524
-1.0461210055385095
-0.9888639292734029
-0.8104168146658621
-0.6158941181366121
0.024201012985376958
0.7763212871459253
2.770004181836633
6.628317381664513
7.971641097808688
36.94739121468092
8.603083905460814
1.9412258149558563
3.6360953056188627
1.5896454270016522
1.536398050600584
0.9547955098444492
0.8602115085061147
0.6908437641002445
0.6511068451439168
0.6010392770282489
0.5869935857027268
0.5720103608905885
0.5672738561334536
0.5627299797576297
0.5611551350355197
0.5597569456279652
0.5592347462929806
0.5587979462818504
0.5586244367157491
0.5584859175948371
0.5584280717013109
0.5583836121354644
0.5583644212014658
0.5583503676178618
0.5583445592909854
0.5583413403826809
0.5583413403832674
0.5583445592907168
0.5583503676185517
0.5583644212022897
0.5583836121349826
0.5584280716994998
0.558485917595068
0.5586244367164005
0.5587979462818662
0.5592347462911758
0.5597569456263859
0.5611551350355329
0.562729979760016
0.567273856133203
0.5720103608892091
0.5869935857038606
0.6010392770278312
0.6511068451440319
0.6908437640985325
0.8602115085109493
0.9547955098415882
1.5363980505998436
1.5896454270020879
3.6360953056222005
1.9412258149624182
8.603083905465093
-7.883491149554878
0.6466709683506784
0.8678184161067861
1.1723113539584207
1.0724399809700937
1.044455491981259
0.9680629590306864
0.9461027477628108
0.9136648425052849
0.9045174977831298
0.892823650938003
0.8894440162742112
0.8854889036080882
0.884293617131781
0.8829906185335258
0.882576075919286
0.8821507575409631
0.8820083124297385
0.8818695528283194
0.8818208257016849
0.8817753880665615
0.8817588074142302
0.8817439588261076
0.8817384980322237
0.8817340483893641
0.8817327701300135
0.8817327701293345
0.8817340483886559
0.8817384980312506
0.8817439588262046
0.881758807416207
0.8817753880659489
0.881820825700034
0.8818695528282208
0.8820083124303701
0.8821507575412733
0.8825760759195123
0.8829906185332659
0.8842936171318614
0.8854889036080249
0.8894440162744641
0.8928236509391574
0.904517497783623
0.9136648425032803
0.946102747762714
0.9680629590313317
1.0444554919813893
1.0724399809714984
1.172311353957824
0.8678184161085557
0.6466709683526946
-7.883491149553963
-13.737465440080769
-0.08527091787772066
-0.1388599219115049
0.7810538479201212
0.8680251846940457
0.9482083497772846
0.9678346684304276
0.9689461645187578
0.9711089264546559
0.9674270680279884
0.9670454358047839
0.9650650843429841
0.9646888224988457
0.9638800448119147
0.9636985844168309
0.9633989930490239
0.9633254720256221
0.96321941553183
0.9631917493473564
0.9631550414135482
0.9631450440178269
0.9631325006146134
0.9631290163817725
0.9631248713240901
0.9631237908326635
0.9631228168791104
0.9631228168798249
0.9631237908334482
0.9631248713242525
0.9631290163807671
0.9631325006146367
0.9631450440182598
0.9631550414145911
0.963191749347928
0.9632194155317431
0.963325472025354
0.9633989930478373
0.9636985844177481
0.963880044812292
0.9646888224999461
0.9650650843415964
0.9670454358038982
0.9674270680282511
0.9711089264545882
0.9689461645205026
0.9678346684290997
0.948208349776328
0.8680251846933269
0.7810538479190685
-0.13885992191170285
-0.08527091787685004
-13.737465440083062
-16.748602655687325
-0.3948978281646254
-0.6993429157794933
0.6083702208731403
0.718682988451621
0.8960360734001649
0.9355635506775848
0.9673704517897528
0.9768112180885287
0.9833748575216446
0.9852286510812492
0.9866679289976195
0.986940786294365
0.9872634562214209
0.9872686161896158
0.987341156116555
0.9873219929245606
0.9873381695747784
0.9873266981352531
0.9873302704429174
0.9873251903601681
0.9873259889766057
0.9873239944448324
0.9873241847218441
0.9873235160577516
0.9873235545521111
0.9873235545529027
0.9873235160581384
0.9873241847221239
0.9873239944443082
0.9873259889762518
0.9873251903599656
0.9873302704438933
0.9873266981357569
0.9873381695744116
0.9873219929238746
0.9873411561156009
0.9872686161906181
0.9872634562213227
0.9869407862953533
0.9866679289967056
0.9852286510803965
0.9833748575224969
0.9768112180882746
0.967370451791481
0.9355635506765035
0.8960360733998914
0.7186829884510375
0.608370220871399
-0.6993429157796671
-0.39489782816632757
-16.748602655685673
-18.130775101680143
-0.5566106261335801
-0.9604438187659741
0.5082711111848168
0.6456207668469014
0.8582752998472684
0.9165789576155448
0.9584307241607342
0.975826391131543
0.9854767507673066
0.9903014211934781
0.9926895124796922
0.9940159614097104
0.9946256854399733
0.9949951826037731
0.995153460643133
0.9952587352294837
0.9953003432286524
0.995331186756746
0.9953422632422236
0.9953515880887285
0.9953545714618055
0.9953574655184965
0.9953582633001181
0.9953591092589409
0.9953592712648176
0.9953592712639101
0.9953591092580356
0.9953582633003706
0.9953574655186759
0.9953545714625104
0.9953515880881412
0.9953422632414578
0.9953311867560571
0.9953003432286958
0.9952587352303366
0.9951534606430369
0.9949951826039418
0.9946256854395532
0.9940159614091213
0.9926895124802597
0.9903014211947443
0.9854767507683535
0.9758263911298222
0.9584307241612274
0.9165789576154151
0.8582752998481942
0.645620766847828
0.508271111183479
-0.9604438187664295
-0.5566106261341168
-18.130775101679617
-18.836833285792444
-0.6356939347361872
-1.0981826417613596
0.45837473092513786
0.6039083809335268
0.8383089702178884
0.903552083864465
0.9526329105828701
0.9729819904954434
0.9852575066316684
0.991153577121878
0.9944989440570917
0.9961870757479179
0.9971404561574528
0.9976269887007683
0.9979067654051164
0.9980488485710223
0.9981329820514235
0.9981751486793848
0.9982010477516159
0.998213775393351
0.9982219189552228
0.9982257982586997
0.9982283448493513
0.9982294464582826
0.998230027966905
0.998230027966289
0.9982294464574382
0.9982283448493939
0.9982257982588227
0.9982219189560732
0.9982137753931459
0.9982010477512263
0.9981751486791468
0.9981329820513218
0.9980488485718375
0.9979067654047449
0.9976269887015348
0.9971404561564553
0.9961870757473715
0.9944989440575711
0.9911535771227609
0.985257506632235
0.9729819904939627
0.9526329105828526
0.9035520838638242
0.8383089702187574
0.6039083809346024
0.4583747309247185
-1.0981826417605112
-0.635693934734718
-18.836833285794025
-19.18780143037798
-0.6768675764285601
-1.1675504972282258
0.43135446140523726
0.582337460051774
0.8267132768429224
0.8963761095120697
0.9486442145713991
0.9710202013996684
0.9844215065960473
0.9911339907546183
0.9948784841622842
0.996877672714894
0.9979691189645208
0.9985704401669065
0.9988966216691232
0.9990802196483664
0.9991795325072151
0.9992365359349767
0.9992672696268371
0.9992852694135171
0.9992949042676946
0.9993006384719988
0.9993036191508737
0.9993053109120983
0.9993059836512531
0.9993059836521746
0.9993053109129222
0.9993036191508069
0.9993006384709435
0.9992949042674895
0.9992852694134304
0.9992672696283931
0.9992365359352717
0.999179532507168
0.9990802196478193
0.9988966216681608
0.9985704401685468
0.9979691189642016
0.9968776727151318
0.9948784841613736
0.9911339907532586
0.9844215065960814
0.9710202013996376
0.9486442145729792
0.8963761095105666
0.8267132768423807
0.582337460052395
0.43135446140652145
-1.1675504972258983
-0.6768675764281074
-19.18780143037737
-19.36904914186428
-0.6979801619422696
-1.204014149301873
0.4173132158500845
0.5705995022475857
0.8205038616422788
0.8922056581910618
0.9463569691852054
0.9696745432839118
0.9837940279152794
0.9908842401306518
0.9949065484001502
0.9970479297896442
0.9982452214246857
0.9988978629902421
0.999263583535935
0.999465094079509
0.9995789344444201
0.9996420077208465
0.9996780188045378
0.9996980149485529
0.9997095500128195
0.9997159155165819
0.9997195565231354
0.9997214265359188
0.9997222599034923
0.9997222599044309
0.9997214265363226
0.9997195565229429
0.9997159155163005
0.9997095500134899
0.9996980149484012
0.9996780188056182
0.9996420077199275
0.9995789344445096
0.9994650940788956
0.9992635835359942
0.9988978629898039
0.9982452214242459
0.9970479297906195
0.9949065483997538
0.9908842401302942
0.9837940279159567
0.9696745432843923
0.9463569691859549
0.8922056581905013
0.8205038616424178
0.5705995022475715
0.4173132158500392
-1.2040141493003875
-0.6979801619448318
-19.369049141861677
-19.462204632394382
-0.7090589798958669
-1.2229573356542383
0.4098021084122502
0.5643967415044518
0.8170739190894658
0.889927529505445
0.9450120750927092
0.9688816429721778
0.9833552716431038
0.9906789538192964
0.9948378579733588
0.9970730048766914
0.9983220269831192
0.9990111344794257
0.9993959230904873
0.9996112833832298
0.9997319576675605
0.9998001992145698
0.999838591779334
0.9998604916617457
0.9998728310359779
0.9998798848504149
0.9998837826064924
0.9998858753869687
0.9998867668042966
0.9998867668039069
0.999885875385509
0.9998837826060887
0.9998798848524182
0.9998728310371983
0.9998604916610596
0.9998385917779661
0.9998001992129237
0.9997319576680991
0.9996112833840243
0.9993959230917185
0.999011134477322
0.9983220269825501
0.9970730048768253
0.9948378579748969
0.9906789538215414
0.9833552716442341
0.9688816429710718
0.9450120750908833
0.8899275295074216
0.8170739190903886
0.5643967415042817
0.4098021084093913
-1.2229573356551402
-0.7090589798972855
-19.462204632395554
-19.510864053856935
-0.7148602376851031
-1.2329681112905548
0.40583058881706735
0.5610571748911694
0.815227258917695
0.8886608822384098
0.944262350263021
0.9684119665325963
0.9830891208527692
0.9905318354902577
0.9947728496554844
0.9970559662424415
0.998337768140496
0.999045530314937
0.9994431557124007
0.9996655549708762
0.9997911604287795
0.9998619848417867
0.9999022406941104
0.9999250621200972
0.9999380942625995
0.9999454649973478
0.999949608999509
0.9999517985451651
0.9999527505610466
0.9999527505611963
0.9999517985448234
0.9999496089997675
0.9999454649975847
0.9999380942618386
0.99992506211948
0.9999022406944496
0.9998619848428233
0.9997911604292127
0.9996655549704709
0.9994431557126136
0.999045530314236
0.9983377681420137
0.9970559662417818
0.9947728496555126
0.990531835490299
0.9830891208521311
0.9684119665321349
0.9442623502611831
0.8886608822405491
0.8152272589158914
0.5610571748901916
0.40583058881561807
-1.2329681112920357
-0.7148602376841797
-19.510864053857027
-19.53631020830162
-0.7179290989660065
-1.2382486559090045
0.4037061529781952
0.559274895315971
0.8142218882454677
0.8879712363807628
0.9438412725650815
0.9681463565211754
0.9829295450143614
0.9904402111692712
0.994724233524543
0.9970357214869284
0.9983347888381586
0.9990540620750289
0.9994584704065033
0.9996854333591694
0.9998136389463851
0.9998862373252506
0.9999274649102028
0.9999509638308062
0.9999643488495984
0.9999719717036999
0.9999762367645418
0.9999785094585354
0.9999794903387351
0.9999794903399997
0.999978509459267
0.9999762367655896
0.9999719717017668
0.9999643488479524
0.9999509638311065
0.9999274649115331
0.9998862373271729
0.9998136389460984
0.9996854333581557
0.9994584704054144
0.9990540620761823
0.9983347888396936
0.9970357214871379
0.9947242335232273
0.9904402111676089
0.9829295450130844
0.9681463565222045
0.9438412725657515
0.8879712363808305
0.8142218882439127
0.5592748953157896
0.403706152980072
-1.238248655907538
-0.7179290989614642
-19.536310208306645
-19.54972477745356
-0.7195545460510693
-1.241056227139856
0.4025727934298431
0.558316326843161
0.8136791865365285
0.8875934513277779
0.9436092673139986
0.9679961073843113
0.9828379647109944
0.99038461015939
0.9946930197484828
0.997019645942238
0.9983288011510388
0.9990542626160068
0.9994627771716377
0.9996922069540868
0.9998220532160602
0.9998956114060424
0.9999374826652104
0.9999613457760101
0.9999749781884959
0.99998273442488
0.9999870897150633
0.999989405473658
0.9999904088830418
0.9999904088830731
0.999989405473704
0.9999870897154234
0.9999827344235184
0.9999749781880434
0.9999613457768632
0.9999374826641352
0.9998956114061155
0.9998220532154354
0.9996922069547687
0.9994627771716673
0.9990542626171339
0.9983288011507236
0.9970196459417872
0.9946930197488597
0.9903846101587563
0.982837964711942
0.9679961073840341
0.9436092673160555
0.8875934513256258
0.8136791865379644
0.5583163268449707
0.40257279343136665
-1.2410562271377414
-0.7195545460481638
-19.54972477745718
-19.556813625355545
-0.7204200678559282
-1.2425503423599569
0.40196489439373867
0.5578019097743727
0.8133849202022975
0.8873880618118319
0.9434811920941139
0.9679125975165526
0.9827857157141595
0.9903522865262286
0.9946737815537112
0.9970089650181071
0.9983235783163756
0.999052627063604
0.9994633820410592
0.9996942853116373
0.9998250328493037
0.9998991848581431
0.9999414107995885
0.9999655086637775
0.9999792770138062
0.999987123288127
0.9999915277139385
0.9999938738214382
0.9999948893816524
0.9999948893807618
0.9999938738206944
0.9999915277130147
0.9999871232892342
0.9999792770157836
0.9999655086643713
0.9999414107981374
0.9998991848567831
0.9998250328494673
0.9996942853125621
0.9994633820421757
0.9990526270633859
0.9983235783140323
0.9970089650174037
0.9946737815550672
0.9903522865268981
0.9827857157154849
0.9679125975155374
0.9434811920939449
0.8873880618096417
0.8133849202047629
0.5578019097751405
0.40196489439151156
-1.2425503423637754
-0.7204200678613384
-19.55681362535104
-19.56057720661554
-0.7208818191170735
-1.243348887206705
0.40163880876483105
0.5575248151251807
0.8132257885860853
0.8872761395647474
0.9434110204854311
0.9678662316662303
0.9827564170784425
0.9903336999416386
0.994662442796516
0.9970022627899078
0.9983199543539161
0.999050963989615
0.99946301043556
0.9996947263416576
0.9998260069974827
0.9999004889980844
0.9999429311539741
0.9999671600791598
0.9999810141990242
0.9999889107574871
0.9999933473076947
0.9999957103061803
0.9999967340185368
0.9999967340183653
0.9999957103063187
0.9999933473083464
0.9999889107580464
0.9999810141998388
0.9999671600793577
0.9999429311543913
0.9999004889976618
0.9998260069978482
0.999694726340745
0.9994630104358229
0.9990509639887986
0.9983199543530777
0.9970022627903292
0.9946624427962003
0.9903336999426493
0.9827564170785291
0.9678662316668301
0.943411020485081
0.8872761395646871
0.8132257885860148
0.5575248151233658
0.40163880876316527
-1.2433488872085166
-0.7208818191178339
-19.56057720661739
-19.562580117433956
-0.7211289560515148
-1.2437763363405177
0.4014633749565908
0.5573755609176252
0.8131395509707164
0.88721531429931
0.9433725595550773
0.9678406786663436
0.9827400487775568
0.990323196769299
0.9946558652280273
0.9969982563034085
0.9983176284492061
0.9990497428279767
0.9994625006768116
0.9996946832339075
0.9998262602296317
0.9999009360284642
0.9999434993474524
0.9999678072605762
0.9999817097204073
0.9999896374475554
0.9999940921506485
0.9999964658904424
0.999997494211601
0.9999974942116596
0.9999964658916216
0.9999940921514756
0.9999896374469388
0.9999817097185137
0.9999678072606037
0.9999434993481209
0.9999009360301985
0.9998262602291818
0.9996946832321114
0.9994625006766428
0.9990497428278832
0.9983176284512136
0.9969982563037281
0.9946558652261739
0.9903231967684858
0.9827400487764988
0.9678406786670741
0.9433725595559848
0.8872153143004963
0.8131395509689181
0.557375560917097
0.40146337495738804
-1.2437763363357286
-0.7211289560480658
-19.56258011743325
-19.56364929975328
-0.7212614678403069
-1.2440057561411124
0.40136890937031705
0.5572949949376353
0.8130928434490867
0.8871822227356636
0.9433515436348798
0.9678266105629663
0.9827309743756307
0.9903172963522306
0.994652118773949
0.9969959106006381
0.9983162156478647
0.9990489367346544
0.9994620951448718
0.9996945362625864
0.9998262829667254
0.999901067122854
0.9999437012064422
0.9999680536486155
0.9999819849716253
0.9999899303849673
0.9999943961709967
0.9999967760282289
0.9999978072059956
0.9999978072049989
0.9999967760276217
0.9999943961700068
0.9999899303847779
0.9999819849710718
0.9999680536480603
0.9999437012055994
0.9999010671223549
0.9998262829667396
0.9996945362628885
0.9994620951459228
0.999048936733961
0.9983162156485432
0.9969959106001395
0.9946521187750936
0.9903172963522786
0.9827309743750734
0.9678266105627649
0.9433515436347026
0.887182222736604
0.813092843449914
0.557294994939578
0.4013689093724326
-1.2440057561385771
-0.7212614678425233
-19.56364929974529
-19.564221215230454
-0.721332674585384
-1.2441290762994024
0.4013179472368247
0.5572514788721157
0.8130675146824056
0.8871642344023465
0.9433400595430874
0.967818891002034
0.9827259553991992
0.9903140083128241
0.994650001885709
0.996994564068031
0.9983153797753903
0.999048438068934
0.9994618174812309
0.9996944041625151
0.9998262453190152
0.9999010914040651
0.9999437652241705
0.9999681435588669
0.999982091225039
0.9999900471131669
0.999994519217054
0.9999969027551883
0.9999979355667556
0.9999979355663393
0.9999969027549718
0.9999945192170061
0.9999900471140983
0.999982091225915
0.9999681435594658
0.999943765223779
0.9999010914030729
0.9998262453191602
0.9996944041632327
0.9994618174822201
0.9990484380683161
0.9983153797744518
0.9969945640680291
0.9946500018866762
0.9903140083135026
0.9827259553987799
0.9678188910022829
0.9433400595430996
0.8871642344017895
0.8130675146827473
0.5572514788715606
0.4013179472365238
-1.2441290763021033
-0.7213326745848827
-19.564221215234554
-19.564527794645386
-0.7213709957924042
-1.2441954843566048
0.4012904280138733
0.5572279425313071
0.813053777623002
0.8871544502199498
0.9433337920894846
0.9678146582993159
0.9827231898266657
0.9903121824061807
0.9946488162031841
0.9969937988736948
0.9983148959605641
0.9990481395419553
0.999461641924891
0.9996943092091902
0.9998262035366172
0.9999010842050888
0.9999437806994064
0.9999681736197542
0.9999821307523439
0.999990092589633
0.999994568405018
0.9999969540461211
0.999997987827994
0.9999979878289761
0.9999969540468387
0.9999945684055009
0.999990092590429
0.9999821307522659
0.9999681736204089
0.9999437806995093
0.9999010842058366
0.9998262035367476
0.999694309208282
0.9994616419249014
0.999048139541948
0.9983148959603774
0.9969937988740518
0.994648816202619
0.9903121824057861
0.9827231898262714
0.9678146583005192
0.9433337920897394
0.887154450218979
0.8130537776214593
0.5572279425295117
0.40129042801095494
-1.2441954843591034
-0.7213709957929132
-19.56452779465105
-19.564692378053426
-0.7213916471106874
-1.2442312834731069
0.4012755517484071
0.5572152059197271
0.81304632283058
0.8871491302990571
0.9433303723623232
0.967812341606579
0.9827216685337965
0.9903111728516052
0.9946481552550275
0.996993368277051
0.9983146194116508
0.9990479652528759
0.9994615353986722
0.999694247569106
0.9998261714157011
0.9999010715497103
0.9999437807366531
0.9999681819666804
0.9999821444412322
0.9999901097091632
0.9999945876349615
0.9999969745033624
0.9999980088398728
0.9999980088404198
0.9999969745037637
0.9999945876350222
0.9999901097083448
0.9999821444390855
0.9999681819664452
0.9999437807365963
0.9999010715500272
0.9998261714157958
0.9996942475683346
0.9994615353985217
0.9990479652532058
0.9983146194126626
0.9969933682771854
0.9946481552549382
0.9903111728512833
0.9827216685335344
0.9678123416071649
0.9433303723623072
0.8871491302995169
0.81304632282996
0.5572152059204997
0.40127555174912033
-1.244231283472029
-0.7213916471127926
-19.564692378047535
-19.564780793422287
-0.7214027793257742
-1.2442505893813265
0.4012675105874974
0.5572083133942669
0.8130422797564169
0.8871462392820559
0.9433285092006223
0.967811075468306
0.9827208341510292
0.9903106164144255
0.9946477888958672
0.9969931275738685
0.9983144631785439
0.9990478651010353
0.9994614726618153
0.9996942096029755
0.9998261498864405
0.9999010608406
0.9999437771633358
0.9999681830471716
0.9999821485574605
0.9999901157609896
0.9999945948990727
0.9999969824654241
0.9999980171220495
0.9999980171217784
0.9999969824640613
0.999994594898723
0.9999901157605486
0.9999821485571092
0.9999681830474861
0.9999437771619861
0.9999010608409478
0.9998261498861274
0.9996942096042041
0.9994614726622306
0.9990478651011445
0.9983144631784204
0.996993127572821
0.9946477888969026
0.9903106164144887
0.9827208341506147
0.9678110754677162
0.94332850920056
0.8871462392816589
0.8130422797579879
0.5572083133958139
0.4012675105888354
-1.2442505893788134
-0.7214027793199369
-19.56478079342684
-19.564828187134346
-0.7214087658832644
-1.2442609744295623
0.4012631755693416
0.5572045944151748
0.8130400936855167
0.8871446737838147
0.9433274978171524
0.9678103865900932
0.9827203786638224
0.990310311578477
0.9946475871658411
0.9969929942410622
0.998314375858206
0.9990478084651868
0.9994614365127068
0.9996941870986209
0.9998261364373997
0.9999010533939932
0.9999437736718562
0.9999681821595063
0.999982149365971
0.9999901176639227
0.9999945974839566
0.9999969854445019
0.9999980202806216
0.9999980202808185
0.9999969854440518
0.9999945974846187
0.9999901176634206
0.9999821493667563
0.9999681821594546
0.9999437736712351
0.9999010533948606
0.9998261364361964
0.9996941871002483
0.9994614365133478
0.9990478084662384
0.9983143758565141
0.9969929942402709
0.9946475871660447
0.9903103115789407
0.9827203786628069
0.967810386589822
0.9433274978166819
0.8871446737820108
0.8130400936868081
0.5572045944156082
0.4012631755701017
-1.2442609744310857
-0.7214087658810091
-19.56482818713815
-19.564853303744535
-0.7214119474634882
-1.244266495248818
0.4012608667791343
0.5572026120848464
0.8130389264958071
0.8871438367616753
0.9433269560505448
0.9678100168066448
0.9827201335595444
0.9903101470232093
0.9946474778623985
0.9969929216253478
0.9983143280012032
0.9990477771359044
0.9994614162596045
0.9996941742274715
0.9998261284885775
0.9999010487131573
0.9999437711578576
0.9999681810730934
0.9999821492141793
0.9999901181140339
0.9999945983125896
0.9999969864922298
0.9999980214317112
0.9999980214319311
0.9999969864941017
0.9999945983129335
0.9999901181140398
0.9999821492148064
0.9999681810729987
0.99994377115976
0.9999010487133517
0.9998261284882743
0.9996941742267664
0.9994614162598578
0.9990477771366113
0.9983143280003632
0.996992921626384
0.9946474778611044
0.9903101470228857
0.9827201335581579
0.9678100168092311
0.9433269560506166
0.8871438367598188
0.8130389264959959
0.5572026120825856
0.4012608667800649
-1.2442664952483007
-0.7214119474718428
-19.56485330373499
-19.56486602858318
-0.7214135631706167
-1.2442692994314375
0.4012596922692985
0.5572016030456401
0.8130383315436143
0.8871434096777784
0.9433266791829041
0.9678098275511802
0.9827200078558787
0.9903100624437938
0.9946474215124312
0.996992884060081
0.9983143031218363
0.9990477607459011
0.9994614055644251
0.9996941673409578
0.9998261241425741
0.9999010460618032
0.9999437696298674
0.9999681802899409
0.999982148915391
0.9999901181335685
0.999994598529108
0.9999969868253247
0.9999980218184743
0.9999980218175192
0.9999969868260113
0.9999945985279264
0.9999901181348974
0.9999821489161214
0.9999681802893023
0.999943769629734
0.9999010460597375
0.9998261241427064
0.9996941673394397
0.9994614055647668
0.9990477607436619
0.998314303119909
0.9969928840610222
0.9946474215129346
0.9903100624453727
0.9827200078563594
0.9678098275524017
0.9433266791824768
0.8871434096786109
0.813038331546224
0.5572016030436806
0.4012596922675845
-1.244269299430616
-0.7214135631753527
-19.564866028584518
-19.564871350616954
-0.7214142400071207
-1.2442704742959694
0.40125919968396534
0.5572011796775784
0.8130380816985965
0.8871432301982709
0.9433265627202183
0.96780974785699
0.982719954858685
0.9903100267305238
0.994647397678266
0.9969928681329494
0.9983142925426791
0.99904775374634
0.9994614009735026
0.999694164359724
0.9998261222399609
0.9999010448775894
0.999943768922958
0.999968179898715
0.9999821487322189
0.9999901180874295
0.9999945985663157
0.9999969869125853
0.9999980219269884
0.999998021925909
0.999996986911994
0.9999945985659917
0.9999901180885651
0.999982148731934
0.9999681798988651
0.999943768921973
0.9999010448759873
0.9998261222413564
0.9996941643600039
0.9994614009744548
0.9990477537446103
0.9983142925427648
0.996992868132989
0.9946473976791204
0.9903100267313506
0.982719954858819
0.9678097478562268
0.9433265627184857
0.8871432302003142
0.8130380816982876
0.5572011796771783
0.40125919968247026
-1.244270474297701
-0.7214142400086143
-19.564871350614766
-19.56487135060486
-0.7214142400158827
-1.2442704742978146
0.40125919967802504
0.5572011796746568
0.8130380816999977
0.887143230198138
0.9433265627205543
0.9678097478562758
0.9827199548587193
0.9903100267314894
0.994647397679447
0.996992868133888
0.9983142925416904
0.9990477537454563
0.9994614009735452
0.999694164359371
0.9998261222413499
0.9999010448764933
0.9999437689228212
0.9999681798968989
0.9999821487336038
0.9999901180872193
0.9999945985662657
0.9999969869114007
0.9999980219249263
0.9999980219256708
0.9999969869121166
0.999994598567687
0.9999901180858977
0.9999821487322564
0.9999681798976967
0.9999437689234862
0.9999010448780313
0.9998261222422801
0.9996941643602086
0.9994614009736562
0.9990477537472029
0.9983142925430191
0.9969928681341351
0.9946473976786054
0.9903100267300222
0.982719954856489
0.9678097478566487
0.9433265627195326
0.8871432301985392
0.8130380816965646
0.5572011796747116
0.4012591996800818
-1.2442704743006203
-0.7214142400115343
-19.564871350603035
-19.56486602856176
-0.7214135631882177
-1.2442692994342108
0.4012596922624898
0.5572016030415116
0.8130383315451682
0.8871434096769621
0.943326679182716
0.9678098275510509
0.982720007855973
0.9903100624448804
0.994647421513976
0.9969928840619093
0.99831430312016
0.9990477607449497
0.999461405564961
0.9996941673406059
0.9998261241441564
0.9999010460605904
0.9999437696299338
0.9999681802877596
0.9999821489180922
0.999990118133671
0.9999945985283181
0.999996986824849
0.9999980218163014
0.9999980218174291
0.9999969868252755
0.9999945985301832
0.9999901181306049
0.9999821489164873
0.9999681802880773
0.99994376963055
0.9999010460628501
0.9998261241429327
0.9996941673399715
0.9994614055632799
0.9990477607471238
0.9983143031212193
0.9969928840611847
0.99464742151236
0.9903100624434606
0.9827200078549918
0.9678098275522102
0.9433266791847976
0.8871434096761122
0.8130383315443948
0.5572016030421287
0.4012596922643038
-1.244269299431393
-0.7214135631771967
-19.564866028574084
-19.56485330376098
-0.721411947461142
-1.2442664952455118
0.4012608667853156
0.557202612087595
0.8130389264966233
0.8871438367604901
0.9433269560496658
0.9678100168084671
0.9827201335599609
0.990310147023697
0.9946474778601567
0.9969929216238376
0.9983143279994098
0.9990477771372892
0.9994614162594674
0.9996941742262205
0.999826128486101
0.9999010487122599
0.9999437711587196
0.9999681810748742
0.9999821492152872
0.9999901181136126
0.999994598311692
0.9999969864950482
0.9999980214343129
0.9999980214334336
0.9999969864939171
0.9999945983115961
0.9999901181132116
0.9999821492159873
0.9999681810746615
0.9999437711579129
0.999901048712236
0.9998261284848292
0.9996941742269834
0.9994614162601174
0.9990477771371598
0.9983143279984925
0.9969929216232101
0.9946474778612873
0.990310147024346
0.9827201335613284
0.9678100168083994
0.9433269560507109
0.8871438367585012
0.8130389264996892
0.5572026120879662
0.40126086678503414
-1.2442664952444042
-0.7214119474656226
-19.564853303754695
-19.56482818714121
-0.7214087658745256
-1.244260974425372
0.4012631755722532
0.5572045944167551
0.8130400936846061
0.8871446737845439
0.9433274978171293
0.967810386590352
0.98272037866291
0.9903103115777783
0.9946475871651579
0.9969929942404802
0.9983143758595535
0.9990478084653955
0.9994614365121888
0.9996941870987976
0.9998261364366503
0.9999010533944472
0.9999437736724976
0.9999681821595184
0.9999821493645001
0.9999901176631659
0.9999945974846498
0.9999969854448205
0.9999980202808707
0.9999980202803085
0.9999969854444237
0.9999945974833169
0.9999901176656238
0.9999821493666892
0.9999681821593108
0.999943773670547
0.9999010533927724
0.9998261364366117
0.9996941871003693
0.9994614365140486
0.999047808464402
0.9983143758562234
0.9969929942406008
0.9946475871663061
0.9903103115810501
0.9827203786628844
0.9678103865900418
0.9433274978155948
0.8871446737833759
0.8130400936873126
0.5572045944157547
0.40126317557069435
-1.2442609744328361
-0.7214087658840398
-19.56482818713344
-19.56478079340163
-0.7214027793313109
-1.2442505893836695
0.4012675105832964
0.5572083133932493
0.8130422797548982
0.8871462392836702
0.943328509200985
0.9678110754670345
0.9827208341496922
0.990310616413326
0.9946477888988663
0.9969931275747844
0.9983144631811672
0.9990478650991903
0.9994614726619924
0.9996942096045418
0.9998261498886487
0.9999010608415095
0.9999437771622854
0.9999681830448217
0.9999821485560643
0.9999901157620581
0.9999945948993181
0.9999969824632882
0.9999980171201084
0.9999980171208336
0.9999969824644446
0.9999945949001554
0.9999901157628658
0.9999821485561553
0.9999681830459332
0.9999437771633346
0.999901060841911
0.9998261498895982
0.9996942096037803
0.9994614726619866
0.9990478650987576
0.9983144631808747
0.9969931275756576
0.9946477888975163
0.9903106164128754
0.982720834148062
0.9678110754687492
0.943328509201051
0.8871462392835059
0.8130422797535259
0.5572083133909573
0.4012675105831676
-1.2442505893832418
-0.721402779326048
-19.564780793410993
-19.5646923780589
-0.7213916471132621
-1.2442312834755607
0.4012755517476324
0.5572152059201464
0.8130463228304383
0.8871491302986265
0.9433303723622095
0.9678123416064944
0.9827216685344546
0.9903111728514644
0.9946481552549122
0.9969933682762447
0.9983146194112669
0.9990479652525227
0.9994615353983406
0.999694247569213
0.9998261714152955
0.9999010715496286
0.9999437807361629
0.9999681819675686
0.9999821444418902
0.9999901097091053
0.9999945876349541
0.9999969745031421
0.9999980088405978
0.9999980088406331
0.9999969745044619
0.9999945876346517
0.9999901097079279
0.9999821444391381
0.9999681819670176
0.9999437807369127
0.9999010715502044
0.9998261714155703
0.999694247567602
0.9994615353981291
0.9990479652533313
0.9983146194130038
0.996993368276492
0.9946481552541084
0.990311172850368
0.9827216685336009
0.9678123416074508
0.9433303723628956
0.8871491302987153
0.8130463228312096
0.5572152059222919
0.40127555175162677
-1.2442312834680789
-0.7213916471112771
-19.564692378049923
-19.564527794668365
-0.721370995783372
-1.244195484355327
0.40129042801626297
0.5572279425330036
0.8130537776220181
0.8871544502183859
0.9433337920893724
0.9678146582999253
0.9827231898272322
0.9903121824066775
0.9946488162007809
0.9969937988728483
0.9983148959586818
0.9990481395431069
0.9994616419246383
0.9996943092086479
0.9998262035348184
0.9999010842052853
0.9999437807003548
0.9999681736218646
0.9999821307538117
0.999990092588823
0.9999945684051782
0.999996954047226
0.9999979878309876
0.9999979878296635
0.9999969540463653
0.9999945684036462
0.9999900925895258
0.9999821307535492
0.9999681736207774
0.9999437806993823
0.9999010842041332
0.9998262035346438
0.9996943092081397
0.9994616419252846
0.9990481395435038
0.9983148959577294
0.9969937988715446
0.9946488162021663
0.9903121824072959
0.9827231898265893
0.967814658300131
0.943333792088817
0.8871544502186237
0.8130537776257625
0.5572279425334123
0.40129042801836345
-1.244195484353852
-0.721370995787165
-19.564527794659455
-19.56422121522411
-0.7213326745877371
-1.2441290762964665
0.4013179472375934
0.557251478873224
0.8130675146818402
0.8871642344035997
0.9433400595435278
0.9678188910017036
0.9827259553991885
0.9903140083122677
0.9946500018860267
0.9969945640686682
0.9983153797766012
0.9990484380684056
0.999461817481423
0.9996944041625098
0.9998262453193729
0.9999010914036037
0.9999437652241145
0.9999681435584092
0.9999820912234492
0.9999900471125525
0.9999945192167197
0.999996902755528
0.9999979355660596
0.9999979355657418
0.9999969027547846
0.9999945192174516
0.9999900471150536
0.9999820912255095
0.9999681435586578
0.9999437652234802
0.9999010914034265
0.9998262453187485
0.9996944041630805
0.9994618174825936
0.9990484380671765
0.9983153797745993
0.9969945640682828
0.9946500018871031
0.9903140083140738
0.9827259553995854
0.9678188910020842
0.9433400595419951
0.8871642344040729
0.8130675146814597
0.5572514788694181
0.4013179472328905
-1.2441290763034907
-0.7213326745887767
-19.564221215237577
-19.56364929972694
-0.7212614678472411
-1.2440057561407805
0.4013689093655482
0.5572949949347415
0.8130928434477874
0.8871822227368147
0.9433515436354392
0.9678266105615614
0.9827309743738517
0.9903172963517783
0.9946521187758262
0.9969959106022805
0.9983162156499485
0.9990489367339034
0.9994620951456477
0.9996945362637976
0.9998262829694589
0.9999010671239705
0.9999437012057133
0.9999680536456093
0.9999819849703941
0.9999899303859863
0.9999943961713694
0.9999967760268464
0.9999978072024875
0.9999978072037903
0.999996776027388
0.9999943961719258
0.9999899303857881
0.9999819849692504
0.9999680536473083
0.9999437012063535
0.9999010671247746
0.9998262829692759
0.9996945362632188
0.9994620951455317
0.9990489367327651
0.9983162156511576
0.9969959106029018
0.9946521187767858
0.9903172963509528
0.9827309743734061
0.9678266105623246
0.9433515436359924
0.8871822227374486
0.8130928434442992
0.557294994932934
0.4013689093632965
-1.2440057561472908
-0.7212614678547675
-19.563649299729576
-19.562580117450615
-0.7211289560482215
-1.2437763363376377
0.40146337495998774
0.5573755609188402
0.8131395509733657
0.8872153142974821
0.9433725595545948
0.9678406786678833
0.9827400487788696
0.990323196771099
0.9946558652251598
0.9969982563022985
0.9983176284463193
0.999049742828751
0.9994625006768387
0.9996946832328855
0.9998262602274273
0.9999009360268015
0.9999434993480847
0.9999678072613312
0.9999817097233328
0.9999896374468776
0.9999940921500123
0.9999964658907197
0.9999974942129264
0.9999974942145444
0.9999964658920428
0.9999940921505925
0.999989637444471
0.9999817097194021
0.9999678072622493
0.999943499348007
0.9999009360284603
0.9998262602272079
0.9996946832326188
0.9994625006759652
0.999049742829931
0.9983176284498682
0.9969982563020663
0.994655865225027
0.9903231967668604
0.982740048777965
0.9678406786680951
0.9433725595565168
0.8872153142979432
0.813139550971165
0.557375560922095
0.40146337496293516
-1.2437763363327692
-0.7211289560428062
-19.5625801174483
-19.560577206617772
-0.7208818191269812
-1.2433488872102982
0.40163880876298885
0.5575248151237974
0.8132257885867469
0.887276139562486
0.943411020484884
0.967866231667009
0.9827564170793055
0.9903336999427172
0.9946624427950885
0.9970022627895387
0.998319954351588
0.9990509639908898
0.9994630104350823
0.9996947263404596
0.9998260069964544
0.9999004889975349
0.9999429311552395
0.9999671600805551
0.9999810142021746
0.9999889107566902
0.9999933473071987
0.9999957103078615
0.9999967340207265
0.9999967340199021
0.9999957103052639
0.9999933473073506
0.9999889107559206
0.9999810142011711
0.999967160080645
0.9999429311529169
0.999900488997733
0.9998260069961596
0.9996947263418599
0.9994630104354192
0.99905096399203
0.9983199543514601
0.9970022627874979
0.9946624427955084
0.9903336999422068
0.9827564170806393
0.9678662316655886
0.9434110204854111
0.8872761395612458
0.813225788589038
0.5575248151285701
0.40163880876630276
-1.2433488872050664
-0.7208818191134361
-19.560577206625048
-19.556813625341384
-0.7204200678597793
-1.2425503423595035
0.4019648943886177
0.5578019097729435
0.8133849202024692
0.8873880618134666
0.9434811920951895
0.9679125975161151
0.9827857157141509
0.9903522865260366
0.9946737815560633
0.9970089650199937
0.9983235783172868
0.9990526270628026
0.9994633820413792
0.9996942853130295
0.9998250328509258
0.9998991848577024
0.999941410798922
0.9999655086621737
0.999979277012452
0.9999871232877111
0.9999915277143456
0.9999938738206517
0.9999948893793513
0.9999948893781334
0.9999938738198602
0.9999915277143632
0.9999871232885629
0.9999792770147805
0.9999655086622812
0.9999414107992564
0.9998991848585359
0.9998250328508204
0.9996942853119835
0.9994633820414991
0.999052627064106
0.9983235783148712
0.9970089650191786
0.994673781554924
0.9903522865275877
0.9827857157137834
0.9679125975154346
0.9434811920945075
0.8873880618104923
0.8133849202039201
0.5578019097705622
0.40196489438686656
-1.2425503423654294
-0.7204200678668247
-19.5568136253316
-19.549724777460654
-0.7195545460389607
-1.2410562271378252
0.4025727934312035
0.5583163268453081
0.8136791865344362
0.8875934513298247
0.9436092673147479
0.9679961073828667
0.9828379647097099
0.990384610157998
0.9946930197498554
0.9970196459418841
0.9983288011536413
0.9990542626156075
0.9994627771713338
0.9996922069549948
0.9998220532165305
0.9998956114072377
0.9999374826645513
0.9999613457751628
0.9999749781854395
0.9999827344250218
0.9999870897159014
0.999989405472917
0.9999904088823679
0.9999904088819633
0.9999894054740168
0.9999870897160308
0.9999827344266091
0.9999749781882221
0.9999613457744945
0.9999374826658658
0.9998956114059339
0.9998220532168696
0.9996922069534214
0.9994627771730993
0.9990542626142818
0.9983288011510862
0.9970196459435219
0.994693019749121
0.9903846101604323
0.9828379647098997
0.9679961073851833
0.9436092673146602
0.8875934513286736
0.8136791865364075
0.5583163268401481
0.40257279342907815
-1.241056227139316
-0.7195545460505695
-19.549724777452276
-19.53631020832337
-0.717929098950673
-1.2382486559048143
0.40370615298468604
0.5592748953205557
0.8142218882445031
0.8879712363810703
0.9438412725638174
0.9681463565216797
0.9829295450142576
0.9904402111679357
0.9947242335224293
0.997035721484769
0.998334788839411
0.9990540620751294
0.9994584704055949
0.9996854333584027
0.9998136389446666
0.9998862373258984
0.9999274649102103
0.9999509638324853
0.9999643488472874
0.999971971703148
0.9999762367639826
0.9999785094592628
0.9999794903407855
0.999979490339933
0.9999785094603739
0.9999762367634784
0.99997197170446
0.9999643488477293
0.9999509638322654
0.9999274649094634
0.9998862373233599
0.9998136389445321
0.999685433358187
0.9994584704067935
0.9990540620728858
0.9983347888398459
0.9970357214863116
0.9947242335243763
0.9904402111698942
0.9829295450152542
0.9681463565227904
0.9438412725639744
0.8879712363836751
0.8142218882463448
0.5592748953195411
0.40370615298502577
-1.2382486559009114
-0.7179290989546969
-19.53631020832004
-19.510864053876976
-0.7148602376813915
-1.2329681112894924
0.40583058881692247
0.5610571748915589
0.8152272589185627
0.8886608822370845
0.944262350262708
0.9684119665334191
0.9830891208534698
0.9905318354912107
0.9947728496548353
0.9970559662420517
0.9983377681390494
0.9990455303153942
0.9994431557122517
0.9996655549699616
0.9997911604279022
0.9998619848421813
0.999902240694547
0.9999250621204331
0.9999380942650082
0.9999454649984185
0.9999496089994558
0.9999517985460642
0.9999527505629253
0.9999527505633754
0.9999517985445615
0.9999496089985453
0.9999454649966097
0.9999380942631384
0.9999250621215177
0.9999022406938756
0.9998619848421828
0.9997911604287331
0.9996655549714959
0.9994431557129025
0.9990455303147107
0.9983377681403798
0.9970559662404592
0.9947728496549254
0.9905318354889292
0.9830891208521949
0.9684119665311095
0.9442623502615867
0.8886608822388986
0.8152272589159586
0.5610571748947726
0.405830588819339
-1.2329681112914899
-0.7148602376797326
-19.510864053865184
-19.46220463235824
-0.7090589799168483
-1.2229573356589447
0.4098021084001969
0.5643967414978481
0.8170739190902947
0.8899275295050988
0.9450120750938049
0.9688816429716545
0.9833552716433644
0.9906789538206469
0.9948378579763636
0.9970730048805128
0.9983220269834009
0.9990111344775303
0.9993959230908358
0.999611283384513
0.9997319576714018
0.9998001992143204
0.9998385917788297
0.9998604916589059
0.9998728310382776
0.9998798848502581
0.9998837826072072
0.99988587538547
0.999886766799589
0.9998867668020279
0.9998858753837023
0.9998837826086575
0.9998798848483652
0.9998728310367081
0.999860491658233
0.9998385917795666
0.9998001992165699
0.9997319576713599
0.9996112833848689
0.9993959230897851
0.9990111344798038
0.9983220269843105
0.9970730048795413
0.9948378579753698
0.9906789538177745
0.9833552716422325
0.968881642970911
0.9450120750934712
0.8899275295055392
0.8170739190869105
0.5643967414992146
0.40980210840137665
-1.2229573356613321
-0.7090589799041767
-19.462204632371364
-19.369049141867706
-0.6979801619442928
-1.204014149299475
0.41731321585455866
0.5705995022501591
0.8205038616431035
0.8922056581901088
0.9463569691850207
0.9696745432843574
0.9837940279152265
0.9908842401304407
0.9949065483986921
0.9970479297880915
0.9982452214224665
0.9988978629903362
0.9992635835370899
0.9994650940787743
0.9995789344432864
0.9996420077190475
0.9996780188044345
0.9996980149494197
0.9997095500144078
0.9997159155162949
0.9997195565219815
0.9997214265358394
0.9997222599051504
0.9997222599067063
0.9997214265372834
0.9997195565238257
0.9997159155161333
0.9997095500137196
0.9996980149496963
0.999678018806295
0.9996420077208374
0.9995789344422219
0.9994650940778362
0.9992635835345123
0.9988978629923875
0.9982452214234558
0.9970479297882858
0.9949065483989556
0.9908842401302468
0.9837940279177693
0.9696745432838866
0.9463569691877101
0.8922056581890083
0.8205038616425501
0.5705995022486563
0.4173132158521854
-1.2040141492975711
-0.697980161943337
-19.36904914188088
-19.187801430391502
-0.6768675764148855
-1.167550497220959
0.431354461411006
0.5823374600547843
0.8267132768426682
0.8963761095118127
0.9486442145710122
0.9710202014005558
0.9844215065957103
0.9911339907538663
0.9948784841593523
0.9968776727138501
0.9979691189642247
0.9985704401688342
0.9988966216680497
0.9990802196470643
0.9991795325050947
0.9992365359348707
0.9992672696283231
0.9992852694156134
0.999294904266147
0.999300638469921
0.9993036191505456
0.9993053109136567
0.9993059836532976
0.9993059836518834
0.9993053109118701
0.9993036191496589
0.9993006384712406
0.9992949042679842
0.9992852694142964
0.9992672696262406
0.999236535932363
0.9991795325050038
0.9990802196485471
0.9988966216693917
0.9985704401678674
0.9979691189622759
0.996877672713703
0.994878484161953
0.9911339907560409
0.9844215065977009
0.9710202013995131
0.9486442145717751
0.8963761095114529
0.8267132768458902
0.5823374600561573
0.43135446140890144
-1.167550497223033
-0.6768675764290478
-19.187801430378293
-18.836833285785943
-0.6356939347381003
-1.0981826417638207
0.45837473092350406
0.6039083809329029
0.8383089702169573
0.90355208386482
0.9526329105834114
0.972981990494685
0.9852575066309412
0.9911535771221135
0.9944989440579672
0.9961870757481867
0.9971404561590262
0.9976269887003597
0.9979067654052484
0.9980488485719046
0.9981329820526041
0.9981751486803325
0.9982010477510372
0.9982137753918271
0.9982219189550192
0.9982257982595659
0.9982283448504445
0.9982294464578114
0.9982300279657208
0.998230027966249
0.9982294464570126
0.998228344849817
0.9982257982595267
0.998221918956339
0.9982137753919281
0.998201047751621
0.9981751486792834
0.9981329820535193
0.9980488485718668
0.9979067654048277
0.99762698870045
0.9971404561570839
0.99618707574862
0.9944989440585073
0.9911535771220084
0.9852575066306986
0.9729819904937247
0.9526329105830663
0.9035520838648197
0.8383089702168236
0.6039083809320497
0.45837473092117453
-1.0981826417664209
-0.6356939347394857
-18.83683328579204
-18.130775101659502
-0.5566106261490102
-0.9604438187709192
0.5082711111789302
0.6456207668434413
0.858275299846921
0.9165789576162777
0.9584307241613539
0.9758263911310461
0.985476750767859
0.9903014211933856
0.9926895124817713
0.9940159614114283
0.9946256854411303
0.9949951826016952
0.9951534606432282
0.9952587352303304
0.9953003432297531
0.9953311867563965
0.9953422632406241
0.9953515880871122
0.9953545714620149
0.9953574655188624
0.9953582633002757
0.9953591092572056
0.9953592712626216
0.9953592712634887
0.9953591092585063
0.9953582633009705
0.9953574655182007
0.9953545714615721
0.9953515880874853
0.9953422632425244
0.9953311867581841
0.9953003432310753
0.9952587352299654
0.9951534606425607
0.9949951826040704
0.9946256854411935
0.9940159614119901
0.99268951247909
0.990301421192017
0.9854767507664528
0.9758263911308104
0.9584307241617035
0.9165789576149759
0.8582752998449061
0.6456207668450776
0.5082711111791569
-0.9604438187662403
-0.5566106261399848
-18.130775101665233
-16.74860265571056
-0.3948978281563206
-0.6993429157802904
0.6083702208748287
0.7186829884520555
0.8960360733991952
0.9355635506763225
0.9673704517897168
0.9768112180888169
0.983374857521637
0.9852286510818145
0.9866679289964955
0.9869407862933974
0.9872634562197518
0.9872686161908579
0.9873411561161669
0.9873219929248623
0.9873381695732557
0.9873266981361317
0.9873302704435077
0.987325190361362
0.9873259889775263
0.9873239944449317
0.9873241847219053
0.9873235160580418
0.9873235545541614
0.9873235545532101
0.9873235160587507
0.9873241847216583
0.9873239944439911
0.9873259889768788
0.9873251903600209
0.9873302704440805
0.9873266981358768
0.9873381695735185
0.987321992923423
0.987341156116381
0.9872686161915798
0.9872634562210973
0.9869407862949793
0.9866679289950602
0.9852286510820347
0.9833748575228174
0.9768112180883168
0.9673704517907997
0.9355635506760611
0.896036073401542
0.7186829884545121
0.6083702208771635
-0.6993429157719897
-0.3948978281604755
-16.74860265569202
-13.737465440114434
-0.0852709178634221
-0.13885992190566093
0.7810538479306351
0.8680251847004544
0.9482083497773852
0.9678346684298649
0.9689461645182251
0.9711089264557693
0.9674270680284519
0.967045435804543
0.9650650843395973
0.9646888224969006
0.9638800448118299
0.9636985844180576
0.9633989930483976
0.9633254720250369
0.9632194155284628
0.9631917493469859
0.9631550414135983
0.9631450440210284
0.9631325006126209
0.963129016379999
0.963124871323229
0.9631237908344132
0.9631228168823485
0.9631228168810498
0.9631237908335955
0.9631248713222063
0.9631290163821774
0.9631325006163223
0.9631450440197171
0.9631550414135924
0.9631917493443873
0.9632194155281251
0.9633254720246829
0.963398993048824
0.9636985844156649
0.9638800448098102
0.9646888224965922
0.9650650843412572
0.9670454358073481
0.9674270680303358
0.9711089264549212
0.9689461645184949
0.9678346684301458
0.9482083497814306
0.8680251846973952
0.7810538479255127
-0.1388599219050208
-0.08527091786793353
-13.737465440113805
-7.883491149511382
0.6466709683374723
0.8678184161053035
1.1723113539508723
1.072439980966079
1.0444554919787188
0.9680629590326136
0.9461027477635879
0.913664842503842
0.9045174977809558
0.8928236509372891
0.8894440162772923
0.8854889036118958
0.884293617135339
0.8829906185328995
0.8825760759201687
0.8821507575420313
0.8820083124341036
0.8818695528307617
0.8818208257010989
0.8817753880635842
0.8817588074110487
0.8817439588270373
0.8817384980324492
0.8817340483884214
0.881732770126074
0.8817327701257569
0.881734048386692
0.881738498032919
0.8817439588299931
0.8817588074145375
0.881775388063974
0.8818208257012216
0.8818695528301563
0.8820083124343149
0.8821507575428422
0.8825760759199224
0.8829906185309009
0.8842936171333238
0.8854889036112796
0.8894440162780286
0.8928236509381744
0.9045174977809987
0.9136648425035621
0.9461027477621665
0.9680629590344458
1.0444554919768745
1.0724399809646217
1.1723113539478947
0.8678184160954419
0.6466709683369052
-7.883491149521116
8.60308390546558
1.9412258149513644
3.636095305620893
1.5896454270000073
1.5363980505993733
0.9547955098470775
0.8602115085069191
0.6908437640999587
0.6511068451448289
0.6010392770295178
0.586993585704798
0.5720103608901633
0.5672738561324637
0.5627299797551456
0.5611551350351012
0.5597569456278234
0.5592347462916714
0.558797946281858
0.558624436714501
0.5584859175956853
0.5584280717013019
0.5583836121381272
0.5583644212014445
0.5583503676161699
0.558344559290185
0.5583413403816668
0.5583413403845285
0.5583445592917325
0.5583503676182451
0.5583644211985079
0.5583836121347558
0.5584280717021946
0.5584859175967254
0.558624436716437
0.5587979462808405
0.5592347462920935
0.5597569456259393
0.5611551350363274
0.562729979757559
0.5672738561327724
0.572010360886354
0.5869935857026489
0.6010392770270392
0.6511068451463453
0.6908437641003531
0.8602115085087327
0.9547955098416598
1.5363980506040873
1.5896454270061828
3.63609530562318
1.9412258149571797
8.603083905460526
36.94739121466695
7.971641097788994
6.628317381658762
2.770004181847807
0.7763212871498495
0.024201012987970505
-0.6158941181296897
-0.8104168146760304
-0.9888639292786267
-1.046121005533696
-1.0956638986672238
-1.1133144126959775
-1.1274361188813915
-1.132977835137908
-1.1371283715188647
-1.1388883578046063
-1.140142933840579
-1.140707796622067
-1.1410963237449683
-1.1412795302994359
-1.141402307417016
-1.141462191673999
-1.1415013437580948
-1.141520532180736
-1.1415320803367734
-1.1415365091403804
-1.141536509137632
-1.1415320803358129
-1.1415205321824682
-1.1415013437598218
-1.1414621916763898
-1.1414023074159172
-1.141279530300972
-1.1410963237479845
-1.1407077966258536
-1.1401429338419702
-1.1388883578092137
-1.1371283715161336
-1.1329778351410957
-1.1274361188838098
-1.1133144126946153
-1.0956638986684941
-1.0461210055278733
-0.9888639292754742
-0.8104168146727544
-0.6158941181313562
0.024201012991505233
0.7763212871620128
2.7700041818555365
6.628317381676514
7.971641097806033
36.94739121465342
381.16390805749415
4.004024950999277
13.998948170317789
-15.17524055397374
-16.305088951191635
-20.228908530857396
-20.924895420171623
-21.66589284197483
-21.900710166232642
-22.07418466775626
-22.14575127204718
-22.191703282601647
-22.213221149440997
-22.226287164488504
-22.232825825302285
-22.23670868561656
-22.238729505839103
-22.239919514202207
-22.24055520322682
-22.240928634040692
-22.24113183323949
-22.241251011630496
-22.24131635984093
-22.241353917827972
-22.241373301759495
-22.241381891821824
-22.241381891805197
-22.241373301720486
-22.241353917812724
-22.24131635985922
-22.24125101165022
-22.24113183323564
-22.240928634028684
-22.24055520319156
-22.23991951419489
-22.238729505871206
-22.236708685620606
-22.23282582533348
-22.226287164433145
-22.21322114942908
-22.191703282617464
-22.145751272057815
-22.07418466781141
-21.9007101661962
-21.6658928419644
-20.924895420118045
-20.228908530929615
-16.305088951250475
-15.17524055395965
13.99894817033316
4.004024951011492
381.16390805748097