216.15059448291518
7.059682029586938
6.726305646700604
-11.140070044762652
-13.892999728954525
-16.788897875487475
-17.770158606530472
-18.412976631599978
-18.70504432854331
-18.871684760091725
-18.956298800144094
-19.00280105957023
-19.02747793790273
-19.040953709122558
-19.048246872806516
-19.052239034709125
-19.054421328029598
-19.05561917686837
-19.05627463833013
-19.05662928679866
-19.05681219518296
-19.05688968387139
-19.05688968385249
-19.05681219518236
-19.05662928678386
-19.05627463832331
-19.055619176864333
-19.054421328026432
-19.052239034728146
-19.04824687280076
-19.040953709125148
-19.02747793789639
-19.00280105956398
-18.95629880014023
-18.871684760074654
-18.70504432856275
-18.41297663160359
-17.77015860653477
-16.78889787550532
-13.892999728957069
-11.14007004476621
6.72630564672393
7.059682029583802
216.15059448291538
53.27346546165103
3.274491268086628
6.560676307699886
1.3955108878407678
0.9559871973278407
0.06292353309608698
-0.21408303659385267
-0.427769635737885
-0.5254469088129641
-0.5851686433335991
-0.6162514011643649
-0.6340203601670267
-0.6436871440052946
-0.6491111179262117
-0.6521100840780447
-0.6537859151789671
-0.6547184385105655
-0.6552387797560832
-0.6555276511224714
-0.6556859379461228
-0.6557684010795581
-0.6558035729986311
-0.6558035729972314
-0.6557684010818945
-0.6556859379459415
-0.6555276511215112
-0.6552387797557591
-0.6547184385072036
-0.6537859151802978
-0.6521100840780925
-0.649111117926684
-0.6436871440043068
-0.6340203601664367
-0.6162514011643903
-0.5851686433320828
-0.5254469088163863
-0.4277696357361104
-0.2140830365934316
0.06292353309424384
0.9559871973266445
1.3955108878400257
6.560676307699639
3.2744912680857707
53.273465461647675
11.094161275444307
1.0043459175569311
2.642654925607693
1.2297442568497874
1.2368842772323396
0.9743052417945722
0.9073467601867785
0.8402002360220793
0.8100284805540385
0.7896596884652369
0.7787916807509534
0.7722327725036346
0.768551120809537
0.7664068014561356
0.7651863658072586
0.7644843522589053
0.7640838276634194
0.7638550250170936
0.7637253430132069
0.7636529736376214
0.7636147174148462
0.7635982403798927
0.7635982403796455
0.7636147174145596
0.7636529736372543
0.7637253430128572
0.7638550250173146
0.7640838276644005
0.7644843522592832
0.765186365807518
0.7664068014562394
0.7685511208089181
0.7722327725027196
0.7787916807503773
0.7896596884648591
0.8100284805541842
0.8402002360231666
0.9073467601876495
0.9743052417951014
1.2368842772326336
1.2297442568499206
2.642654925608367
1.0043459175568836
11.094161275444247
-4.362158708504396
0.09513250231959205
0.6965429768402771
0.8331975173229507
0.9511194213775103
0.9558654907730693
0.9693651713116413
0.9664581381006782
0.9656452651664427
0.9634544333737911
0.9620993369922862
0.9610125025228217
0.960321204978124
0.9598601994497824
0.9595727229792157
0.9593926819956411
0.9592827677003031
0.9592160718594278
0.9591763112094569
0.9591531522707766
0.9591404996624322
0.9591349314583313
0.9591349314579161
0.9591404996617958
0.9591531522702197
0.9591763112086933
0.959216071859148
0.9592827677011899
0.9593926819959009
0.95957272297968
0.9598601994497657
0.9603212049773193
0.9610125025221744
0.9620993369916284
0.963454433373529
0.9656452651668296
0.9664581381015275
0.9693651713127293
0.9558654907738389
0.9511194213775628
0.833197517322638
0.6965429768405282
0.09513250231908249
-4.362158708503601
-10.739153151807688
-0.3106225976293209
-0.2082897099431641
0.6150658482636433
0.7660333363601057
0.8927191710895932
0.9399417344669506
0.9667941852776867
0.9793271196788118
0.9857921657468935
0.9890007794454252
0.9906158482039435
0.9914250020773093
0.9918276718519425
0.9920275071900295
0.9921253940671255
0.9921729098817517
0.9921955323220886
0.9922060883987678
0.9922108545522705
0.9922128980317627
0.9922136401743329
0.9922136401742585
0.9922128980309981
0.9922108545514781
0.9922060883979354
0.9921955323217897
0.992172909882321
0.9921253940672707
0.9920275071906788
0.9918276718519405
0.9914250020769662
0.990615848203274
0.9890007794445221
0.9857921657468736
0.9793271196788986
0.9667941852787878
0.9399417344680281
0.8927191710904746
0.7660333363603729
0.6150658482628839
-0.20828970994315377
-0.31062259763034283
-10.739153151807585
-13.52454409712691
-0.5002683246108388
-0.629749296259223
0.5068568280378631
0.6698688875216217
0.8538440533582434
0.9161659851286716
0.9572086805409838
0.9760079575464022
0.9866701742229611
0.9920963942655798
0.9950516938193021
0.9966125092221378
0.9974549879657132
0.9979061504848126
0.9981495062765364
0.998280529692211
0.9983511832000491
0.9983891422785924
0.9984092968394582
0.9984195176026578
0.9984237944321843
0.9984237944323365
0.9984195176023505
0.9984092968391205
0.998389142277923
0.9983511831999312
0.9982805296928539
0.9981495062761918
0.9979061504852476
0.997454987965686
0.9966125092220124
0.9950516938186937
0.9920963942650985
0.9866701742233657
0.9760079575459136
0.9572086805417135
0.9161659851290953
0.8538440533588889
0.6698688875218946
0.5068568280370003
-0.6297492962587904
-0.5002683246115962
-13.524544097126235
-14.780754592677098
-0.5904315629675401
-0.8278798157627275
0.45407335516171377
0.6221818299190645
0.8334335874967612
0.9028058222105403
0.9507158236575954
0.9725248806988573
0.9852466176322309
0.9917625654504
0.9953861500008532
0.9973242396241759
0.9983901123098258
0.998970084915212
0.9992888196939456
0.9994635469532577
0.9995596027888367
0.9996121971697236
0.9996406467531896
0.999655309289753
0.9996615163025078
0.9996615163032259
0.9996553092896225
0.9996406467532528
0.9996121971697578
0.9995596027888651
0.9994635469536699
0.9992888196931338
0.9989700849157611
0.9983901123096939
0.9973242396243414
0.9953861500006793
0.9917625654504787
0.9852466176326194
0.972524880697984
0.9507158236581097
0.9028058222105007
0.8334335874969049
0.6221818299190112
0.4540733551610543
-0.8278798157623206
-0.5904315629681516
-14.78075459267712
-15.358977334902006
-0.6336420038063939
-0.9218380198037074
0.4283715569524455
0.5988226073290341
0.8231557921414396
0.895898824182733
0.9471558144776454
0.9704302328797123
0.984168887514507
0.9912242226025664
0.9951821323973227
0.9973099493093354
0.9984891809711349
0.9991349647648806
0.9994925377341697
0.9996899549770808
0.9997993070527276
0.9998596205395934
0.9998924771070308
0.9999095137084071
0.9999167567002325
0.9999167567008427
0.9999095137079037
0.9998924771069895
0.9998596205395498
0.9997993070524729
0.9996899549777114
0.9994925377334043
0.9991349647652277
0.9984891809711207
0.9973099493094928
0.9951821323971648
0.9912242226026426
0.9841688875151255
0.9704302328791548
0.9471558144778727
0.8958988241827015
0.8231557921417088
0.5988226073289774
0.42837155695204365
-0.9218380198030546
-0.6336420038068772
-15.35897733490165
-15.62893830047162
-0.6544575865106932
-0.9667196832074066
0.41584043986432717
0.5874110019189464
0.8180489965887983
0.8924243811438052
0.9453183318538994
0.9693114896475992
0.9835535922775687
0.990876894112609
0.995002225646671
0.9972254995410041
0.9984621719624057
0.9991414911140389
0.9995189890312587
0.9997281186424907
0.9998443794327508
0.9999087285413186
0.9999439027316388
0.999962193937181
0.9999699862628565
0.9999699862630527
0.9999621939365686
0.9999439027313282
0.9999087285409249
0.9998443794326838
0.9997281186429376
0.9995189890310441
0.9991414911144316
0.9984621719623322
0.997225499540876
0.9950022256463493
0.9908768941122469
0.9835535922780478
0.9693114896475139
0.9453183318544442
0.8924243811443353
0.8180489965891011
0.5874110019190097
0.41584043986364927
-0.9667196832069362
-0.6544575865113069
-15.628938300471443
-15.756312588915208
-0.664525800204276
-0.9882863538188886
0.4097192865424556
0.5818340878553875
0.8155228804212464
0.8906943456917078
0.9443905544021778
0.9687376399046983
0.9832292094775368
0.990685832495144
0.9948949699723784
0.997166235521428
0.9984319533534742
0.9991283121576102
0.9995159909223101
0.9997311361523884
0.9998509648594645
0.9999174088836131
0.999953792096157
0.9999727404489124
0.9999808213232194
0.9999808213229642
0.9999727404484351
0.99995379209584
0.9999174088831508
0.9998509648593239
0.9997311361526522
0.99951599092246
0.9991283121578552
0.998431953353424
0.9971662355209663
0.99489496997187
0.9906858324945371
0.9832292094777134
0.9687376399048407
0.9443905544027147
0.890694345692298
0.8155228804214918
0.5818340878558541
0.40971928654186796
-0.9882863538185455
-0.664525800205446
-15.756312588915888
-15.816902481435221
-0.6694125552148961
-0.9987005545120021
0.40672350290688764
0.5791048698045976
0.8142749550542033
0.8898362770417751
0.9439262719414692
0.9684480257746636
0.9830632410268534
0.9905862211021244
0.99483726826517
0.9971326305691683
0.9984130011626915
0.9991179925305768
0.9995108533427383
0.9997290741430382
0.9998507354900279
0.9999182602930041
0.9999552698571388
0.999974559832066
0.9999827910696766
0.9999827910695882
0.9999745598317359
0.9999552698570651
0.9999182602928637
0.9998507354898729
0.9997290741429303
0.9995108533428221
0.9991179925304854
0.9984130011627115
0.9971326305690673
0.994837268265335
0.9905862211022514
0.9830632410268787
0.9684480257750621
0.943926271941552
0.8898362770416726
0.8142749550539121
0.5791048698045813
0.40672350290690007
-0.9987005545115666
-0.6694125552153839
-15.816902481435218
-15.845911939327983
-0.6717916197884286
-1.0037500457785264
0.4052546369928218
0.5777670218161609
0.813658514304903
0.889411274935653
0.9436948255065412
0.9683028989320865
0.9829794051288491
0.9905354121334022
0.9948073961368784
0.997114840816183
0.9984025871315176
0.9991119399758654
0.9995074293201117
0.9997272161428321
0.9998498143278429
0.9999178937043176
0.9999552258107849
0.9999746922254077
0.9999830012813057
0.9999830012813165
0.9999746922257339
0.9999552258113092
0.9999178937046758
0.9998498143280103
0.9997272161424783
0.9995074293203126
0.9991119399755175
0.9984025871315898
0.997114840816179
0.9948073961375095
0.9905354121340828
0.9829794051287367
0.9683028989320925
0.943694825506161
0.889411274934816
0.8136585143040018
0.5777670218160821
0.40525463699299347
-1.0037500457781583
-0.671791619787882
-15.845911939327422
-15.859875056952959
-0.6729529530154768
-1.0062068775206843
0.4045332025001357
0.5771101032517101
0.813353874654264
0.8892008266382889
0.9435796402226112
0.9682304145253902
0.9829373082130007
0.9905097517153811
0.994792186429732
0.9971056820517579
0.9983971341507855
0.9991086854360315
0.9995055041481908
0.9997260855920619
0.9998491607410964
0.9999175233731639
0.9999550207234431
0.9999745777583711
0.9999829268519711
0.9999829268514258
0.9999745777589678
0.9999550207240425
0.9999175233735578
0.999849160741221
0.9997260855916252
0.9995055041487102
0.9991086854353524
0.9983971341511282
0.9971056820518439
0.9947921864301204
0.990509751715867
0.9829373082124243
0.9682304145256597
0.9435796402222183
0.8892008266378912
0.813353874653455
0.5771101032519228
0.4045332025003905
-1.006206877520751
-0.6729529530153429
-15.859875056953282
-15.86662564994776
-0.6735212073307177
-1.0074058082890107
0.40417830576540287
0.5767870146614417
0.8132032237193471
0.8890965928880432
0.9435223523842081
0.9681942676704158
0.9829162317694804
0.9904968549489112
0.9947845031386435
0.9971010262700271
0.9983943375382471
0.9991069948883662
0.9995044843191906
0.999725467819389
0.9998487849884441
0.9999172917469779
0.9999548733932164
0.9999744767561916
0.999982846348231
0.9999828463475456
0.9999744767565562
0.999954873393186
0.9999172917467926
0.9998487849884066
0.9997254678186107
0.9995044843198728
0.9991069948878109
0.9983943375385886
0.9971010262698519
0.9947845031390137
0.9904968549489611
0.9829162317690047
0.968194267671103
0.9435223523838384
0.889096592888126
0.8132032237187112
0.5767870146618821
0.40417830576538416
-1.0074058082895005
-0.6735212073303238
-15.866625649947888
-15.86990147895263
-0.6737998526810967
-1.0079923931547825
0.40400346369208157
0.5766278704797302
0.8131286667281619
0.8890449410862902
0.9434938641174674
0.9681762541376675
0.9829056953193244
0.9904903894034003
0.9947806375016054
0.9970986743842971
0.9983929173668711
0.999106130386799
0.9995039575892319
0.9997251440594576
0.9998485837061645
0.9999171635736442
0.999954788072866
0.9999744150309983
0.9999827950751863
0.9999827950745459
0.9999744150308947
0.9999547880732911
0.9999171635735757
0.9998485837063535
0.9997251440593741
0.9995039575896896
0.9991061303863962
0.9983929173671221
0.9970986743842873
0.9947806375017414
0.990490389403164
0.9829056953185946
0.9681762541381377
0.9434938641173327
0.889044941086415
0.8131286667278204
0.5766278704802195
0.40400346369254103
-1.0079923931555856
-0.6737998526799334
-15.869901478952826
-15.871496191753796
-0.6739367458603218
-1.0082800269320948
0.4039172106475001
0.5765493715427269
0.8130917397498613
0.8890193304676386
0.943479695819564
0.9681672794444949
0.9829004320710567
0.990487152477312
0.9947786969075072
0.9970974903159722
0.9983921998527545
0.9991056917262879
0.9995036887846953
0.999724977540245
0.9998484790366631
0.9999170958980116
0.999954742122942
0.999974381061242
0.9999827664183722
0.9999827664182688
0.9999743810614038
0.9999547421233455
0.9999170958987782
0.9998484790367683
0.9997249775397781
0.9995036887850985
0.9991056917258412
0.998392199852723
0.9970974903162584
0.9947786969079213
0.990487152477622
0.9829004320705572
0.968167279444705
0.9434796958189497
0.8890193304671239
0.8130917397494907
0.5765493715428313
0.4039172106481743
-1.0082800269327552
-0.673936745859526
-15.871496191754552
-15.872274601473947
-0.6740041079544079
-1.0084213368070294
0.4038746108303717
0.5765106049040833
0.8130734375918767
0.8890066248078988
0.9434726481543321
0.9681628084408247
0.9828978041399472
0.9904855333026786
0.9947777240274711
0.9970968953877769
0.9983918384037208
0.999105470091473
0.9995035524659066
0.9997248926923412
0.9998484253687807
0.9999170609125978
0.9999547181266542
0.9999743631326793
0.9999827511838411
0.9999827511835115
0.9999743631335734
0.9999547181274431
0.9999170609128605
0.9998484253689872
0.9997248926917088
0.9995035524654434
0.9991054700907827
0.9983918384043091
0.9970968953881659
0.9947777240278852
0.9904855333040642
0.9828978041397434
0.9681628084406011
0.9434726481537782
0.889006624807295
0.8130734375909572
0.576510604903649
0.4038746108307957
-1.0084213368068893
-0.6740041079523311
-15.872274601473759
-15.872655314160246
-0.6740372915742356
-1.008490851547251
0.403853556360784
0.5764914460585756
0.8130643637019919
0.8890003201865404
0.9434691429004999
0.9681605817915422
0.9828964928204607
0.9904847240759156
0.9947772368930627
0.9970965969591734
0.9983916567202172
0.9991053584352536
0.9995034836079191
0.9997248496962672
0.9998483980632644
0.9999170430232749
0.9999547057838319
0.9999743538566069
0.999982743269461
0.9999827432697217
0.999974353857048
0.999954705784005
0.9999170430239468
0.9998483980636714
0.9997248496958426
0.9995034836079443
0.9991053584353888
0.9983916567202402
0.9970965969592513
0.9947772368934098
0.9904847240762928
0.9828964928204413
0.9681605817911351
0.9434691429003017
0.8890003201856067
0.8130643637022031
0.5764914460585869
0.4038535563615352
-1.00849085154756
-0.6740372915743449
-15.872655314161149
-15.87284155407936
-0.6740536285470446
-1.0085250340352183
0.4038431603822531
0.5764819863912355
0.8130598709054231
0.8889971961827033
0.9434674024442535
0.9681594749202695
0.9828958398475882
0.9904843205730407
0.99477699360366
0.9970964476877678
0.9983915656889595
0.9991053023898853
0.9995034489741326
0.9997248280186823
0.9998483842578453
0.9999170339482024
0.9999546994976363
0.9999743491142358
0.9999827392127911
0.9999827392130136
0.9999743491139248
0.9999546994980126
0.9999170339481114
0.9998483842576628
0.999724828019312
0.9995034489736008
0.99910530239005
0.9983915656891049
0.9970964476878884
0.9947769936034392
0.9904843205730129
0.9828958398478964
0.9681594749198948
0.9434674024443939
0.888997196182525
0.8130598709061421
0.5764819863904758
0.40384316038264734
-1.0085250340357006
-0.674053628546518
-15.872841554079425
-15.872932080717664
-0.6740616139832383
-1.0085417252201427
0.40383806581830534
0.5764773507332273
0.813057663881406
0.888995660540262
0.9434665453801869
0.9681589293119839
0.9828955175051217
0.9904841211504881
0.9947768731980652
0.9970963737171697
0.9983915205146889
0.9991052745366138
0.9995034317341739
0.9997248172086127
0.9998483773586042
0.9999170294013784
0.9999546963397132
0.9999743467252464
0.9999827371656815
0.9999827371662429
0.9999743467247797
0.9999546963392444
0.9999170294010793
0.9998483773584056
0.9997248172089459
0.9995034317329161
0.9991052745373221
0.9983915205147864
0.9970963737171317
0.9947768731978112
0.990484121150613
0.9828955175054299
0.9681589293115505
0.9434665453805627
0.8889956605399862
0.813057663881906
0.576477350732868
0.40383806581829373
-1.0085417252200535
-0.6740616139814244
-15.872932080716446
-15.872974617723134
-0.6740653834728961
-1.008549597754288
0.40383565586557363
0.57647515786535
0.8130566177910306
0.8889949322743603
0.9434661383353287
0.9681586699753026
0.982895364106198
0.9904840261585395
0.9947768157809096
0.9970963384071335
0.9983914989263645
0.9991052612109356
0.9995034234749606
0.9997248120224895
0.9998483740435318
0.999917027212433
0.9999546948161449
0.999974345570218
0.9999827361745788
0.9999827361751279
0.9999743455701191
0.9999546948166135
0.999917027212609
0.9998483740436761
0.9997248120228606
0.9995034234743194
0.9991052612109959
0.9983914989264353
0.9970963384073586
0.9947768157805408
0.990484026158335
0.9828953641066727
0.9681586699740583
0.9434661383355651
0.8889949322738258
0.8130566177914064
0.5764751578650258
0.4038356558657137
-1.0085495977542016
-0.6740653834748378
-15.87297461772447
-15.872991479081474
-0.6740668824002916
-1.0085527265031498
0.40383469616188283
0.5764742846064204
0.813056200644637
0.8889946417561294
0.9434659757966191
0.9681585663602604
0.9828953027675309
0.9904839881497843
0.9947767927895339
0.9970963242579205
0.998391490269282
0.999105255862653
0.9995034201575792
0.9997248099372487
0.9998483727087315
0.9999170263303192
0.9999546942014508
0.9999743451043575
0.9999827357747391
0.9999827357758531
0.9999743451048833
0.9999546942018417
0.9999170263308215
0.9998483727089872
0.9997248099379024
0.9995034201564237
0.9991052558627495
0.9983914902691323
0.9970963242584006
0.9947767927896545
0.9904839881499483
0.9828953027683007
0.9681585663590355
0.9434659757967766
0.888994641755383
0.8130562006446423
0.5764742846060464
0.40383469616193485
-1.0085527265021603
-0.6740668824010076
-15.87299147908054
-15.872991479082785
-0.6740668824009437
-1.0085527265021956
0.4038346961627117
0.5764742846068662
0.8130562006450531
0.8889946417561081
0.9434659757962923
0.9681585663598175
0.9828953027671294
0.9904839881491829
0.9947767927894158
0.9970963242578841
0.9983914902692599
0.9991052558625895
0.9995034201573276
0.9997248099368194
0.9998483727087157
0.9999170263306832
0.9999546942020783
0.999974345104993
0.9999827357757274
0.9999827357768547
0.9999743451052399
0.9999546942020412
0.999917026330895
0.999848372708541
0.9997248099373353
0.9995034201561819
0.9991052558627012
0.9983914902692095
0.9970963242584134
0.9947767927892396
0.9904839881497309
0.9828953027672364
0.9681585663589058
0.9434659757967051
0.8889946417557861
0.8130562006446056
0.5764742846066557
0.4038346961619451
-1.008552726501707
-0.674066882399617
-15.872991479080065
-15.872974617721258
-0.6740653834721966
-1.008549597753194
0.4038356558663988
0.5764751578656957
0.8130566177913187
0.8889949322736934
0.9434661383347756
0.9681586699742246
0.9828953641055842
0.9904840261579877
0.994776815780517
0.9970963384070501
0.9983914989263931
0.99910526121107
0.9995034234740758
0.9997248120220981
0.9998483740431579
0.9999170272120923
0.9999546948160032
0.999974345570667
0.9999827361758797
0.9999827361759372
0.9999743455706225
0.9999546948163128
0.9999170272121894
0.9998483740428541
0.9997248120225464
0.9995034234746145
0.9991052612109272
0.9983914989264783
0.9970963384066566
0.9947768157801855
0.9904840261573653
0.9828953641055143
0.9681586699738143
0.9434661383348103
0.8889949322740878
0.8130566177917056
0.5764751578661755
0.4038356558658619
-1.0085495977533347
-0.6740653834755659
-15.872974617723138
-15.872932080714419
-0.6740616139830675
-1.008541725220919
0.4038380658187736
0.5764773507321682
0.8130576638817637
0.8889956605401048
0.9434665453806893
0.9681589293122432
0.9828955175056
0.9904841211508226
0.9947768731980428
0.997096373717389
0.998391520514724
0.9991052745370075
0.999503431733479
0.9997248172089168
0.9998483773585993
0.999917029401143
0.9999546963398597
0.9999743467247597
0.9999827371657759
0.9999827371656975
0.9999743467246808
0.9999546963393693
0.9999170294014788
0.9998483773588689
0.9997248172086506
0.9995034317338578
0.9991052745369589
0.9983915205146319
0.9970963737172333
0.9947768731977249
0.9904841211508182
0.9828955175052815
0.968158929312307
0.9434665453807496
0.8889956605402431
0.8130576638813806
0.5764773507334684
0.40383806581818293
-1.008541725220157
-0.6740616139832784
-15.872932080714
-15.872841554080457
-0.6740536285474155
-1.0085250340371048
0.40384316038239
0.576481986389713
0.8130598709058956
0.8889971961828267
0.9434674024454065
0.968159474921138
0.9828958398490177
0.9904843205736003
0.9947769936038839
0.9970964476874893
0.9983915656884459
0.9991053023901646
0.999503448974186
0.9997248280194845
0.9998483842582222
0.9999170339482618
0.9999546994969664
0.9999743491131552
0.9999827392123258
0.9999827392117325
0.9999743491136222
0.999954699497521
0.9999170339484496
0.9998483842580261
0.9997248280193236
0.9995034489737521
0.9991053023895518
0.9983915656888562
0.9970964476875015
0.9947769936044137
0.9904843205747142
0.9828958398489245
0.9681594749213517
0.9434674024448954
0.8889971961823873
0.8130598709046306
0.5764819863902833
0.4038431603815727
-1.008525034036098
-0.6740536285463816
-15.872841554079432
-15.872655314160845
-0.674037291572883
-1.008490851547558
0.4038535563607877
0.5764914460574859
0.8130643637021698
0.8890003201864589
0.9434691429011012
0.9681605817916251
0.982896492821218
0.9904847240762507
0.994777236893023
0.9970965969591709
0.9983916567203505
0.9991053584355849
0.9995034836075645
0.9997248496965181
0.9998483980631984
0.9999170430230009
0.999954705783519
0.9999743538561042
0.9999827432688891
0.9999827432689605
0.9999743538565887
0.9999547057839875
0.9999170430242805
0.9998483980636494
0.9997248496956079
0.999503483608204
0.9991053584350313
0.9983916567201003
0.9970965969592194
0.9947772368936583
0.9904847240764373
0.9828964928204018
0.9681605817918275
0.9434691428998927
0.8890003201854848
0.813064363700956
0.576491446058125
0.4038535563608622
-1.008490851547304
-0.6740372915735238
-15.872655314161356
-15.87227460147188
-0.6740041079546559
-1.008421336806732
0.4038746108311614
0.5765106049045312
0.8130734375926822
0.8890066248076838
0.9434726481539232
0.9681628084398954
0.9828978041393079
0.9904855333023084
0.9947777240272171
0.9970968953878692
0.9983918384037465
0.9991054700918185
0.9995035524655717
0.999724892692105
0.9998484253682214
0.9999170609126466
0.9999547181267785
0.9999743631332152
0.9999827511851966
0.9999827511843785
0.9999743631338802
0.9999547181274462
0.9999170609125789
0.9998484253685604
0.9997248926918221
0.999503552466203
0.9991054700907462
0.9983918384042456
0.9970968953877339
0.994777724027698
0.9904855333033695
0.9828978041388541
0.9681628084404265
0.9434726481531931
0.8890066248077994
0.8130734375915747
0.576510604904716
0.4038746108314806
-1.0084213368064712
-0.6740041079537887
-15.872274601471421
-15.871496191752565
-0.6739367458608004
-1.0082800269323646
0.40391721064785635
0.5765493715431871
0.8130917397501827
0.88901933046724
0.9434796958192928
0.9681672794432824
0.9829004320699073
0.9904871524765064
0.9947786969068626
0.9970974903160603
0.9983921998526815
0.9991056917260398
0.9995036887840572
0.999724977539804
0.9998484790362052
0.9999170958982948
0.9999547421236286
0.9999743810618158
0.9999827664195686
0.9999827664188916
0.9999743810618665
0.9999547421231827
0.9999170958979748
0.9998484790363393
0.9997249775388335
0.9995036887848787
0.9991056917257896
0.9983921998526513
0.9970974903159189
0.9947786969079049
0.9904871524767808
0.9829004320693333
0.9681672794445446
0.9434796958186861
0.8890193304675784
0.8130917397498896
0.5765493715434744
0.40391721064816494
-1.0082800269323282
-0.6739367458603882
-15.871496191752449
-15.869901478956336
-0.6737998526802015
-1.0079923931549382
0.40400346369179996
0.5766278704793171
0.8131286667279631
0.8890449410861773
0.9434938641175266
0.9681762541378038
0.9829056953196544
0.9904903894036288
0.9947806375021214
0.9970986743844341
0.9983929173670152
0.9991061303869551
0.9995039575894278
0.9997251440598293
0.999848583706456
0.9999171635737529
0.9999547880727648
0.9999744150307122
0.9999827950747946
0.9999827950743705
0.9999744150306131
0.9999547880732307
0.999917163574012
0.9998485837065416
0.9997251440600852
0.9995039575902057
0.9991061303863216
0.9983929173671331
0.9970986743843688
0.9947806375018908
0.9904903894033009
0.9829056953190205
0.9681762541381183
0.9434938641175817
0.8890449410862218
0.8131286667278861
0.576627870479557
0.40400346369246454
-1.0079923931559245
-0.6737998526794051
-15.869901478955896
-15.866625649946453
-0.6735212073303696
-1.0074058082888575
0.4041783057647854
0.576787014661309
0.813203223719018
0.8890965928883388
0.9435223523851403
0.9681942676715518
0.9829162317704472
0.9904968549495556
0.9947845031386426
0.9971010262700131
0.998394337538498
0.9991069948880622
0.999504484319357
0.9997254678195746
0.9998487849885954
0.9999172917467829
0.9999548733926972
0.9999744767552634
0.9999828463466076
0.9999828463468508
0.9999744767558421
0.9999548733931618
0.999917291747016
0.9998487849887727
0.9997254678186929
0.9995044843193178
0.9991069948878188
0.9983943375384945
0.9971010262700117
0.9947845031394799
0.9904968549499957
0.982916231770254
0.9681942676719795
0.9435223523845873
0.8890965928876272
0.8132032237187552
0.5767870146599214
0.4041783057651802
-1.0074058082895496
-0.6735212073283467
-15.86662564994474
-15.859875056950782
-0.6729529530165413
-1.0062068775202833
0.40453320249996744
0.577110103252154
0.8133538746540745
0.889200826638197
0.9435796402224658
0.968230414525195
0.9829373082127739
0.9905097517149384
0.9947921864296773
0.9971056820514934
0.9983971341505639
0.9991086854356395
0.9995055041484617
0.9997260855918374
0.9998491607409365
0.9999175233730524
0.9999550207234669
0.999974577758751
0.9999829268522231
0.9999829268521307
0.999974577759007
0.9999550207237893
0.9999175233734483
0.9998491607409474
0.9997260855916833
0.9995055041482662
0.9991086854353753
0.9983971341510713
0.9971056820521018
0.9947921864299918
0.9905097517158299
0.9829373082127815
0.9682304145251455
0.9435796402220877
0.889200826637951
0.8133538746537017
0.5771101032515948
0.40453320250116975
-1.0062068775210267
-0.6729529530164131
-15.859875056951827
-15.845911939327792
-0.6717916197885325
-1.003750045776603
0.4052546369935067
0.577767021818158
0.8136585143047385
0.8894112749351399
0.9436948255054514
0.9683028989310131
0.98297940512729
0.9905354121326597
0.9948073961368458
0.9971148408163839
0.9984025871319964
0.999111939975937
0.9995074293202202
0.9997272161421067
0.9998498143275658
0.9999178937043828
0.9999552258115594
0.9999746922265516
0.9999830012820354
0.9999830012826402
0.9999746922267316
0.9999552258119564
0.9999178937047806
0.9998498143280561
0.9997272161425026
0.99950742931986
0.9991119399764967
0.9984025871320124
0.997114840816366
0.994807396136465
0.9905354121322134
0.9829794051273014
0.9683028989307364
0.9436948255054134
0.8894112749351761
0.8136585143057535
0.5777670218169054
0.4052546369939768
-1.0037500457774247
-0.6717916197881041
-15.845911939327541
-15.816902481436513
-0.6694125552147674
-0.9987005545098357
0.40672350290729326
0.5791048698062933
0.8142749550541043
0.8898362770415967
0.9439262719407582
0.9684480257740474
0.9830632410258743
0.9905862211015667
0.9948372682650355
0.9971326305689381
0.9984130011625036
0.9991179925298614
0.9995108533426692
0.9997290741421192
0.9998507354892695
0.9999182602931979
0.9999552698573018
0.9999745598327285
0.9999827910702161
0.9999827910708775
0.9999745598319718
0.9999552698568824
0.9999182602921721
0.9998507354891495
0.9997290741427494
0.9995108533420205
0.999117992530604
0.9984130011622552
0.9971326305688621
0.9948372682646622
0.990586221101019
0.9830632410268498
0.9684480257737389
0.9439262719416004
0.8898362770424532
0.8142749550551835
0.5791048698052258
0.4067235029071904
-0.9987005545111911
-0.669412555213817
-15.816902481436212
-15.756312588918426
-0.6645258002049856
-0.9882863538188199
0.4097192865418324
0.5818340878550956
0.8155228804207144
0.890694345691702
0.9443905544025903
0.96873763990554
0.9832292094779943
0.9906858324955448
0.994894969972715
0.9971662355213722
0.9984319533535102
0.9991283121576957
0.9995159909228633
0.9997311361526195
0.9998509648603385
0.99991740888388
0.9999537920963707
0.999972740448984
0.9999808213225063
0.9999808213227535
0.9999727404482515
0.9999537920959864
0.999917408883505
0.9998509648596472
0.9997311361531994
0.9995159909223186
0.9991283121581642
0.9984319533535653
0.997166235521701
0.994894969972032
0.9906858324951835
0.983229209478425
0.9687376399052461
0.9443905544031148
0.890694345692141
0.8155228804218246
0.5818340878547026
0.40971928654173106
-0.9882863538196838
-0.6645258002048884
-15.756312588919599
-15.62893830047135
-0.6544575865117328
-0.9667196832087923
0.41584043986365016
0.5874110019182619
0.818048996588501
0.8924243811436032
0.9453183318544269
0.9693114896482142
0.9835535922783089
0.9908768941132664
0.9950022256469344
0.9972254995411645
0.9984621719623756
0.9991414911136661
0.9995189890315569
0.9997281186430111
0.9998443794325972
0.9999087285409785
0.9999439027308095
0.9999621939358732
0.9999699862614202
0.999969986262295
0.9999621939359378
0.9999439027309016
0.9999087285410155
0.999844379433076
0.9997281186433999
0.9995189890309079
0.9991414911143197
0.9984621719621743
0.9972254995408274
0.9950022256468298
0.9908768941131594
0.983553592278845
0.9693114896477175
0.9453183318543292
0.8924243811435706
0.818048996588888
0.5874110019180069
0.4158404398634698
-0.9667196832078886
-0.654457586513023
-15.628938300472779
-15.358977334901905
-0.6336420038062909
-0.9218380198034942
0.42837155695250995
0.5988226073291636
0.8231557921417474
0.8958988241828167
0.9471558144775735
0.9704302328795349
0.9841688875140526
0.9912242226022954
0.9951821323974476
0.9973099493093018
0.9984891809711167
0.9991349647650993
0.9994925377340855
0.9996899549767837
0.9997993070527521
0.9998596205400464
0.9998924771071365
0.999909513709029
0.9999167567007436
0.9999167567011138
0.999909513708041
0.9998924771074666
0.9998596205393853
0.9997993070525297
0.9996899549772834
0.9994925377329316
0.9991349647651981
0.9984891809713794
0.9973099493096467
0.9951821323971948
0.9912242226022276
0.9841688875147907
0.9704302328787485
0.9471558144780388
0.8958988241824535
0.8231557921416622
0.5988226073293377
0.42837155695162754
-0.9218380198033231
-0.633642003806475
-15.358977334901725
-14.780754592678136
-0.5904315629658983
-0.8278798157617178
0.45407335516221936
0.62218182991964
0.8334335874972694
0.9028058222102268
0.950715823657162
0.9725248806971921
0.9852466176311345
0.991762565449833
0.9953861500003762
0.9973242396242229
0.9983901123101824
0.9989700849152932
0.9992888196937161
0.9994635469535151
0.9995596027883656
0.9996121971700903
0.9996406467540375
0.9996553092908235
0.9996615163039126
0.9996615163042393
0.999655309290306
0.9996406467531964
0.9996121971695737
0.9995596027879923
0.9994635469532551
0.9992888196936442
0.9989700849163374
0.9983901123100455
0.9973242396242312
0.9953861500002964
0.9917625654490989
0.9852466176312114
0.9725248806975529
0.9507158236574311
0.9028058222104751
0.8334335874975473
0.6221818299203694
0.4540733551605592
-0.8278798157609957
-0.5904315629671562
-14.780754592677432
-13.524544097124487
-0.5002683246107573
-0.6297492962595592
0.5068568280384974
0.6698688875208201
0.8538440533586766
0.9161659851282975
0.9572086805408222
0.976007957545836
0.9866701742227708
0.9920963942653691
0.9950516938192924
0.9966125092224583
0.9974549879652941
0.9979061504854211
0.9981495062763206
0.9982805296913773
0.9983511831998069
0.9983891422784406
0.9984092968392626
0.9984195176025946
0.9984237944331991
0.998423794431996
0.9984195176024349
0.9984092968391438
0.9983891422773508
0.9983511831998284
0.9982805296925699
0.9981495062767286
0.9979061504850624
0.9974549879659247
0.9966125092214256
0.9950516938181304
0.9920963942647638
0.9866701742225137
0.9760079575460061
0.9572086805417197
0.9161659851297222
0.8538440533583318
0.6698688875221934
0.5068568280373018
-0.6297492962582689
-0.5002683246116233
-13.524544097122746
-10.739153151804953
-0.3106225976297133
-0.20828970994454576
0.6150658482636783
0.7660333363582512
0.892719171090266
0.9399417344671401
0.9667941852788928
0.979327119679652
0.9857921657484685
0.9890007794466227
0.9906158482040877
0.9914250020771388
0.9918276718518159
0.9920275071903234
0.9921253940670451
0.9921729098829588
0.9921955323227423
0.9922060883987949
0.9922108545522415
0.9922128980309253
0.9922136401734823
0.9922136401732082
0.9922128980305516
0.9922108545506275
0.9922060883986298
0.9921955323222811
0.992172909882447
0.9921253940683736
0.992027507190658
0.9918276718517043
0.9914250020767013
0.9906158482043106
0.9890007794457549
0.985792165747859
0.9793271196807798
0.9667941852796962
0.9399417344675227
0.892719171089968
0.7660333363599705
0.615065848262382
-0.2082897099441067
-0.310622597632673
-10.739153151805233
-4.362158708503239
0.09513250232076029
0.6965429768394475
0.8331975173228943
0.9511194213758044
0.9558654907729802
0.9693651713115607
0.9664581381016795
0.9656452651671967
0.9634544333747518
0.9620993369926895
0.9610125025228047
0.9603212049778481
0.9598601994496863
0.9595727229795221
0.9593926819957894
0.9592827677006595
0.9592160718599397
0.9591763112094385
0.9591531522697505
0.9591404996612823
0.9591349314573057
0.9591349314562796
0.9591404996610444
0.959153152270624
0.959176311209035
0.9592160718592719
0.9592827677010795
0.9593926819961511
0.9595727229787465
0.9598601994495799
0.9603212049780473
0.9610125025228222
0.9620993369927353
0.963454433374592
0.9656452651678016
0.9664581381018115
0.9693651713118714
0.9558654907716009
0.9511194213762686
0.8331975173219568
0.6965429768396069
0.09513250231908017
-4.362158708504534
11.094161275439905
1.0043459175555898
2.6426549256073284
1.229744256850923
1.2368842772319966
0.9743052417950773
0.907346760186658
0.8402002360219192
0.8100284805537041
0.7896596884653517
0.7787916807506402
0.7722327725035171
0.7685511208095843
0.766406801456196
0.7651863658074289
0.7644843522588605
0.764083827663546
0.7638550250167215
0.7637253430127188
0.763652973637756
0.7636147174144878
0.7635982403804571
0.7635982403808508
0.7636147174153853
0.7636529736374558
0.7637253430137138
0.7638550250177705
0.7640838276635693
0.7644843522591898
0.7651863658070066
0.766406801455974
0.7685511208088656
0.772232772502699
0.7787916807503963
0.7896596884644997
0.8100284805541113
0.8402002360225362
0.9073467601866814
0.9743052417941052
1.2368842772335078
1.2297442568500991
2.6426549256084457
1.0043459175580458
11.094161275441998
53.273465461651554
3.274491268086072
6.560676307699686
1.3955108878409725
0.9559871973280345
0.06292353309715842
-0.2140830365943583
-0.42776963573781374
-0.5254469088131339
-0.5851686433352628
-0.6162514011643351
-0.6340203601674492
-0.643687144005189
-0.6491111179270947
-0.6521100840765602
-0.6537859151813268
-0.654718438509388
-0.655238779754977
-0.6555276511252346
-0.655685937945125
-0.6557684010800562
-0.6558035729965084
-0.6558035729970586
-0.6557684010777429
-0.6556859379445854
-0.6555276511245853
-0.6552387797543506
-0.6547184385106568
-0.6537859151789165
-0.6521100840786194
-0.6491111179255205
-0.6436871440060613
-0.634020360167306
-0.616251401162984
-0.5851686433340385
-0.5254469088131855
-0.427769635739557
-0.21408303659493316
0.06292353309504398
0.9559871973280918
1.3955108878409783
6.560676307701662
3.274491268081441
53.273465461650105
216.15059448291277
7.059682029589181
6.726305646701077
-11.14007004476346
-13.892999728955417
-16.788897875487223
-17.770158606530707
-18.41297663159923
-18.70504432854227
-18.871684760093682
-18.956298800144488
-19.002801059570537
-19.027477937901388
-19.04095370912268
-19.048246872806303
-19.05223903471324
-19.054421328029807
-19.055619176865257
-19.05627463833271
-19.056629286796166
-19.056812195183454
-19.05688968387347
-19.056889683854287
-19.05681219517916
-19.05662928678127
-19.05627463832625
-19.05561917685869
-19.054421328031154
-19.05223903473087
-19.048246872802903
-19.040953709121958
-19.02747793789434
-19.002801059565655
-18.956298800139546
-18.871684760080218
-18.705044328556745
-18.412976631605517
-17.770158606535624
-16.788897875504176
-13.892999728957118
-11.140070044769436
6.726305646725971
7.0596820295891405
216.1505944829148