80.11494796260214
-0.8813672322209383
-1.6658404412984875
-8.586155805776002
-9.749579484649473
-10.876077157924865
-11.269436534333549
-11.518994425360665
-11.633268788239457
-11.69731736356272
-11.729644706921079
-11.746911005515349
-11.75546317753609
-11.759047672823215
-11.759047672820579
-11.755463177535429
-11.746911005517024
-11.72964470692333
-11.697317363561023
-11.633268788236265
-11.518994425363651
-11.269436534335242
-10.876077157924986
-9.749579484645578
-8.586155805777828
-1.6658404413037204
-0.8813672322196249
80.11494796260592
17.415068195318224
1.1395984591611668
2.3285286875579745
0.6241931127476985
0.48201295691711576
0.18591215897897134
0.09278635536589194
0.021470003747781182
-0.01139756719790179
-0.03132809713123909
-0.041663752751526804
-0.047424438201083996
-0.050342464495120774
-0.05159062689656525
-0.05159062689669766
-0.050342464495447506
-0.04742443820107006
-0.04166375275106926
-0.031328097131110205
-0.011397567198339894
0.02147000374779754
0.09278635536639343
0.1859121589794182
0.48201295691713664
0.6241931127472327
2.328528687558031
1.1395984591611392
17.41506819531573
0.886370476877087
0.48881260691757467
1.093828187667164
0.8787928972828574
0.9288158438437719
0.8844303595279968
0.8776131205581406
0.8650466012063613
0.8595214169152607
0.8553236661249364
0.8530463522741034
0.851643111010065
0.850901689649121
0.8505702526653186
0.8505702526653326
0.8509016896490718
0.8516431110100772
0.8530463522741496
0.8553236661249879
0.8595214169151917
0.8650466012062378
0.8776131205580526
0.8844303595280909
0.9288158438439186
0.8787928972827665
1.0938281876671798
0.4888126069174777
0.8863704768762324
-5.1807651041708755
0.16948676504559512
0.3788151955689607
0.7701159305919336
0.8661361056283744
0.9257686999903758
0.9507634147291764
0.9631080998900061
0.9690319140039512
0.9718394979345364
0.973209141263586
0.973848593370442
0.9741456466673977
0.9742593931356278
0.9742593931357886
0.9741456466674683
0.9738485933703742
0.9732091412635218
0.9718394979345979
0.9690319140040904
0.9631080998897874
0.9507634147290631
0.925768699990494
0.8661361056287302
0.7701159305918601
0.3788151955688295
0.1694867650454563
-5.180765104170961
-7.683531083530548
0.01948745488222054
0.03561054620353215
0.6944550964445931
0.8036590042321091
0.9102571012967438
0.9482561142772249
0.971937182556909
0.9829351658525716
0.9889989104196488
0.9920682054094208
0.9936854484694481
0.9944840963450798
0.9948158445602706
0.9948158445603323
0.9944840963451754
0.9936854484693688
0.9920682054092851
0.988998910419727
0.9829351658527061
0.9719371825567746
0.9482561142771128
0.9102571012969394
0.8036590042323701
0.6944550964445046
0.03561054620307732
0.01948745488221508
-7.683531083530825
-8.776580520505082
-0.05195602822293359
-0.12605337415365675
0.6547403495546832
0.7685917371468709
0.89720812275469
0.940961905477372
0.9700178467745517
0.9833707934284179
0.9909973333922963
0.9948803684366362
0.9969747308327153
0.9980189894834253
0.9984585492675463
0.9984585492674543
0.9980189894834524
0.9969747308327093
0.9948803684365746
0.9909973333923736
0.9833707934283937
0.9700178467744741
0.9409619054773815
0.897208122754765
0.7685917371470119
0.6547403495544273
-0.12605337415371562
-0.051956028222586985
-8.776580520504917
-9.269652883989044
-0.08623228482036707
-0.20246754780928922
0.6349371301827936
0.7507161023556419
0.8898264597916999
0.936257790052196
0.9679162380736736
0.9823973342538991
0.9907898540918822
0.9950711419817793
0.9974022875184317
0.9985686684871711
0.9990622379473478
0.9990622379472708
0.9985686684870688
0.9974022875185249
0.9950711419819254
0.9907898540918301
0.9823973342538568
0.9679162380736765
0.9362577900523473
0.8898264597916761
0.7507161023555573
0.6349371301827429
-0.2024675478089612
-0.08623228481961911
-9.269652883988268
-9.49673274160098
-0.10274986538058346
-0.23882959414209334
0.6251863463794175
0.7418434637753001
0.8859967025999242
0.9337086432188659
0.966639176693201
0.9816704994747556
0.9904424286916489
0.9949212013753175
0.9973710179258433
0.9985987390920852
0.9991195996163516
0.9991195996162017
0.9985987390919828
0.9973710179259221
0.9949212013754276
0.990442428691541
0.9816704994746934
0.9666391766932689
0.9337086432190034
0.8859967025997546
0.7418434637750324
0.625186346379492
-0.23882959414190677
-0.10274986537999553
-9.496732741600455
-9.602833714451686
-0.11073829354117432
-0.2562438818581573
0.6203996826286371
0.7374753087819632
0.8840643883118002
0.9323976427027506
0.9659524720866314
0.9812545723218589
0.990215183490687
0.9947924712751466
0.9973019770134177
0.9985606372871806
0.9990953298642802
0.9990953298641516
0.9985606372869877
0.9973019770135798
0.9947924712752494
0.9902151834905423
0.9812545723217112
0.9659524720867461
0.9323976427029488
0.8840643883116004
0.7374753087816714
0.6203996826286668
-0.2562438818579294
-0.11073829354101916
-9.60283371445157
-9.652928907426965
-0.11461327658550596
-0.26462774451397
0.6180509317815777
0.7353299710285274
0.8830998857614039
0.9317367594144085
0.9655984651397025
0.9810343408425692
0.9900888383800333
0.9947153474370624
0.9972548667777321
0.9985291323075316
0.9990708286781284
0.9990708286780872
0.9985291323074019
0.9972548667778486
0.9947153474372101
0.9900888383798951
0.9810343408425155
0.9655984651397753
0.9317367594146118
0.8830998857612367
0.7353299710283963
0.6180509317817597
-0.26462774451365345
-0.11461327658578044
-9.652928907427004
-9.676739888667054
-0.11649535245612821
-0.26867614741584633
0.6168995116228624
0.7342780993881304
0.8826213608172967
0.9314069597237818
0.9654194260943667
0.9809214010579028
0.9900225183801492
0.9946735745783015
0.9972281356219239
0.9985102458808368
0.9990554737830841
0.9990554737832379
0.9985102458808486
0.9972281356218726
0.9946735745782276
0.990022518380029
0.9809214010580991
0.9654194260943092
0.9314069597237692
0.8826213608172229
0.7342780993881979
0.6168995116231138
-0.26867614741619106
-0.11649535245722947
-9.676739888667662
-9.688047050545272
-0.11740473501511656
-0.27062347693685807
0.6163389596701994
0.7337660561915822
0.8823863045511013
0.9312443491611895
0.9653303549628662
0.9808647515073821
0.9899888147496115
0.9946520021592076
0.9972140245396404
0.9985000369878371
0.999047025684275
0.9990470256845003
0.9985000369878909
0.9972140245395608
0.9946520021590055
0.9899888147496113
0.9808647515075235
0.9653303549626961
0.9312443491610709
0.8823863045512237
0.7337660561918073
0.616338959670327
-0.27062347693747896
-0.11740473501625294
-9.688047050545794
-9.69326529748882
-0.1178300641075397
-0.27153122019017617
0.6160752416654968
0.7335251924504208
0.8822749839363655
0.9311671440943041
0.9652878021427813
0.9808375479918163
0.9899725001647095
0.9946414641707949
0.9972070490902182
0.9984949290078816
0.9990427618051798
0.9990427618053761
0.9984949290080047
0.9972070490900526
0.9946414641706972
0.9899725001649055
0.9808375479919831
0.965287802142705
0.9311671440941884
0.8822749839366211
0.7335251924506349
0.6160752416654369
-0.27153122019045794
-0.11783006410823393
-9.693265297489035
-9.695309442422136
-0.11799815365475999
-0.27188918867780437
0.6159706152230036
0.7334296429091987
0.8822306296080481
0.9311363355587774
0.9652707559908493
0.9808266177860854
0.9899659148745914
0.9946371893127803
0.9972042015449825
0.9984928308341722
0.9990410027122816
0.9990410027123984
0.9984928308343767
0.9972042015447258
0.9946371893126866
0.9899659148747892
0.9808266177862504
0.9652707559907255
0.9311363355586042
0.8822306296081984
0.7334296429093987
0.6159706152229115
-0.27188918867807255
-0.1179981536549298
-9.695309442422216
-9.695309442421937
-0.11799815365515165
-0.2718891886779926
0.6159706152230073
0.7334296429093812
0.8822306296082403
0.9311363355587847
0.9652707559908732
0.9808266177861439
0.9899659148747386
0.9946371893127866
0.9972042015449094
0.9984928308343126
0.9990410027124612
0.9990410027124257
0.9984928308343415
0.997204201544754
0.9946371893127737
0.9899659148747828
0.9808266177861684
0.9652707559907073
0.9311363355586972
0.88223062960832
0.7334296429093635
0.6159706152228714
-0.2718891886780283
-0.1179981536545482
-9.695309442421632
-9.69326529748945
-0.11783006410856936
-0.2715312201908916
0.6160752416655163
0.7335251924506374
0.8822749839364681
0.9311671440941471
0.9652878021427118
0.980837547991908
0.9899725001647643
0.994641464170662
0.9972070490901734
0.9984949290079923
0.9990427618052593
0.9990427618052198
0.9984949290078367
0.9972070490901424
0.9946414641709518
0.9899725001648264
0.9808375479919614
0.9652878021427305
0.9311671440942997
0.8822749839363798
0.7335251924502872
0.6160752416653476
-0.27153122019017384
-0.11783006410713434
-9.693265297488491
-9.688047050546666
-0.11740473501646408
-0.27062347693760047
0.6163389596704613
0.733766056192062
0.8823863045512701
0.9312443491610841
0.9653303549627592
0.9808647515075987
0.9899888147496414
0.9946520021590526
0.9972140245396859
0.9985000369880843
0.9990470256845614
0.9990470256844755
0.9985000369878828
0.9972140245398018
0.9946520021593162
0.9899888147495605
0.9808647515074065
0.9653303549627741
0.9312443491613298
0.8823863045511029
0.7337660561915982
0.616338959670398
-0.2706234769368935
-0.11740473501493551
-9.688047050545563
-9.676739888666933
-0.11649535245707551
-0.2686761474162387
0.6168995116229792
0.7342780993883641
0.8826213608174498
0.9314069597237025
0.965419426094278
0.9809214010580949
0.9900225183801656
0.9946735745783423
0.9972281356217716
0.9985102458809332
0.9990554737832554
0.9990554737831703
0.998510245880724
0.9972281356219095
0.9946735745784246
0.9900225183800306
0.980921401057889
0.9654194260943729
0.9314069597238803
0.8826213608170692
0.7342780993880677
0.6168995116229061
-0.26867614741603907
-0.11649535245657483
-9.67673988866655
-9.652928907426816
-0.11461327658559273
-0.2646277445139076
0.6180509317815968
0.7353299710285064
0.8830998857614495
0.9317367594144321
0.965598465139721
0.9810343408425652
0.9900888383800883
0.9947153474370665
0.9972548667777091
0.9985291323075902
0.9990708286781722
0.9990708286780154
0.9985291323074541
0.9972548667778499
0.9947153474372608
0.9900888383798492
0.9810343408425078
0.9655984651397962
0.9317367594145973
0.8830998857612267
0.7353299710284543
0.6180509317818057
-0.2646277445134856
-0.11461327658572962
-9.652928907426666
-9.602833714451668
-0.11073829354044407
-0.25624388185778557
0.6203996826286333
0.7374753087816877
0.8840643883116632
0.9323976427027554
0.9659524720866622
0.981254572321751
0.9902151834906228
0.9947924712750953
0.997301977013465
0.9985606372869915
0.9990953298641139
0.9990953298641334
0.9985606372869714
0.9973019770136016
0.9947924712750911
0.9902151834903488
0.9812545723218689
0.9659524720865948
0.9323976427027222
0.8840643883116222
0.7374753087818693
0.6203996826290508
-0.2562438818579743
-0.11073829354174074
-9.602833714452373
-9.496732741599065
-0.10274986537931469
-0.23882959414127997
0.6251863463793335
0.7418434637748939
0.8859967025998092
0.9337086432191167
0.9666391766932868
0.9816704994746727
0.9904424286915938
0.9949212013756286
0.9973710179258946
0.9985987390919742
0.9991195996161563
0.9991195996163516
0.998598739092071
0.9973710179257431
0.9949212013751259
0.9904424286916265
0.981670499474814
0.9666391766930493
0.9337086432188448
0.8859967025998352
0.7418434637754346
0.6251863463793438
-0.23882959414265326
-0.10274986538156122
-9.49673274160061
-9.269652883988194
-0.08623228481928177
-0.2024675478086868
0.6349371301826237
0.7507161023552938
0.8898264597914987
0.9362577900522321
0.9679162380736877
0.9823973342537367
0.990789854091843
0.9950711419818299
0.997402287518338
0.9985686684868872
0.9990622379471186
0.9990622379472394
0.9985686684870279
0.9974022875182434
0.9950711419816756
0.9907898540918398
0.9823973342538156
0.9679162380735371
0.936257790052134
0.8898264597917487
0.7507161023556937
0.6349371301825788
-0.20246754780946602
-0.08623228482054549
-9.269652883988783
-8.77658052050565
-0.051956028222580886
-0.12605337415353626
0.654740349554878
0.768591737146811
0.897208122754682
0.9409619054774209
0.9700178467746099
0.9833707934283011
0.9909973333922055
0.994880368436603
0.9969747308327737
0.9980189894834273
0.9984585492674242
0.998458549267585
0.9980189894834827
0.9969747308327148
0.994880368436498
0.9909973333923701
0.9833707934285183
0.9700178467745122
0.9409619054774012
0.8972081227548192
0.7685917371471598
0.6547403495548538
-0.12605337415381285
-0.05195602822278699
-8.776580520505636
-7.683531083530076
0.019487454882019695
0.035610546203416374
0.6944550964444858
0.8036590042320941
0.9102571012967664
0.9482561142771477
0.9719371825568647
0.9829351658525685
0.9889989104196633
0.9920682054094336
0.9936854484693831
0.9944840963450502
0.9948158445602334
0.994815844560323
0.9944840963450516
0.9936854484693147
0.9920682054093184
0.9889989104197696
0.982935165852689
0.971937182556615
0.9482561142771588
0.9102571012967153
0.8036590042323433
0.6944550964441994
0.03561054620298322
0.019487454882608102
-7.683531083529784
-5.180765104171455
0.1694867650446119
0.37881519556828447
0.7701159305917673
0.866136105628708
0.9257686999905198
0.950763414728995
0.9631080998898305
0.9690319140040691
0.9718394979346312
0.9732091412633533
0.97384859337037
0.9741456466675257
0.9742593931358972
0.9742593931357313
0.9741456466674763
0.9738485933706108
0.9732091412638504
0.9718394979346827
0.9690319140038888
0.9631080998898636
0.9507634147292949
0.9257686999905135
0.8661361056284693
0.7701159305918148
0.37881519556935356
0.1694867650467496
-5.180765104170211
0.8863704768760531
0.48881260691626877
1.0938281876662366
0.8787928972830856
0.9288158438441724
0.8844303595280995
0.8776131205579318
0.8650466012062908
0.8595214169153262
0.8553236661248818
0.8530463522737782
0.8516431110101175
0.8509016896493959
0.8505702526654182
0.8505702526651755
0.8509016896490704
0.8516431110104681
0.8530463522743685
0.8553236661249599
0.8595214169151446
0.8650466012065687
0.8776131205583484
0.8844303595279106
0.9288158438435414
0.8787928972830181
1.0938281876678748
0.4888126069188241
0.886370476876503
17.415068195318373
1.139598459160481
2.3285286875577387
0.624193112747782
0.48201295691747137
0.1859121589790969
0.09278635536586385
0.021470003747758058
-0.011397567197953384
-0.03132809713120596
-0.041663752751302116
-0.04742443820112805
-0.05034246449497254
-0.051590626896381137
-0.051590626896642025
-0.05034246449521111
-0.04742443820063923
-0.04166375275095931
-0.03132809713139534
-0.011397567198192095
0.021470003747789606
0.09278635536651114
0.18591215897971525
0.4820129569172813
0.6241931127473168
2.3285286875580082
1.1395984591615107
17.415068195316334
80.1149479626022
-0.8813672322209583
-1.6658404412987142
-8.586155805775967
-9.749579484649805
-10.876077157924714
-11.26943653433364
-11.5189944253606
-11.633268788239793
-11.697317363562874
-11.729644706921054
-11.746911005515392
-11.755463177535907
-11.759047672823566
-11.759047672820705
-11.755463177535052
-11.74691100551652
-11.729644706923281
-11.69731736356179
-11.633268788235927
-11.518994425363832
-11.269436534335158
-10.876077157924527
-9.749579484645487
-8.586155805777647
-1.665840441303565
-0.8813672322202504
80.1149479626054