267.34066184750657
0.2974018652442686
6.9752325499857495
-13.62858826003308
-14.471868749605388
-17.240210325697017
-17.73700556794747
-18.259503831621476
-18.425790636734945
-18.548019407908413
-18.598530979098182
-18.630883260156736
-18.64604614515285
-18.655241396367323
-18.659846428947716
-18.662579152936118
-18.664001815130966
-18.664837879111687
-18.665281695574954
-18.66553667522141
-18.66566527054985
-18.665722431541337
-18.665722431544907
-18.66566527054914
-18.66553667522257
-18.665281695564317
-18.664837879117872
-18.664001815128245
-18.662579152933546
-18.659846428956747
-18.655241396356715
-18.646046145172456
-18.63088326013807
-18.598530979105696
-18.548019407914495
-18.425790636737077
-18.25950383160869
-17.73700556795798
-17.240210325681126
-14.471868749603505
-13.628588260046284
6.975232549995482
0.2974018652354923
267.3406618475039
23.695516473986473
5.558754739888446
4.487825520693709
1.925793749853765
0.5127324196687043
0.0010316534570862066
-0.44814452814240635
-0.5818710485450764
-0.7064249514998151
-0.7459214661407498
-0.7803771780912441
-0.7925618807743189
-0.8023591383150397
-0.8061847953095704
-0.8090601823289942
-0.8102748797385568
-0.8111430612322448
-0.8115317699019604
-0.811798353730872
-0.8119204940265208
-0.8119969510020906
-0.8120247733410089
-0.8120247733474575
-0.8119969510024585
-0.8119204940234916
-0.8117983537324731
-0.8115317699014377
-0.8111430612327712
-0.8102748797403159
-0.8090601823273031
-0.8061847953097452
-0.8023591383172932
-0.7925618807700001
-0.7803771780967884
-0.7459214661371623
-0.7064249514984238
-0.5818710485470474
-0.4481445281417479
0.0010316534564450601
0.5127324196676992
1.9257937498592135
4.487825520693528
5.558754739882877
23.69551647398971
3.6083776717566693
1.380524731880389
2.5229831750989717
1.2862741328283134
1.2660230381005952
0.8860566349965757
0.8270368316773484
0.7138768596514278
0.6883161655632026
0.6546256730389267
0.6454724450917881
0.6353703251437557
0.6322613116624338
0.6291967129875566
0.6281587470117606
0.6272157444270698
0.6268712311507143
0.6265772103765195
0.6264639640697569
0.6263733626818101
0.6263394303893695
0.6263190195948439
0.6263190195920698
0.6263394303885199
0.6263733626831782
0.6264639640691468
0.6265772103775045
0.6268712311509017
0.6272157444255642
0.6281587470129774
0.6291967129880489
0.6322613116617575
0.6353703251445089
0.6454724450893929
0.6546256730401601
0.68831616556458
0.7138768596499141
0.8270368316783921
0.8860566349955687
1.26602303809935
1.2862741328323257
2.5229831750992315
1.380524731877594
3.6083776717577996
-8.090704770562994
0.4812544429746923
0.5880160853122638
1.0234054217190205
0.9760182602346481
0.9901321444769674
0.9462247273626575
0.9380169498253972
0.9183468075607949
0.9137880380697176
0.9065228501772532
0.904682190988215
0.9021935908962622
0.9015152722041886
0.900689262693173
0.900448992659501
0.9001780997996323
0.9000950476673671
0.9000070700196404
0.8999796102777978
0.899953458856264
0.8999470407098874
0.8999470407092245
0.8999534588557443
0.8999796102784159
0.9000070700194491
0.9000950476675533
0.9001780998000135
0.9004489926586092
0.9006892626932648
0.9015152722045698
0.902193590896305
0.9046821909882201
0.9065228501767257
0.9137880380697363
0.9183468075613763
0.9380169498248139
0.9462247273634976
0.9901321444763366
0.9760182602340626
1.0234054217203812
0.5880160853126588
0.4812544429734627
-8.090704770562336
-12.245270750374264
-0.03267339634747961
-0.1189203835851558
0.7546013750645914
0.840507964130652
0.9321634975264559
0.9565692364805913
0.9650865462382299
0.9700056328960909
0.9694620005747685
0.9702325047969733
0.9694327162534147
0.9694878035670498
0.9690988344591625
0.9690718083393473
0.9689169238058977
0.9688978409480573
0.9688409186362569
0.9688325174456145
0.9688129470411713
0.9688100872956656
0.9688054023831489
0.9688054023830074
0.9688100872953822
0.9688129470414096
0.968832517445588
0.9688409186361251
0.9688978409482337
0.9689169238057844
0.969071808339092
0.9690988344594118
0.9694878035669625
0.9694327162532888
0.970232504797202
0.9694620005746767
0.9700056328959552
0.9650865462382487
0.95656923648121
0.9321634975261064
0.8405079641303683
0.7546013750644549
-0.11892038358531012
-0.03267339634751102
-12.245270750374573
-14.380541136385112
-0.25017618099641264
-0.5134894307748836
0.6349432347551045
0.7377783523080014
0.8982816310730328
0.936953457411341
0.9672109386079606
0.9773511080874193
0.9840615284735529
0.9864392003141031
0.9880611671669555
0.988583512230237
0.9889971963525477
0.9891038826095293
0.9892141578303405
0.9892332051992484
0.9892639279938762
0.9892662366396945
0.9892750266529384
0.9892749093738714
0.9892768252863642
0.989276825286233
0.9892749093736851
0.9892750266531434
0.9892662366397598
0.9892639279937498
0.9892332051990887
0.9892141578304823
0.9891038826094318
0.9889971963525928
0.9885835122301527
0.9880611671666375
0.9864392003142493
0.9840615284738792
0.9773511080870014
0.9672109386080121
0.9369534574114982
0.8982816310730042
0.7377783523079827
0.6349432347551531
-0.5134894307753917
-0.2501761809956349
-14.380541136385336
-15.360374249136289
-0.36392167029624883
-0.6974314051603279
0.565114051939529
0.6871405162897464
0.8726630966114455
0.9246256496648984
0.9620053986306941
0.9777691915933636
0.9866686228684884
0.9911451311828923
0.993439305620791
0.9947063797886639
0.9953225585424363
0.9956875235254992
0.9958574921187895
0.995965303995944
0.9960131400462467
0.9960456863520827
0.9960591156663805
0.9960683753015134
0.9960712118497672
0.996071211849637
0.9960683753016539
0.996059115666515
0.9960456863518453
0.9960131400460055
0.9959653039959564
0.995857492118703
0.9956875235256322
0.9953225585422021
0.9947063797887485
0.9934393056203547
0.9911451311829658
0.9866686228689026
0.9777691915930288
0.9620053986307114
0.9246256496649641
0.8726630966115523
0.6871405162897464
0.565114051939635
-0.697431405160619
-0.3639216702953728
-15.360374249136179
-15.860633848496803
-0.4195456877194869
-0.794488981970258
0.5302344267297786
0.6580752885606961
0.8589666174484096
0.9158397445472226
0.9583218357056598
0.976172052890098
0.9869225392877132
0.9921543533236952
0.9951233335594087
0.9966444076975555
0.9975031544272788
0.9979496288926781
0.9982057156450352
0.9983386845223161
0.9984168342757432
0.9984567931457907
0.9984805542653191
0.9984917625643716
0.998497082876429
0.9984970828764038
0.9984917625648657
0.9984805542651942
0.9984567931455348
0.9984168342753841
0.9983386845224775
0.9982057156453285
0.9979496288925207
0.997503154427189
0.9966444076977055
0.9951233335592387
0.9921543533238385
0.9869225392882686
0.9761720528895548
0.9583218357060771
0.9158397445474462
0.8589666174482933
0.6580752885607307
0.5302344267294833
-0.7944889819699289
-0.4195456877194259
-15.860633848497072
-16.109231536597843
-0.448513880664573
-0.8433754169285628
0.511314314810305
0.6430101439133611
0.850947966333139
0.910939965899093
0.9556694067984141
0.9749477904584554
0.9864903797328924
0.9922968507169823
0.9955457829226546
0.9972857943330302
0.9982408527942166
0.9987682758957057
0.9990563869335358
0.9992187587109527
0.999307150515446
0.9993575908109122
0.9993844297144037
0.9993989946136392
0.9994049773961908
0.9994049773955829
0.9993989946139492
0.9993844297141603
0.9993575908108216
0.9993071505152609
0.9992187587108405
0.999056386933652
0.9987682758955436
0.9982408527943198
0.9972857943327513
0.9955457829228067
0.9922968507169827
0.9864903797332919
0.9749477904581845
0.9556694067985141
0.9109399658995576
0.8509479663329524
0.6430101439133926
0.511314314810311
-0.8433754169275183
-0.4485138806652126
-16.109231536597903
-16.23757207172895
-0.4633678717744293
-0.8690739564190001
0.5014742235873382
0.6347978886479436
0.8466378421270196
0.9080670626912573
0.9541230560739744
0.9740636662697073
0.9861113484298945
0.9921827515755959
0.995626885717278
0.9974662325596009
0.9984956789114241
0.9990587159267672
0.9993746722042753
0.9995493202256343
0.9996479568484588
0.9997024413514752
0.9997328882980985
0.999748635064756
0.9997555009194379
0.9997555009193748
0.9997486350648417
0.9997328882979657
0.9997024413516529
0.9996479568484544
0.9995493202255303
0.9993746722044275
0.9990587159266145
0.9984956789117496
0.9974662325593372
0.9956268857173289
0.9921827515757979
0.9861113484297271
0.974063666269645
0.9541230560741822
0.9080670626913359
0.8466378421274194
0.6347978886480472
0.501474223587094
-0.869073956418962
-0.4633678717744538
-16.237572071728994
-16.303521345818538
-0.4711635998535414
-0.8824251420212357
0.496206497413675
0.6304537719730452
0.8442499323760799
0.9064905496026345
0.9532032432052018
0.973532013227866
0.9858282197559693
0.9920635510051539
0.9956032290425605
0.9975083540689162
0.9985738171821986
0.9991624414338424
0.9994915738775305
0.9996759480028383
0.9997792369728151
0.999837316990071
0.9998693086895085
0.9998862346090219
0.9998934593485509
0.9998934593487296
0.9998862346085516
0.9998693086897046
0.9998373169898807
0.9997792369732762
0.9996759480027414
0.9994915738772376
0.9991624414339628
0.9985738171819833
0.9975083540689194
0.9956032290426151
0.9920635510051786
0.985828219755224
0.9735320132290117
0.9532032432050104
0.9064905496023659
0.8442499323765253
0.630453771973056
0.49620649741383294
-0.8824251420218316
-0.4711635998531801
-16.30352134581856
-16.337963833087176
-0.47524595843412515
-0.8894811701756489
0.4934198442176339
0.6281128134449958
0.8429620006848197
0.9056108479122471
0.9526872832023864
0.9732126964168621
0.9856518171528325
0.9919704968040655
0.995567736828492
0.9975063315729173
0.9985947516289001
0.9991963257200934
0.9995344448710027
0.9997236630551527
0.9998303921296655
0.9998902099444931
0.9999234504216676
0.9999409253195819
0.999948460838205
0.9999484608383142
0.9999409253193965
0.9999234504215689
0.9998902099444362
0.9998303921297915
0.999723663055019
0.9995344448708181
0.9991963257201166
0.9985947516286959
0.99750633157283
0.9955677368287656
0.9919704968040309
0.9856518171522224
0.9732126964176451
0.9526872832023208
0.9056108479120226
0.8429620006849905
0.6281128134453202
0.49341984421782203
-0.8894811701758474
-0.47524595843432993
-16.33796383308689
-16.355973348211823
-0.4774058400826465
-0.8932033659955292
0.49192848890586693
0.6268627111537968
0.8422597357315653
0.9051308037639949
0.9523960934200535
0.973030715523566
0.9855441837082344
0.9919105037435001
0.995537804197075
0.9974962564480824
0.998596696949462
0.9992063170679295
0.9995491316554194
0.9997415325229558
0.9998500402219291
0.9999110761299428
0.9999449499071906
0.9999628342334492
0.9999705244899795
0.999970524489423
0.999962834233642
0.9999449499070002
0.9999110761300659
0.9998500402220529
0.9997415325227383
0.9995491316552554
0.9992063170682108
0.9985966969494815
0.9974962564475831
0.9955378041974167
0.9919105037430269
0.9855441837082184
0.9730307155237191
0.9523960934201505
0.9051308037636872
0.8422597357311565
0.6268627111542071
0.49192848890609936
-0.8932033659958616
-0.4774058400836965
-16.355973348211513
-16.365467026991112
-0.47854998689103756
-0.8951826183811586
0.4911325721806278
0.6261899608773135
0.8418802466316602
0.904867331116839
0.9522351576966601
0.9729271608933276
0.9854817951379542
0.991873298765138
0.9955176735146772
0.9974866873504595
0.9985941767732182
0.9992080959954139
0.9995537733297268
0.999747875707345
0.999857518935287
0.9999192024752532
0.9999535009549954
0.9999716008374577
0.9999793987030001
0.9999793987031764
0.9999716008377799
0.9999535009546437
0.9999192024752543
0.9998575189351109
0.9997478757070266
0.9995537733298296
0.999208095995521
0.9985941767727509
0.9974866873502224
0.9955176735150196
0.9918732987650156
0.9854817951379238
0.972927160893177
0.9522351576968873
0.9048673311166049
0.8418802466312498
0.6261899608780882
0.49113257218067297
-0.8951826183807341
-0.47854998689044703
-16.36546702699102
-16.37048385632138
-0.47915934175173625
-0.8962360510245202
0.49070549386944384
0.625828759820306
0.8416742739680663
0.9047238958552712
0.9521460851240022
0.9728693819601486
0.9854459340521551
0.9918513983175263
0.9955049197048547
0.9974799156996438
0.9985912067521143
0.9992076276532683
0.9995548576701708
0.9997499830180203
0.9998602437506581
0.9999223313041685
0.9999568604281729
0.9999750994401397
0.999982955569154
0.9999829555697728
0.9999750994403467
0.9999568604278851
0.9999223313040411
0.9998602437507013
0.9997499830178649
0.9995548576701757
0.9992076276536523
0.9985912067516742
0.9974799156997888
0.995504919704686
0.9918513983175752
0.9854459340522068
0.9728693819605514
0.9521460851241286
0.9047238958547537
0.8416742739681918
0.6258287598208521
0.49070549386877327
-0.8962360510246941
-0.4791593417514624
-16.370483856321663
-16.37314738167357
-0.4794844783471815
-0.8967991388984881
0.4904763330266207
0.6256341107743306
0.8415628095706265
0.9046456416232149
0.9520971956072528
0.9728372016663016
0.985425726986944
0.9918386902412276
0.995497283460858
0.9974755152763661
0.998588954797965
0.9992067388264001
0.999554867037413
0.999750553386441
0.9998611812072349
0.9999234912622265
0.9999581614258075
0.9999764771791547
0.9999843696605251
0.9999843696611319
0.9999764771792621
0.9999581614255637
0.9999234912621835
0.9998611812070524
0.9997505533863451
0.9995548670376032
0.9992067388268332
0.998588954797512
0.9974755152765471
0.995497283461012
0.9918386902414824
0.9854257269863089
0.9728372016666591
0.9520971956072934
0.9046456416227933
0.8415628095708118
0.6256341107749829
0.4904763330261894
-0.8967991388983888
-0.4794844783475921
-16.373147381673732
-16.374564596834468
-0.47965849076055256
-0.8971005204298094
0.4903530327339295
0.6255292520441036
0.8415023771858472
0.904603086209099
0.9520703641401738
0.9728194318444865
0.9854143967023563
0.9918314677358224
0.995492805094437
0.9974728329565712
0.9985874432255155
0.999205996542456
0.9995546178926895
0.9997506272419323
0.9998614579969105
0.9999238990304801
0.9999586475658162
0.9999770093980471
0.9999849221340753
0.999984922134795
0.9999770093979934
0.99995864756547
0.9999238990308393
0.9998614579969376
0.9997506272418729
0.9995546178929913
0.9992059965427466
0.9985874432253292
0.9974728329565812
0.9954928050948099
0.9918314677357327
0.9854143967017213
0.9728194318450133
0.9520703641405257
0.9046030862086939
0.8415023771862049
0.6255292520445035
0.49035303273300396
-0.8971005204295486
-0.4796584907606827
-16.374564596833284
-16.375320316599595
-0.47975170243369414
-0.8972621117102886
0.4902866998644645
0.6254726980676248
0.8414696685920129
0.904579944162593
0.9520557044197246
0.972809642993896
0.9854081063448887
0.9918273967545654
0.9954902390272335
0.9974712433382138
0.99858650340252
0.9992054779605033
0.9995543770698949
0.9997505646144367
0.9998615116323377
0.9999240254280062
0.9999588196427053
0.9999772072034476
0.9999851318865327
0.9999851318869648
0.9999772072034921
0.9999588196426259
0.9999240254282282
0.9998615116327518
0.9997505646144265
0.9995543770697042
0.999205477960484
0.9985865034027708
0.9974712433380144
0.9954902390279333
0.9918273967543172
0.985408106344372
0.9728096429947477
0.9520557044197843
0.9045799441619675
0.8414696685922193
0.6254726980681848
0.49028669986380247
-0.8972621117097916
-0.47975170243363996
-16.375320316599616
-16.375722742467662
-0.4798015669719087
-0.8973485768363034
0.49025107454566585
0.6254422887636368
0.8414520082763476
0.9045674181961647
0.9520477254170479
0.9728042914164873
0.9854046373057239
0.9918251327293703
0.9954887888714532
0.9974703278782977
0.998585941515503
0.9992051492214569
0.9995542005193179
0.9997504879629004
0.9998614991406505
0.9999240543008722
0.9999588738847605
0.9999772762524082
0.9999852075980655
0.9999852075979065
0.9999772762520576
0.9999588738848714
0.9999240543012736
0.9998614991406419
0.9997504879626671
0.9995542005191729
0.9992051492214717
0.9985859415152593
0.9974703278780203
0.9954887888723829
0.9918251327287639
0.9854046373049742
0.9728042914169701
0.9520477254171786
0.9045674181954373
0.8414520082765139
0.6254422887639242
0.4902510745457451
-0.8973485768365531
-0.4798015669727399
-16.375722742467474
-16.375934854699832
-0.47982794827332964
-0.8973943467987089
0.49023216586988516
0.6254261231649038
0.8414425949063369
0.9045607220958249
0.9520434457162568
0.9728014069748069
0.9854027579527133
0.9918238958047393
0.9954879891150596
0.9974698145660734
0.9985856195914412
0.9992049529172276
0.9995540873734546
0.9997504289836638
0.9998614755995647
0.9999240533322264
0.9999588870801445
0.9999772975688519
0.9999852326601696
0.9999852326596544
0.9999772975687387
0.9999588870803806
0.9999240533323396
0.9998614755997812
0.9997504289833801
0.9995540873732293
0.9992049529176097
0.9985856195916414
0.9974698145661137
0.9954879891156363
0.9918238958037948
0.9854027579526093
0.972801406975417
0.9520434457158584
0.9045607220952279
0.8414425949061672
0.6254261231648721
0.490232165870118
-0.8973943467996319
-0.47982794827500114
-16.375934854699466
-16.376041851174882
-0.47984129924790553
-0.8974175144023551
0.4902225714091064
0.6254179136390773
0.841437802243928
0.904557307276833
0.9520412560819189
0.9727999271126231
0.9854017890630351
0.9918232550386918
0.9954875713627979
0.9974695438767647
0.9985854469452035
0.9992048451841323
0.9995540224464644
0.9997503922647131
0.9998614572175765
0.9999240468027096
0.9999588879148001
0.9999773026989285
0.9999852397439171
0.9999852397442859
0.9999773026988796
0.9999588879149273
0.999924046802624
0.9998614572175859
0.9997503922644766
0.9995540224464594
0.999204845184055
0.9985854469449553
0.9974695438768599
0.995487571362873
0.9918232550385528
0.9854017890626139
0.9727999271126986
0.9520412560819573
0.9045573072764357
0.8414378022436316
0.6254179136398341
0.4902225714092796
-0.8974175144014742
-0.47984129924652186
-16.376041851174946
-16.37608647608277
-0.47984687913792645
-0.897427199579325
0.49021855470549974
0.6254144740257055
0.8414357914800692
0.9045558725382343
0.9520403346061002
0.9727993028866213
0.9854013794080765
0.9918229830731395
0.9954873933340618
0.9974694277083169
0.9985853722346331
0.9992047978562024
0.9995539933059088
0.9997503750600781
0.9998614478465601
0.9999240424637807
0.9999588867387037
0.999977303350869
0.999985241237967
0.9999852412387464
0.9999773033509627
0.9999588867385854
0.9999240424635132
0.9998614478469414
0.9997503750599326
0.9995539933057
0.9992047978566366
0.9985853722341493
0.997469427708684
0.9954873933340485
0.9918229830730415
0.9854013794075742
0.9727993028870334
0.9520403346062316
0.9045558725374381
0.841435791480007
0.6254144740261822
0.4902185547052614
-0.8974271995799996
-0.47984687913819246
-16.376086476082623
-16.376086476085543
-0.4798468791355144
-0.8974271995792249
0.4902185547064841
0.6254144740259426
0.8414357914800865
0.9045558725383154
0.9520403346057973
0.9727993028866752
0.9854013794082006
0.9918229830733596
0.9954873933340449
0.9974694277082328
0.998585372234366
0.9992047978565474
0.9995539933057063
0.9997503750596008
0.9998614478467238
0.9999240424637927
0.9999588867386724
0.9999773033507671
0.9999852412380102
0.99998524123876
0.9999773033511967
0.9999588867385458
0.999924042463882
0.9998614478467402
0.9997503750599979
0.9995539933060786
0.9992047978565759
0.9985853722344266
0.9974694277087587
0.9954873933340496
0.9918229830733816
0.98540137940786
0.9727993028868307
0.9520403346059827
0.9045558725377707
0.8414357914805515
0.6254144740258858
0.49021855470556663
-0.8974271995802223
-0.4798468791374054
-16.376086476085554
-16.37604185117806
-0.4798412992471323
-0.897417514403948
0.4902225714102055
0.6254179136388902
0.8414378022436833
0.9045573072767605
0.9520412560815409
0.972799927112908
0.9854017890630855
0.9918232550385775
0.9954875713625941
0.9974695438766759
0.998585446945254
0.9992048451839021
0.999554022445979
0.9997503922642118
0.9998614572180455
0.999924046802484
0.9999588879143906
0.9999773026987141
0.999985239744339
0.9999852397444313
0.9999773026985269
0.9999588879146264
0.9999240468027228
0.9998614572176557
0.9997503922644166
0.9995540224464801
0.9992048451836879
0.9985854469450763
0.9974695438767005
0.9954875713631219
0.9918232550385044
0.9854017890626896
0.972799927112842
0.9520412560820433
0.9045573072766175
0.8414378022438598
0.6254179136394522
0.4902225714094308
-0.8974175144019978
-0.47984129924640995
-16.376041851177302
-16.375934854696382
-0.47982794827491104
-0.8973943468003791
0.49023216587079166
0.6254261231653206
0.8414425949058572
0.9045607220957966
0.9520434457160685
0.972801406974721
0.985402757952753
0.9918238958043686
0.9954879891148611
0.9974698145658107
0.9985856195912745
0.9992049529171367
0.9995540873734634
0.9997504289833048
0.9998614755996802
0.9999240533318269
0.9999588870802638
0.9999772975687988
0.9999852326595244
0.9999852326599854
0.99997729756874
0.9999588870800679
0.99992405333225
0.9998614755998769
0.9997504289833792
0.999554087373446
0.9992049529172524
0.9985856195918847
0.9974698145657672
0.9954879891154926
0.9918238958040222
0.9854027579525688
0.972801406975148
0.9520434457162599
0.9045607220952157
0.8414425949061346
0.6254261231658731
0.4902321658694368
-0.8973943468002861
-0.4798279482750511
-16.375934854695515
-16.37572274246781
-0.4798015669718671
-0.8973485768362358
0.49025107454618444
0.6254422887636444
0.8414520082763906
0.9045674181959715
0.9520477254171051
0.9728042914162733
0.9854046373053728
0.9918251327292211
0.9954887888714339
0.9974703278779905
0.9985859415151868
0.9992051492212821
0.9995542005192861
0.9997504879630599
0.999861499140503
0.9999240543008648
0.9999588738850191
0.9999772762523887
0.999985207598035
0.9999852075979748
0.9999772762520724
0.9999588738848508
0.9999240543010679
0.9998614991407504
0.9997504879629222
0.9995542005189451
0.9992051492214544
0.9985859415151817
0.9974703278779207
0.9954887888719813
0.9918251327286594
0.9854046373045198
0.9728042914170961
0.9520477254169295
0.9045674181957135
0.8414520082764456
0.6254422887637836
0.4902510745460159
-0.8973485768364156
-0.47980156697329834
-16.37572274246675
-16.375320316597005
-0.4797517024346639
-0.8972621117102431
0.4902866998633594
0.6254726980673733
0.841469668592232
0.9045799441624927
0.9520557044196198
0.9728096429935458
0.9854081063449647
0.9918273967546287
0.9954902390268402
0.9974712433381165
0.998586503402562
0.999205477960585
0.999554377069871
0.9997505646145678
0.9998615116321743
0.999924025428292
0.9999588196425125
0.9999772072039548
0.9999851318866466
0.9999851318865434
0.9999772072037584
0.9999588196427396
0.9999240254281778
0.9998615116323948
0.9997505646141722
0.9995543770693932
0.9992054779609069
0.9985865034023069
0.9974712433382997
0.9954902390273547
0.9918273967543527
0.9854081063443516
0.9728096429946067
0.9520557044190856
0.9045799441621338
0.841469668591941
0.6254726980679394
0.4902866998639832
-0.8972621117101315
-0.4797517024355117
-16.375320316599016
-16.374564596834375
-0.4796584907626702
-0.8971005204282021
0.49035303273287195
0.6255292520438657
0.8415023771856911
0.9046030862091878
0.952070364140632
0.9728194318443826
0.9854143967018011
0.9918314677357611
0.9954928050944147
0.9974728329565526
0.9985874432256462
0.9992059965422508
0.999554617892796
0.9997506272422021
0.9998614579965818
0.9999238990305122
0.9999586475658948
0.9999770093979652
0.9999849221342745
0.999984922134727
0.9999770093979046
0.9999586475656794
0.999923899030662
0.9998614579970393
0.9997506272416663
0.9995546178924268
0.9992059965429008
0.9985874432251194
0.9974728329566207
0.9954928050943743
0.9918314677356277
0.985414396701847
0.9728194318450298
0.9520703641403321
0.9046030862087562
0.8415023771857976
0.6255292520441231
0.49035303273292463
-0.8971005204292009
-0.4796584907613928
-16.37456459683409
-16.373147381670954
-0.4794844783482597
-0.8967991388977444
0.4904763330249575
0.6256341107745595
0.8415628095704469
0.9046456416232104
0.9520971956071145
0.972837201666225
0.9854257269867959
0.9918386902413352
0.9954972834606894
0.9974755152762574
0.9985889547977567
0.9992067388263675
0.9995548670377221
0.9997505533861399
0.9998611812071443
0.9999234912622594
0.9999581614262145
0.999976477179157
0.9999843696605741
0.9999843696608193
0.9999764771794002
0.9999581614259407
0.9999234912622313
0.9998611812070919
0.9997505533859178
0.9995548670377563
0.99920673882676
0.9985889547973981
0.9974755152763783
0.9954972834608642
0.9918386902410299
0.9854257269864684
0.9728372016662479
0.9520971956069417
0.9046456416228037
0.841562809570268
0.6256341107753394
0.4904763330256714
-0.8967991388981695
-0.47948447834797037
-16.37314738166977
-16.370483856324846
-0.47915934175031816
-0.8962360510242409
0.49070549386961904
0.6258287598199155
0.8416742739679148
0.9047238958554022
0.9521460851235817
0.9728693819602606
0.9854459340520367
0.9918513983174826
0.9955049197048615
0.9974799156996081
0.9985912067521314
0.9992076276531173
0.999554857670041
0.9997499830177715
0.9998602437510514
0.9999223313040035
0.9999568604282407
0.9999750994398122
0.9999829555692654
0.9999829555701112
0.9999750994403069
0.9999568604279186
0.9999223313038574
0.9998602437507172
0.9997499830179756
0.9995548576704585
0.9992076276533435
0.998591206751936
0.9974799156997639
0.9955049197044223
0.9918513983175803
0.9854459340521404
0.9728693819602904
0.9521460851241581
0.9047238958552425
0.8416742739679235
0.6258287598206198
0.49070549386845175
-0.8962360510249854
-0.47915934175124975
-16.37048385632515
-16.365467026990927
-0.47854998689308736
-0.8951826183827765
0.4911325721826053
0.6261899608776023
0.8418802466313888
0.9048673311167885
0.9522351576961979
0.9729271608934278
0.9854817951381448
0.9918732987650407
0.9955176735142912
0.9974866873504704
0.9985941767729885
0.9992080959955483
0.9995537733297255
0.9997478757067524
0.9998575189356192
0.9999192024751187
0.9999535009549316
0.999971600837271
0.9999793987030865
0.9999793987034196
0.9999716008379342
0.9999535009542505
0.9999192024750488
0.9998575189355761
0.9997478757069936
0.9995537733299036
0.9992080959955003
0.9985941767727988
0.997486687350194
0.9955176735149621
0.9918732987654422
0.9854817951378703
0.9729271608934273
0.9522351576966774
0.9048673311170112
0.841880246631551
0.6261899608782597
0.49113257218103
-0.8951826183816627
-0.4785499868910938
-16.36546702699085
-16.355973348206753
-0.4774058400850292
-0.8932033659970031
0.49192848890704133
0.6268627111542091
0.8422597357313805
0.9051308037636705
0.952396093420059
0.973030715523552
0.9855441837079151
0.991910503742921
0.9955378041970067
0.9974962564479558
0.9985966969490512
0.9992063170678593
0.9995491316550364
0.9997415325227386
0.9998500402220327
0.9999110761297675
0.9999449499070213
0.9999628342334523
0.9999705244894851
0.9999705244898894
0.9999628342332827
0.999944949906659
0.9999110761300425
0.9998500402217274
0.9997415325229022
0.9995491316555187
0.9992063170676956
0.99859669694913
0.9974962564477934
0.9955378041972986
0.9919105037432423
0.9855441837076574
0.9730307155234261
0.9523960934205233
0.9051308037632841
0.8422597357317163
0.6268627111547028
0.49192848890637386
-0.8932033659967482
-0.47740584008358367
-16.355973348207556
-16.337963833088683
-0.47524595843351586
-0.8894811701753758
0.49341984421780594
0.6281128134449598
0.8429620006848384
0.9056108479120779
0.9526872832025373
0.9732126964167622
0.9856518171527222
0.9919704968040592
0.9955677368284229
0.9975063315725866
0.9985947516285656
0.9991963257201153
0.9995344448711901
0.9997236630551711
0.9998303921296126
0.999890209944722
0.9999234504215593
0.9999409253196219
0.999948460838165
0.9999484608383018
0.999940925319252
0.9999234504214838
0.99989020994422
0.9998303921301345
0.9997236630552115
0.9995344448705733
0.9991963257201145
0.9985947516288103
0.9975063315728723
0.9955677368285756
0.9919704968036501
0.9856518171519855
0.9732126964179942
0.952687283202047
0.9056108479120606
0.8429620006850551
0.6281128134450529
0.49341984421825635
-0.8894811701759515
-0.4752459584320021
-16.33796383309067
-16.30352134581581
-0.4711635998535485
-0.8824251420205456
0.4962064974130205
0.6304537719729335
0.8442499323763287
0.9064905496030164
0.9532032432049083
0.9735320132276735
0.9858282197561157
0.9920635510052622
0.9956032290422822
0.9975083540689214
0.9985738171827581
0.999162441433902
0.9994915738777898
0.9996759480026901
0.9997792369730447
0.9998373169902501
0.9998693086898167
0.9998862346088692
0.9998934593487933
0.9998934593485878
0.9998862346085853
0.9998693086895762
0.9998373169900967
0.9997792369733276
0.9996759480022195
0.9994915738774617
0.999162441433743
0.9985738171822998
0.9975083540685419
0.9956032290425469
0.9920635510050277
0.9858282197558096
0.9735320132286553
0.953203243204774
0.9064905496028444
0.8442499323763805
0.6304537719729388
0.49620649741375833
-0.8824251420209086
-0.47116359985331613
-16.303521345816467
-16.237572071733908
-0.46336787177382777
-0.869073956416589
0.5014742235857501
0.634797888647347
0.8466378421270797
0.9080670626914433
0.9541230560742722
0.9740636662698587
0.9861113484295654
0.992182751576147
0.9956268857175778
0.9974662325595478
0.9984956789115376
0.9990587159263696
0.9993746722044662
0.9995493202258707
0.9996479568481608
0.9997024413515274
0.9997328882981383
0.9997486350642151
0.999755500920265
0.9997555009191819
0.9997486350646609
0.9997328882984164
0.9997024413519289
0.9996479568482834
0.999549320225474
0.9993746722043297
0.9990587159264234
0.998495678911747
0.9974662325591696
0.9956268857174527
0.99218275157513
0.9861113484303019
0.9740636662701304
0.9541230560739803
0.9080670626912548
0.8466378421265903
0.6347978886473233
0.5014742235867835
-0.869073956417795
-0.46336787177585725
-16.237572071732654
-16.109231536598077
-0.4485138806652178
-0.8433754169271788
0.5113143148092916
0.6430101439141162
0.8509479663331696
0.910939965899121
0.9556694067987523
0.9749477904582944
0.9864903797331315
0.9922968507173616
0.9955457829228729
0.9972857943334095
0.9982408527941862
0.9987682758962497
0.9990563869338793
0.9992187587109019
0.9993071505149207
0.9993575908110444
0.9993844297145335
0.9993989946142496
0.9994049773959353
0.9994049773950293
0.9993989946144108
0.9993844297144513
0.9993575908109893
0.9993071505149916
0.9992187587106915
0.9990563869335369
0.9987682758958977
0.9982408527939213
0.9972857943328464
0.9955457829226068
0.9922968507170277
0.9864903797340658
0.974947790457237
0.9556694067984968
0.910939965899243
0.8509479663329578
0.6430101439135445
0.5113143148103074
-0.8433754169269845
-0.44851388066331643
-16.10923153659807
-15.860633848500957
-0.419545687719006
-0.7944889819701972
0.5302344267303953
0.6580752885601957
0.8589666174484802
0.9158397445473154
0.9583218357060875
0.976172052890296
0.9869225392873284
0.9921543533235162
0.9951233335598232
0.9966444076976824
0.9975031544275067
0.9979496288923957
0.9982057156448314
0.9983386845228837
0.9984168342756636
0.9984567931457005
0.998480554264819
0.9984917625642584
0.9984970828767128
0.9984970828766587
0.9984917625644154
0.99848055426516
0.9984567931454039
0.998416834275635
0.9983386845228366
0.9982057156450049
0.9979496288926517
0.9975031544271806
0.9966444076980736
0.9951233335593967
0.9921543533236874
0.9869225392878861
0.9761720528900006
0.9583218357063956
0.9158397445473354
0.8589666174480224
0.6580752885606503
0.5302344267296345
-0.7944889819707585
-0.4195456877181386
-15.86063384850171
-15.360374249129494
-0.3639216702945748
-0.697431405162501
0.5651140519406839
0.6871405162906163
0.8726630966116697
0.924625649665026
0.9620053986299992
0.9777691915933275
0.9866686228696021
0.9911451311827544
0.9934393056208666
0.9947063797887015
0.9953225585423209
0.995687523526023
0.9958574921192018
0.9959653039950471
0.9960131400463723
0.996045686352113
0.9960591156664008
0.9960683753017241
0.9960712118491117
0.9960712118495789
0.9960683753019108
0.9960591156662535
0.996045686351954
0.9960131400461489
0.9959653039955928
0.9958574921194112
0.9956875235255799
0.9953225585425647
0.994706379788808
0.9934393056203055
0.99114513118328
0.9866686228698152
0.9777691915928535
0.9620053986303938
0.9246256496657748
0.8726630966117117
0.6871405162904964
0.5651140519401003
-0.6974314051616171
-0.36392167029543476
-15.360374249129404
-14.380541136390903
-0.2501761809953104
-0.5134894307758232
0.6349432347560102
0.7377783523082437
0.8982816310729983
0.9369534574111984
0.9672109386083041
0.9773511080877827
0.9840615284730797
0.9864392003136193
0.9880611671674141
0.9885835122300717
0.9889971963523747
0.9891038826093548
0.9892141578301761
0.9892332051993926
0.9892639279940948
0.9892662366398377
0.9892750266529347
0.9892749093736275
0.9892768252866523
0.9892768252870978
0.9892749093733106
0.9892750266528033
0.9892662366396788
0.9892639279938121
0.9892332052000001
0.9892141578303077
0.989103882609064
0.9889971963529456
0.9885835122301743
0.9880611671671623
0.9864392003146725
0.9840615284731267
0.977351108086947
0.9672109386088001
0.936953457411577
0.8982816310729622
0.7377783523077373
0.6349432347561751
-0.5134894307752742
-0.25017618099468286
-14.380541136389674
-12.245270750369523
-0.032673396348020446
-0.11892038358589103
0.7546013750638081
0.8405079641313786
0.9321634975265136
0.956569236480467
0.9650865462377014
0.9700056328959077
0.9694620005754772
0.9702325047969329
0.9694327162529951
0.9694878035671505
0.9690988344591374
0.9690718083396721
0.9689169238059152
0.9688978409476809
0.9688409186366254
0.9688325174458279
0.9688129470409643
0.9688100872959031
0.968805402382682
0.968805402382642
0.968810087295435
0.9688129470415995
0.968832517445821
0.9688409186362275
0.9688978409481236
0.968916923805828
0.969071808339407
0.9690988344592486
0.9694878035671137
0.9694327162531942
0.9702325047972458
0.9694620005752016
0.9700056328961497
0.9650865462379398
0.9565692364809446
0.932163497526371
0.8405079641312108
0.754601375064456
-0.11892038358536802
-0.032673396347867936
-12.245270750372296
-8.090704770566118
0.48125444297353626
0.5880160853134089
1.0234054217197786
0.9760182602337141
0.9901321444770572
0.9462247273628437
0.9380169498259372
0.9183468075615333
0.9137880380691413
0.906522850177109
0.9046821909888052
0.9021935908962804
0.9015152722046551
0.9006892626933427
0.9004489926593027
0.9001780997998197
0.9000950476675815
0.9000070700196585
0.8999796102779694
0.8999534588553402
0.899947040710185
0.8999470407100512
0.8999534588554643
0.8999796102779138
0.9000070700196046
0.9000950476673235
0.9001780997998601
0.9004489926592296
0.900689262692677
0.9015152722050372
0.9021935908962833
0.9046821909884872
0.9065228501771851
0.9137880380694722
0.9183468075608112
0.9380169498256178
0.9462247273637335
0.9901321444770133
0.9760182602337555
1.0234054217191257
0.588016085313972
0.48125444297448694
-8.090704770566749
3.6083776717580065
1.380524731881041
2.5229831751007366
1.2862741328281313
1.2660230381004405
0.886056634997016
0.8270368316776161
0.7138768596512926
0.6883161655632948
0.6546256730397102
0.6454724450917222
0.6353703251439822
0.6322613116620202
0.6291967129875031
0.6281587470123252
0.6272157444266344
0.6268712311502493
0.6265772103770189
0.6264639640697076
0.6263733626824918
0.626339430389625
0.6263190195936095
0.6263190195925843
0.6263394303891824
0.6263733626827985
0.6264639640693734
0.6265772103768708
0.6268712311505785
0.6272157444267152
0.6281587470122494
0.6291967129873501
0.6322613116620137
0.6353703251435904
0.6454724450911049
0.6546256730399433
0.6883161655630203
0.7138768596509738
0.8270368316783043
0.8860566349957821
1.2660230381005766
1.2862741328285523
2.5229831750986023
1.380524731879091
3.6083776717591673
23.695516473984448
5.55875473988649
4.487825520694255
1.9257937498532631
0.5127324196682488
0.0010316534571059664
-0.4481445281422351
-0.5818710485449476
-0.706424951500277
-0.7459214661407625
-0.7803771780921906
-0.7925618807726932
-0.802359138315955
-0.8061847953107949
-0.8090601823286847
-0.8102748797385109
-0.8111430612312406
-0.8115317699021285
-0.8117983537313569
-0.8119204940261904
-0.8119969510007431
-0.812024773342875
-0.8120247733455558
-0.8119969510029714
-0.8119204940246736
-0.8117983537331306
-0.8115317699007836
-0.8111430612329833
-0.8102748797406548
-0.8090601823291022
-0.8061847953095829
-0.8023591383139015
-0.7925618807734633
-0.7803771780954247
-0.7459214661383631
-0.7064249514970744
-0.581871048546762
-0.4481445281437684
0.001031653454810645
0.5127324196705124
1.9257937498595121
4.487825520690638
5.558754739886826
23.695516473987134
267.3406618475043
0.2974018652446826
6.975232549986062
-13.628588260032881
-14.471868749605385
-17.240210325696886
-17.737005567947808
-18.259503831620712
-18.42579063673491
-18.548019407908832
-18.598530979098733
-18.63088326015611
-18.646046145153267
-18.655241396367572
-18.659846428948587
-18.66257915293555
-18.664001815129694
-18.664837879111786
-18.665281695575988
-18.665536675221734
-18.665665270549326
-18.665722431541067
-18.66572243154267
-18.66566527055157
-18.665536675223343
-18.665281695563678
-18.664837879115286
-18.664001815131904
-18.662579152932796
-18.659846428957245
-18.65524139635494
-18.646046145174207
-18.630883260138454
-18.598530979103916
-18.54801940791568
-18.425790636737005
-18.259503831607944
-17.737005567957965
-17.24021032568374
-14.471868749603814
-13.628588260043383
6.975232549996172
0.29740186523894596
267.3406618474999