-577.7638639875083
0.20066086782594106
-15.588439415335959
24.171023350722464
23.44922302299183
27.311183404355383
27.3792994292227
27.82613287093968
27.860516191910225
27.920013851887212
27.928904898233206
27.937840379440374
27.939826967069557
27.941311501659982
27.941736450004285
27.942004186233515
27.942094542788233
27.942146092027713
27.94216550133723
27.942175954147913
27.942180194375982
27.94218240298256
27.942183346867836
27.94218382912452
27.942184043091018
27.942184151156304
27.942184200340378
27.94218422479883
27.94218423569322
27.942184240109945
27.942184240099685
27.942184235690753
27.942184224810315
27.942184200316518
27.942184151161587
27.94218404308475
27.942183829142312
27.942183346858215
27.94218240298238
27.94218019437403
27.942175954141874
27.942165501349095
27.942146092023453
27.942094542811386
27.942004186203725
27.94173645002979
27.94131150164388
27.939826967092348
27.937840379411877
27.92890489826629
27.920013851859224
27.860516191935723
27.826132870907628
27.379299429239207
27.311183404357088
23.4492230230072
24.171023350705127
-15.588439415324439
0.20066086781710638
-577.7638639874992
-66.80750893928662
-4.546556024968126
-7.419061912046195
-1.6062558187103213
-1.0272905739390517
-0.4376698757442633
-0.24430665149852074
-0.1746568360032413
-0.13272717052826302
-0.12286431872215403
-0.11470995847372106
-0.11306007385199664
-0.11152076812637188
-0.11120845865680584
-0.11091702371402552
-0.11085296116116673
-0.1107967009024185
-0.11078287634604306
-0.11077170730351052
-0.11076862174605115
-0.11076633303310343
-0.11076562745238742
-0.11076514315373578
-0.11076497878522079
-0.11076487315479946
-0.11076483432741913
-0.11076481070630861
-0.11076480154458818
-0.11076479640365056
-0.11076479470451239
-0.11076479470648057
-0.11076479640319495
-0.11076480154569784
-0.11076481070576347
-0.11076483432656595
-0.11076487315546382
-0.11076497878436609
-0.11076514315351985
-0.11076562745146022
-0.11076633303277189
-0.11076862174280705
-0.1107717073051428
-0.11078287634346998
-0.11079670090442703
-0.11085296116020985
-0.11091702371434842
-0.11120845865844467
-0.11152076812363057
-0.11306007385359701
-0.11470995847306328
-0.12286431872085692
-0.13272717052906832
-0.17465683600364634
-0.24430665149817626
-0.43766987574322097
-1.0272905739406892
-1.6062558187073432
-7.4190619120486145
-4.546556024969062
-66.80750893928273
-10.010798838746108
-1.3148751586833078
-3.212139055200388
-1.241410419242373
-1.2955228253114826
-0.9641245950798489
-0.9451920790087947
-0.8902417229648107
-0.8846511668346371
-0.8752756671479995
-0.8741244832688513
-0.8724687489398104
-0.8722502647989927
-0.8719484291230621
-0.8719068396609562
-0.8718501998786707
-0.8718419407854892
-0.8718310088129195
-0.8718292688305143
-0.8718270967500698
-0.871826707706178
-0.8718262627553748
-0.8718261713596045
-0.8718260772709917
-0.8718260550336869
-0.8718260344990654
-0.8718260289918232
-0.8718260244192644
-0.8718260231196389
-0.8718260222991703
-0.8718260222993894
-0.8718260231200796
-0.8718260244198255
-0.8718260289911459
-0.8718260344996702
-0.8718260550334296
-0.8718260772724583
-0.8718261713581517
-0.8718262627562151
-0.8718267077063441
-0.8718270967493661
-0.8718292688313427
-0.8718310088110512
-0.871841940786988
-0.8718501998778325
-0.8719068396618197
-0.8719484291236008
-0.8722502647980792
-0.8724687489408581
-0.8741244832693895
-0.8752756671472739
-0.8846511668350462
-0.8902417229649231
-0.945192079008891
-0.9641245950803546
-1.2955228253112185
-1.2414104192422712
-3.212139055200086
-1.3148751586839356
-10.010798838749277
11.59999488225118
-0.40701745275058077
-0.6739006075205429
-1.0310011456033825
-1.0225868045795306
-1.002151816495647
-0.9871413523785938
-0.9784243685720716
-0.9738703727735105
-0.9720741963787205
-0.9710218442820842
-0.9707097585934102
-0.9704908566637369
-0.9704410847499849
-0.970397725245339
-0.9703903112568364
-0.9703819201116325
-0.970380897003788
-0.9703792868769137
-0.9703791599783748
-0.9703788503087971
-0.9703788371035167
-0.9703787768035297
-0.970378775840059
-0.9703787638198487
-0.97037876380085
-0.9703787613213901
-0.9703787613220727
-0.9703787608107131
-0.9703787608086252
-0.9703787608092811
-0.9703787608109289
-0.9703787613222622
-0.9703787613213566
-0.9703787638008301
-0.9703787638203611
-0.9703787758404586
-0.970378776803142
-0.9703788371033202
-0.9703788503088562
-0.9703791599782832
-0.9703792868768999
-0.9703808970026222
-0.970381920112356
-0.9703903112563728
-0.9703977252458399
-0.9704410847498273
-0.9704908566637256
-0.9707097585938664
-0.9710218442825036
-0.9720741963784503
-0.9738703727733344
-0.9784243685717926
-0.987141352379441
-1.0021518164953052
-1.0225868045798963
-1.0310011456028996
-0.6739006075208547
-0.40701745275047185
11.59999488225289
19.52824257388572
-0.025635083619226885
0.3248248164586806
-0.8927587936750991
-0.8907132156945166
-0.9844865960485547
-0.9852120496255443
-0.992111114051794
-0.9920014653182216
-0.9923346829473418
-0.9922729695887212
-0.9922449563959128
-0.992232004540349
-0.9922186205104957
-0.9922173750520045
-0.9922143475684773
-0.9922146114384995
-0.9922140817943756
-0.9922142763561042
-0.9922142056102309
-0.9922142793722777
-0.9922142753605814
-0.9922142982412645
-0.9922142999933242
-0.9922143064262097
-0.9922143073781404
-0.9922143090845179
-0.9922143094041415
-0.9922143098184741
-0.9922143098875644
-0.9922143098875222
-0.9922143098188894
-0.992214309403565
-0.9922143090844133
-0.9922143073777805
-0.9922143064263096
-0.9922142999934598
-0.9922142982407962
-0.992214275360658
-0.9922142793717776
-0.9922142056111243
-0.99221427635553
-0.9922140817949675
-0.9922146114383291
-0.9922143475688774
-0.9922173750519889
-0.9922186205106993
-0.9922320045401637
-0.9922449563966222
-0.9922729695882273
-0.9923346829480868
-0.9920014653172857
-0.9921111140522136
-0.9852120496252113
-0.9844865960485154
-0.890713215694638
-0.8927587936752709
0.3248248164584806
-0.025635083619217795
19.52824257388572
22.7519542446613
0.13187236645938225
0.75633201529247
-0.8278374266875981
-0.8228100270095657
-0.9711986489439725
-0.9778244607967501
-0.9936479661300883
-0.9953080511412531
-0.9971764610578377
-0.9974931616227918
-0.9977387345661725
-0.9977960359250195
-0.9978328957915878
-0.9978436432438771
-0.9978501117036433
-0.9978522970328085
-0.9978536139840282
-0.997854099214777
-0.9978543979909185
-0.9978545133402148
-0.9978545854520314
-0.9978546140173992
-0.9978546319309071
-0.997854639138767
-0.9978546436350775
-0.9978546454562885
-0.997854646573615
-0.9978546470062509
-0.9978546472210077
-0.9978546472210836
-0.9978546470068681
-0.9978546465734389
-0.9978546454560684
-0.9978546436352284
-0.997854639139077
-0.9978546319310544
-0.997854614017247
-0.997854585451468
-0.9978545133401289
-0.99785439799105
-0.9978540992143599
-0.9978536139841506
-0.9978522970327324
-0.9978501117037031
-0.9978436432436408
-0.9978328957916556
-0.9977960359248346
-0.9977387345665978
-0.9974931616225511
-0.997176461057919
-0.9953080511406134
-0.9936479661302142
-0.9778244607964024
-0.9711986489437254
-0.8228100270096224
-0.8278374266876587
0.7563320152925816
0.1318723664594415
22.751954244661107
24.092371009891224
0.19961005478961963
0.9414656007281967
-0.7973536482979651
-0.7911409649499878
-0.9633753589666519
-0.9730497651294971
-0.9929628069936747
-0.9956401918632721
-0.9982411736769659
-0.9988042980972283
-0.9991822107131858
-0.9992923936458971
-0.9993529578833213
-0.999374442081757
-0.9993850870451781
-0.9993894008880326
-0.9993914383408947
-0.9993923431325984
-0.9993927631123005
-0.9993929616697899
-0.9993930535628117
-0.9993930988785855
-0.9993931198984518
-0.9993931305574224
-0.9993931355137833
-0.9993931380687009
-0.9993931392455262
-0.9993931398337712
-0.9993931400533966
-0.9993931400542635
-0.9993931398340881
-0.9993931392458439
-0.9993931380683134
-0.9993931355139628
-0.9993931305577897
-0.9993931198987953
-0.9993930988784772
-0.9993930535624032
-0.9993929616696926
-0.9993927631124386
-0.9993923431324649
-0.9993914383407162
-0.9993894008882905
-0.9993850870450858
-0.9993744420819484
-0.9993529578834064
-0.9992923936461006
-0.9991822107136415
-0.9988042980974726
-0.9982411736767722
-0.9956401918632878
-0.9929628069935692
-0.9730497651297918
-0.9633753589664966
-0.7911409649497654
-0.7973536482978962
0.941465600728217
0.19961005478905727
24.092371009891135
24.663729533691345
0.22904995846527076
1.0223136573971652
-0.7834421092039063
-0.7764807668775502
-0.9593824554986486
-0.9704270230924349
-0.9922799306642452
-0.9954453893366406
-0.998421986894211
-0.9991093388762473
-0.9995614177262799
-0.9996991745122737
-0.9997743765334112
-0.9998015355937075
-0.9998150512897501
-0.9998204776259845
-0.9998230749874464
-0.9998241903294642
-0.9998247193054217
-0.9998249565843091
-0.9998250697559405
-0.9998251220043457
-0.9998251472144652
-0.9998251590772959
-0.9998251648726334
-0.999825167626935
-0.9998251689752626
-0.9998251695933782
-0.9998251698421259
-0.9998251698426015
-0.9998251695935618
-0.9998251689748545
-0.999825167626806
-0.9998251648716302
-0.999825159077568
-0.9998251472139053
-0.999825122003886
-0.9998250697557696
-0.9998249565841735
-0.9998247193058316
-0.9998241903294567
-0.9998230749875845
-0.9998204776259964
-0.9998150512899573
-0.9998015355937854
-0.9997743765336751
-0.9996991745115944
-0.9995614177265632
-0.9991093388752446
-0.9984219868943394
-0.9954453893358115
-0.9922799306642993
-0.9704270230923341
-0.9593824554990167
-0.7764807668771201
-0.7834421092038629
1.0223136573970613
0.22904995846425735
24.66372953369102
24.910673129525563
0.2419908078255684
1.0578737434225487
-0.777118300164878
-0.7697863178406015
-0.9574343116074495
-0.9691087308699391
-0.9918548668207916
-0.9952574631963058
-0.9984151715654126
-0.9991665322770482
-0.9996561643152375
-0.9998090349128721
-0.999891981564397
-0.9999224581509192
-0.9999375446914129
-0.9999436672369495
-0.9999465770270823
-0.9999478343182897
-0.999948424239884
-0.9999486899384579
-0.9999488147798015
-0.999948872660578
-0.9999489000637635
-0.9999489130396426
-0.9999489192384343
-0.999948922213741
-0.9999489236340637
-0.9999489242944881
-0.9999489245541918
-0.999948924553818
-0.999948924295218
-0.9999489236334993
-0.9999489222143232
-0.9999489192379827
-0.9999489130405957
-0.9999489000638331
-0.9999488726606381
-0.9999488147796493
-0.9999486899388741
-0.999948424239771
-0.9999478343186378
-0.9999465770266804
-0.99994366723689
-0.9999375446914802
-0.999922458150435
-0.9998919815646916
-0.9998090349121542
-0.9996561643162443
-0.9991665322763464
-0.9984151715662231
-0.9952574631958258
-0.99185486682168
-0.9691087308698566
-0.9574343116082589
-0.7697863178402247
-0.777118300164956
1.057873743422776
0.24199080782428137
24.9106731295262
25.0185959764632
0.2477200019311425
1.0736334194683859
-0.7742540375643241
-0.7667390892131611
-0.9565106383471386
-0.9684700498470062
-0.9916268963719799
-0.995141213541962
-0.9983856241719191
-0.999168432503875
-0.9996769358570643
-0.9998375558877289
-0.9999246022106074
-0.9999568501896243
-0.9999728134827308
-0.9999793212887615
-0.9999824150031196
-0.999983753126518
-0.9999843809375757
-0.9999846631352166
-0.9999847956644908
-0.9999848568390854
-0.9999848857847042
-0.9999848994058584
-0.9999849059112262
-0.9999849090108086
-0.9999849104912852
-0.9999849111748201
-0.9999849114441952
-0.9999849114439551
-0.9999849111755816
-0.9999849104916279
-0.9999849090111983
-0.9999849059115935
-0.9999848994060214
-0.9999848857851756
-0.9999848568388263
-0.9999847956646225
-0.9999846631346784
-0.999984380937497
-0.9999837531259987
-0.9999824150028713
-0.9999793212885637
-0.9999728134831245
-0.9999568501896117
-0.9999246022112551
-0.9998375558877626
-0.9996769358577393
-0.9991684325040632
-0.9983856241720699
-0.9951412135418332
-0.9916268963720138
-0.9684700498469114
-0.9565106383472946
-0.7667390892128672
-0.774254037564154
1.0736334194685129
0.24772000193129173
25.01859597646355
25.06614664112127
0.2502715439672373
1.080655966530012
-0.7729570259450564
-0.7653548538658868
-0.9560788834222157
-0.9681674849384074
-0.991512144905573
-0.9950787151896572
-0.9983639677353694
-0.9991620151868514
-0.9996797418056587
-0.9998442681752466
-0.9999333997326232
-0.9999665785480705
-0.999983005795485
-0.9999897247896179
-0.9999929194984042
-0.9999943038430281
-0.9999949531525506
-0.9999952451918848
-0.9999953822041923
-0.9999954454302292
-0.9999954752937252
-0.9999954893351051
-0.9999954960252145
-0.9999954992097178
-0.9999955007269443
-0.999995501426712
-0.9999955017016467
-0.9999955017009212
-0.9999955014266924
-0.9999955007260308
-0.9999954992093102
-0.9999954960245058
-0.9999954893347653
-0.9999954752930926
-0.9999954454301809
-0.9999953822042035
-0.9999952451922512
-0.9999949531530655
-0.9999943038433056
-0.9999929194989388
-0.999989724789625
-0.9999830057961968
-0.9999665785478172
-0.9999333997324694
-0.9998442681748114
-0.9996797418051777
-0.9991620151866323
-0.9983639677345917
-0.9950787151899527
-0.9915121449049074
-0.9681674849392543
-0.9560788834220013
-0.7653548538666028
-0.7729570259446595
1.0806559665298812
0.25027154396758944
25.066146641121314
25.08723345862404
0.25141319475098783
1.0837997321021386
-0.7723694572811968
-0.764726147708174
-0.9558788107060988
-0.9680259146389996
-0.9914563553959058
-0.9950471582257441
-0.9983515090569643
-0.9991568222160316
-0.9996789965499953
-0.9998454455434247
-0.9999356187314139
-0.9999692716120308
-0.9999859394226793
-0.999992769775465
-0.9999960188626555
-0.999997428417974
-0.9999980897418541
-0.9999983873223843
-0.9999985269324205
-0.9999985913465972
-0.9999986217610368
-0.9999986360520394
-0.9999986428573735
-0.999998646093238
-0.9999986476340967
-0.9999986483435096
-0.9999986486226125
-0.9999986486218837
-0.999998648344399
-0.9999986476333613
-0.9999986460937408
-0.999998642857117
-0.9999986360525199
-0.9999986217613477
-0.9999985913467127
-0.9999985269325038
-0.9999983873223602
-0.9999980897421838
-0.9999974284181086
-0.9999960188628829
-0.9999927697745447
-0.9999859394230783
-0.999969271611227
-0.9999356187316402
-0.9998454455431155
-0.9996789965505156
-0.9991568222153873
-0.9983515090578795
-0.9950471582260806
-0.9914563553964317
-0.9680259146394432
-0.9558788107064404
-0.7647261477083264
-0.7723694572814556
1.083799732102087
0.2514131947495165
25.087233458624873
25.096633142204446
0.2519259903027753
1.0852124050231586
-0.7721030003984288
-0.7644404738153951
-0.9557865495811624
-0.9679601790362599
-0.9914297656292024
-0.9950317610635503
-0.9983449877834646
-0.9991537325789226
-0.9996780254870395
-0.9998454071329514
-0.9999360911227504
-0.9999699809700504
-0.9999867705304901
-0.9999936583515747
-0.9999969358651126
-0.9999983588618893
-0.9999990266699246
-0.9999993273020923
-0.9999994683574687
-0.9999995334475277
-0.9999995641774919
-0.9999995786148592
-0.9999995854877318
-0.9999995887547737
-0.9999995903096084
-0.9999995910255335
-0.9999995913069788
-0.9999995913069326
-0.9999995910267491
-0.9999995903094563
-0.9999995887556754
-0.999999585487765
-0.9999995786158845
-0.9999995641773252
-0.999999533447214
-0.9999994683568436
-0.9999993273017217
-0.9999990266691325
-0.9999983588613004
-0.9999969358640877
-0.9999936583508926
-0.9999867705310262
-0.9999699809700073
-0.9999360911227788
-0.9998454071330475
-0.9996780254872476
-0.9991537325794171
-0.9983449877837003
-0.9950317610633862
-0.991429765628592
-0.9679601790364514
-0.9557865495808908
-0.7644404738149485
-0.7721030003983587
1.0852124050235994
0.2519259903010265
25.096633142206393
25.100841057262187
0.2521570685587029
1.085849226085771
-0.7719820164427367
-0.7643105578799686
-0.9557441255767505
-0.9679297954293553
-0.9914172474153298
-0.9950243976266536
-0.9983417340545119
-0.9991520876831371
-0.999677381384642
-0.999845209978438
-0.9999361412460843
-0.9999701475678809
-0.9999869977095575
-0.9999939145680918
-0.9999972066442684
-0.9999986366308973
-0.9999993078611656
-0.9999996101274173
-0.999999751968931
-0.9999998174319403
-0.9999998483383344
-0.9999998628593667
-0.9999998697712902
-0.9999998730568989
-0.9999998746192357
-0.9999998753392976
-0.9999998756214323
-0.9999998756213564
-0.9999998753388806
-0.9999998746182011
-0.9999998730552573
-0.99999986977009
-0.99999986285918
-0.9999998483382325
-0.9999998174315085
-0.9999997519701522
-0.9999996101285267
-0.9999993078627676
-0.9999986366319629
-0.9999972066448228
-0.9999939145690225
-0.9999869977099738
-0.9999701475683069
-0.9999361412455842
-0.9998452099780815
-0.9996773813839083
-0.9991520876834228
-0.9983417340542977
-0.9950243976264779
-0.9914172474158156
-0.9679297954304587
-0.9557441255776622
-0.7643105578798168
-0.7719820164426738
1.0858492260855244
0.25215706855756514
25.100841057263004
25.102731515668737
0.2522614853176296
1.0861370783305593
-0.7719270119866615
-0.7642514162772456
-0.955724648056907
-0.9679157909385672
-0.9914113993836153
-0.9950209199255362
-0.9983401543071915
-0.9991512584164068
-0.9996770218725469
-0.9998450627726306
-0.9999361124958026
-0.9999701753514293
-0.9999870552026766
-0.9999939865006102
-0.9999972859030306
-0.9999987194567328
-0.9999993924552693
-0.999999695577807
-0.9999998378365127
-0.9999999034993081
-0.9999999345018814
-0.9999999490686053
-0.9999999560017516
-0.9999999592970535
-0.9999999608645377
-0.9999999615868387
-0.9999999618703472
-0.9999999618700254
-0.9999999615871848
-0.999999960864272
-0.9999999592972761
-0.9999999560019399
-0.9999999490690954
-0.9999999345018354
-0.9999999034992781
-0.999999837836913
-0.9999996955775259
-0.9999993924550812
-0.9999987194561619
-0.999997285902859
-0.9999939865001568
-0.9999870552026779
-0.9999701753510799
-0.9999361124957424
-0.9998450627728864
-0.9996770218721522
-0.9991512584169487
-0.9983401543074129
-0.9950209199255646
-0.9914113993834728
-0.9679157909391775
-0.9557246480569866
-0.7642514162766696
-0.7719270119863295
1.0861370783307502
0.2522614853172792
25.10273151566892
25.103583398416383
0.2523087798870852
1.0862674960415974
-0.7719019720772742
-0.764224464111707
-0.9557157123917986
-0.9679093464441009
-0.9914086810213416
-0.9950192905449436
-0.9983394000223532
-0.9991508529429202
-0.9996768358791004
-0.9998449769429965
-0.9999360829595443
-0.9999701729769932
-0.9999870672329216
-0.9999940056150094
-0.9999973086495813
-0.9999987439942207
-0.99999941789031
-0.9999997214529772
-0.9999998639282117
-0.9999999296964897
-0.9999999607504764
-0.9999999753421309
-0.9999999822868266
-0.9999999855883526
-0.9999999871586756
-0.9999999878822201
-0.9999999881660947
-0.9999999881655572
-0.9999999878826413
-0.9999999871587968
-0.9999999855894111
-0.9999999822879294
-0.9999999753426366
-0.9999999607505635
-0.9999999296965936
-0.9999998639282025
-0.999999721452026
-0.9999994178893823
-0.9999987439930655
-0.9999973086494588
-0.9999940056142713
-0.999987067233002
-0.9999701729761092
-0.9999360829600872
-0.9998449769434261
-0.9996768358792993
-0.9991508529431332
-0.9983394000232768
-0.995019290545093
-0.991408681021397
-0.9679093464443693
-0.955715712391632
-0.7642244641110281
-0.7719019720774745
1.0862674960419825
0.2523087798871614
25.103583398417374
25.10396827369601
0.2523302457831046
1.0863267048874317
-0.7718905587356267
-0.7642121680637088
-0.9557116140371752
-0.967906383502819
-0.9914074215206801
-0.9950185311528785
-0.9983390437051333
-0.9991506583375152
-0.999676743470336
-0.999844931549262
-0.9999360641514772
-0.9999701671153902
-0.999987068291236
-0.9999940101107769
-0.9999973149244876
-0.9999987511558408
-0.99999942550101
-0.9999997292864559
-0.9999998718732563
-0.9999999376965893
-0.9999999687782182
-0.9999999833830011
-0.9999999903341058
-0.9999999936390025
-0.9999999952101846
-0.9999999959347274
-0.9999999962180843
-0.9999999962180379
-0.9999999959338912
-0.9999999952096901
-0.999999993637771
-0.9999999903334276
-0.9999999833817705
-0.9999999687775348
-0.9999999376970887
-0.9999998718741197
-0.99999972928723
-0.999999425502224
-0.9999987511565904
-0.9999973149258646
-0.9999940101121553
-0.9999870682914836
-0.9999701671151623
-0.999936064151068
-0.9998449315493334
-0.9996767434696932
-0.9991506583377481
-0.9983390437049416
-0.9950185311527839
-0.9914074215202064
-0.9679063835035968
-0.9557116140369595
-0.7642121680646444
-0.7718905587360344
1.0863267048871093
0.25233024578378926
25.10396827369467
25.104142550489854
0.2523400063326641
1.086353633403406
-0.7718853502775114
-0.7642065524594188
-0.9557097342110616
-0.9679050218118714
-0.991406839176254
-0.9950181784626799
-0.9983388765681345
-0.9991505660392621
-0.9996766986402981
-0.9998449087014933
-0.9999360537989898
-0.9999701628949929
-0.9999870673715918
-0.9999940108453219
-0.9999973165226289
-0.9999987531878725
-0.9999994277550683
-0.9999997316518398
-0.9999998742946243
-0.9999999401455961
-0.9999999712405325
-0.9999999858516341
-0.9999999928059763
-0.9999999961122877
-0.9999999976842939
-0.9999999984094498
-0.999999998692937
-0.9999999986932568
-0.9999999984093152
-0.9999999976848699
-0.9999999961123804
-0.9999999928070209
-0.9999999858515605
-0.9999999712408518
-0.9999999401452688
-0.9999998742950238
-0.9999997316510244
-0.9999994277553761
-0.9999987531870418
-0.999997316522125
-0.9999940108453735
-0.9999870673709004
-0.9999701628952891
-0.9999360537982185
-0.9998449087022255
-0.9996766986397079
-0.999150566039908
-0.9983388765675476
-0.9950181784628203
-0.9914068391753166
-0.9679050218123604
-0.9557097342102383
-0.7642065524597692
-0.771885350276412
1.0863536334031625
0.2523400063355905
25.10414255048954
25.104221621605898
0.25234445159318475
1.0863659000303911
-0.7718829707519583
-0.7642039852193991
-0.9557088717541995
-0.9679043960756515
-0.9914065702799129
-0.9950180150397601
-0.9983387985407324
-0.999150522605152
-0.9996766772141081
-0.9998448975242875
-0.9999360484724373
-0.9999701604595251
-0.9999870665002855
-0.9999940107642189
-0.9999973168562352
-0.9999987537321366
-0.9999994284079041
-0.9999997323593843
-0.999999875029831
-0.9999999408945643
-0.9999999719966157
-0.9999999866110761
-0.9999999935677141
-0.9999999968744575
-0.9999999984475336
-0.999999999172787
-0.9999999994569051
-0.9999999994570228
-0.9999999991731994
-0.9999999984481958
-0.999999996875778
-0.9999999935687058
-0.9999999866116003
-0.9999999719972272
-0.9999999408947629
-0.9999998750303521
-0.9999997323582963
-0.999999428407881
-0.9999987537313039
-0.999997316856098
-0.9999940107640821
-0.9999870665006823
-0.999970160459466
-0.9999360484730766
-0.9998448975249977
-0.9996766772148493
-0.9991505226056899
-0.9983387985416243
-0.9950180150409251
-0.9914065702795698
-0.967904396076172
-0.9557088717534741
-0.7642039852199194
-0.7718829707517225
1.0863659000303105
0.2523444515938744
25.104221621607024
25.104257559754906
0.25234647900150964
1.0863714956843946
-0.7718818825150906
-0.7642028104503673
-0.9557084759138783
-0.9679041085011644
-0.9914064462191446
-0.9950179394330378
-0.9983387622333519
-0.9991505022748626
-0.9996766670749201
-0.9998448921520164
-0.9999360458319134
-0.9999701591755563
-0.9999870659542349
-0.9999940105932066
-0.9999973168835294
-0.9999987538608326
-0.9999994285893581
-0.9999997325674609
-0.9999998752522377
-0.9999999411240232
-0.9999999722300661
-0.9999999868467109
-0.9999999938042226
-0.9999999971116642
-0.9999999986842927
-0.9999999994094267
-0.9999999996933574
-0.9999999996928979
-0.9999999994085849
-0.9999999986833163
-0.9999999971107035
-0.9999999938027475
-0.9999999868456109
-0.9999999722292054
-0.9999999411238344
-0.9999998752524188
-0.9999997325673382
-0.9999994285902103
-0.999998753861135
-0.9999973168842625
-0.9999940105938007
-0.9999870659544633
-0.9999701591755918
-0.9999360458314879
-0.9998448921511982
-0.9996766670739266
-0.999150502273831
-0.9983387622323582
-0.9950179394322659
-0.9914064462180462
-0.967904108500867
-0.9557084759132847
-0.76420281045122
-0.7718818825152391
1.0863714956838817
0.2523464790004124
25.104257559754636
25.10427391926893
0.2523474048643981
1.0863740514832434
-0.7718813843430177
-0.7642022723926967
-0.9557082941529416
-0.967903976306887
-0.9914063890064913
-0.9950179044875801
-0.9983387453746876
-0.999150492791788
-0.9996766623067563
-0.999844889597728
-0.9999360445508139
-0.9999701585294688
-0.9999870656557732
-0.9999940104717449
-0.9999973168565857
-0.9999987538821784
-0.9999994286359264
-0.9999997326271552
-0.9999998753185197
-0.9999999411937472
-0.999999972301068
-0.99999998691865
-0.9999999938759421
-0.9999999971839566
-0.999999998756208
-0.9999999994822102
-0.9999999997657589
-0.9999999997662754
-0.9999999994815363
-0.999999998757275
-0.9999999971839418
-0.9999999938769653
-0.9999999869185378
-0.9999999723013828
-0.9999999411942824
-0.9999998753189271
-0.9999997326275817
-0.9999994286363846
-0.9999987538818712
-0.9999973168569805
-0.9999940104717995
-0.999987065655546
-0.9999701585295496
-0.9999360445503009
-0.9998448895980651
-0.999676662306388
-0.9991504927925027
-0.9983387453744864
-0.9950179044881473
-0.9914063890061428
-0.9679039763073498
-0.9557082941530012
-0.7642022723931594
-0.7718813843424697
1.0863740514830758
0.2523474048640312
25.10427391926853
25.1042813767655
0.25234782816581336
1.0863752201771213
-0.7718811560874715
-0.7642020257466886
-0.9557082106531489
-0.9679039155192992
-0.9914063626281584
-0.9950178883462668
-0.998338737559225
-0.9991504883803799
-0.9996766600749314
-0.9998448883928808
-0.9999360439378293
-0.9999701582134995
-0.9999870655026422
-0.9999940104023034
-0.9999973168319487
-0.9999987538802702
-0.9999994286466245
-0.9999997326437204
-0.9999998753383779
-0.9999999412149683
-0.9999999723227994
-0.9999999869407348
-0.9999999938984695
-0.999999997206506
-0.9999999987793272
-0.9999999995050075
-0.9999999997893421
-0.9999999997894704
-0.9999999995052691
-0.999999998780318
-0.9999999972070017
-0.9999999938998074
-0.9999999869409584
-0.9999999723229922
-0.9999999412147738
-0.99999987533737
-0.9999997326430581
-0.9999994286453375
-0.9999987538795567
-0.999997316831067
-0.9999940104018524
-0.9999870655026369
-0.9999701582139274
-0.9999360439379446
-0.9998448883939683
-0.9996766600754001
-0.9991504883811377
-0.9983387375589782
-0.9950178883463994
-0.9914063626277929
-0.9679039155185791
-0.9557082106527388
-0.7642020257459599
-0.7718811560865831
1.0863752201768533
0.2523478281667614
25.10428137676481
25.104284780563226
0.25234802191131855
1.0863757551418936
-0.7718810514115052
-0.7642019125949784
-0.9557081722727425
-0.9679038875566196
-0.9914063504663215
-0.9950178808935474
-0.9983387339401223
-0.9991504863324391
-0.9996766590344768
-0.9998448878285902
-0.999936043648318
-0.9999701580617322
-0.999987065426567
-0.9999940103651568
-0.9999973168156656
-0.999998753874952
-0.9999994286469188
-0.9999997326470385
-0.9999998753436028
-0.9999999412210144
-0.9999999723303059
-0.9999999869483784
-0.9999999939066482
-0.9999999972141523
-0.9999999987871759
-0.9999999995125242
-0.9999999997962337
-0.9999999997958251
-0.9999999995114951
-0.9999999987861636
-0.9999999972135508
-0.9999999939055606
-0.9999999869472778
-0.9999999723291012
-0.9999999412211784
-0.9999998753433459
-0.9999997326479657
-0.9999994286472695
-0.9999987538757209
-0.9999973168161349
-0.9999940103653268
-0.9999870654264463
-0.9999701580619531
-0.999936043647305
-0.9998448878280517
-0.9996766590334665
-0.9991504863316218
-0.9983387339391403
-0.9950178808930328
-0.9914063504659951
-0.9679038875556625
-0.9557081722737086
-0.7642019125943995
-0.7718810514120975
1.0863757551422184
0.25234802191101896
25.104284780562807
25.10428633593886
0.25234811066552015
1.086376000255929
-0.771881003374711
-0.7642018606452001
-0.9557081546236361
-0.9679038746876639
-0.991406344858679
-0.9950178774521277
-0.9983387322643441
-0.9991504853814714
-0.9996766585488852
-0.9998448875636772
-0.9999360435111624
-0.9999701579892206
-0.9999870653896519
-0.9999940103464615
-0.999997316806819
-0.9999987538714709
-0.9999994286458888
-0.9999997326479626
-0.9999998753444589
-0.9999999412226095
-0.9999999723315274
-0.9999999869495579
-0.9999999939076762
-0.9999999972154454
-0.9999999987884695
-0.9999999995141913
-0.9999999997975096
-0.9999999997984066
-0.999999999513719
-0.999999998789342
-0.9999999972160061
-0.999999993908369
-0.9999999869497087
-0.9999999723319257
-0.9999999412230364
-0.999999875345054
-0.9999997326481758
-0.9999994286458831
-0.9999987538713979
-0.9999973168067202
-0.9999940103463927
-0.9999870653894439
-0.9999701579894478
-0.9999360435106841
-0.9998448875641726
-0.9996766585488289
-0.999150485382188
-0.9983387322651489
-0.9950178774530047
-0.9914063448589489
-0.9679038746875921
-0.9557081546247963
-0.7642018606452345
-0.7718810033750467
1.0863760002557519
0.25234811066468144
25.104286335936827
25.104287047376893
0.25234815136618893
1.0863761126528728
-0.7718809813118224
-0.7642018367812362
-0.9557081465030048
-0.9679038687641712
-0.9914063422729997
-0.9950178758641446
-0.9983387314898873
-0.9991504849415254
-0.9996766583241038
-0.9998448874406034
-0.9999360434468432
-0.9999701579550131
-0.99998706537231
-0.9999940103382237
-0.9999973168033129
-0.9999987538700243
-0.9999994286463327
-0.999999732648668
-0.9999998753457454
-0.9999999412236533
-0.9999999723326354
-0.9999999869501377
-0.9999999939088521
-0.9999999972160782
-0.9999999987893605
-0.9999999995150699
-0.999999999799091
-0.999999999799456
-0.9999999995147535
-0.9999999987906358
-0.9999999972173846
-0.9999999939094024
-0.9999999869505751
-0.999999972332404
-0.999999941223148
-0.9999998753448985
-0.9999997326480095
-0.9999994286443802
-0.9999987538697259
-0.9999973168022673
-0.9999940103380272
-0.9999870653720413
-0.9999701579555045
-0.9999360434477677
-0.9998448874411259
-0.9996766583242052
-0.9991504849413536
-0.9983387314894105
-0.9950178758642152
-0.9914063422722028
-0.9679038687636194
-0.955708146502752
-0.764201836780418
-0.7718809813110776
1.0863761126540121
0.2523481513664192
25.104287047376943
25.10428737304762
0.2523481700341915
1.0863761642274072
-0.7718809711757864
-0.7642018258110495
-0.9557081427655747
-0.967903866035525
-0.9914063410802354
-0.9950178751306895
-0.9983387311312852
-0.9991504847375112
-0.9996766582193315
-0.9998448873835111
-0.9999360434170745
-0.9999701579393863
-0.999987065363527
-0.9999940103334181
-0.9999973167996261
-0.9999987538679465
-0.99999942864426
-0.9999997326474475
-0.9999998753444866
-0.9999999412233326
-0.9999999723325199
-0.9999999869508898
-0.9999999939094261
-0.9999999972165878
-0.9999999987905711
-0.9999999995156261
-0.9999999997996822
-0.9999999997989931
-0.9999999995146299
-0.9999999987898422
-0.999999997216589
-0.9999999939087452
-0.9999999869501643
-0.9999999723323256
-0.999999941223916
-0.9999998753459797
-0.9999997326484713
-0.9999994286452258
-0.9999987538690688
-0.9999973168014159
-0.9999940103332249
-0.9999870653641365
-0.9999701579383682
-0.9999360434177713
-0.999844887382483
-0.9996766582195865
-0.9991504847364119
-0.9983387311325748
-0.9950178751310726
-0.9914063410810827
-0.967903866035215
-0.9557081427667429
-0.7642018258114707
-0.7718809711765032
1.0863761642261847
0.2523481700343517
25.104287373046095
25.104287522071736
0.25234817859701086
1.0863761878778524
-0.7718809665209141
-0.7642018207741025
-0.9557081410479182
-0.9679038647812354
-0.9914063405315994
-0.9950178747934202
-0.9983387309666056
-0.9991504846436313
-0.9996766581711423
-0.9998448873566321
-0.999936043403094
-0.9999701579316056
-0.9999870653597361
-0.9999940103313363
-0.9999973167989341
-0.9999987538680712
-0.9999994286451495
-0.9999997326483117
-0.9999998753453987
-0.9999999412235061
-0.9999999723327553
-0.999999986950851
-0.9999999939093314
-0.9999999972164395
-0.9999999987903199
-0.9999999995147124
-0.9999999997994735
-0.9999999997984084
-0.9999999995150526
-0.9999999987899546
-0.9999999972172564
-0.99999999390932
-0.9999999869504996
-0.9999999723315649
-0.9999999412237439
-0.999999875344739
-0.9999997326474812
-0.9999994286438133
-0.9999987538676043
-0.9999973167993899
-0.999994010330669
-0.9999870653597637
-0.9999701579306791
-0.9999360434035542
-0.9998448873565603
-0.9996766581706351
-0.9991504846423159
-0.9983387309665235
-0.9950178747923274
-0.9914063405307156
-0.9679038647801248
-0.9557081410471189
-0.7642018207736192
-0.7718809665202937
1.086376187878332
0.2523481785979873
25.104287522073022
25.10428758992798
0.2523481825032837
1.0863761986705889
-0.771880964394264
-0.764201818471326
-0.9557081402614928
-0.9679038642061779
-0.9914063402792882
-0.995017874637613
-0.9983387308898266
-0.9991504845995377
-0.9996766581482603
-0.9998448873439443
-0.9999360433966313
-0.9999701579282007
-0.9999870653578677
-0.999994010330588
-0.9999973167986621
-0.9999987538683017
-0.9999994286448195
-0.9999997326481833
-0.9999998753452204
-0.999999941223632
-0.9999999723325848
-0.9999999869508521
-0.9999999939090316
-0.9999999972163036
-0.9999999987899688
-0.9999999995151656
-0.9999999997994351
-0.9999999997992906
-0.9999999995150903
-0.9999999987905075
-0.9999999972169462
-0.9999999939094848
-0.9999999869499463
-0.9999999723327799
-0.9999999412239106
-0.9999998753456444
-0.9999997326476173
-0.9999994286442919
-0.9999987538677588
-0.9999973167994194
-0.9999940103299747
-0.9999870653578568
-0.9999701579274498
-0.9999360433973933
-0.9998448873440171
-0.999676658148815
-0.9991504845992307
-0.9983387308906712
-0.9950178746374541
-0.9914063402793444
-0.9679038642060753
-0.9557081402613905
-0.7642018184715016
-0.7718809643945783
1.0863761986705844
0.25234818250313296
25.104287589928816
25.1042876199792
0.25234818423655125
1.0863762034568794
-0.771880963450873
-0.7642018174499633
-0.9557081399121508
-0.9679038639510881
-0.9914063401677625
-0.9950178745690418
-0.9983387308562286
-0.9991504845807189
-0.9996766581385501
-0.9998448873389401
-0.9999360433938244
-0.9999701579266862
-0.9999870653565978
-0.9999940103296543
-0.9999973167977202
-0.9999987538674012
-0.9999994286441862
-0.9999997326474054
-0.9999998753446684
-0.9999999412231813
-0.9999999723324919
-0.999999986950658
-0.9999999939093888
-0.9999999972166448
-0.9999999987904826
-0.9999999995152524
-0.999999999799783
-0.9999999997988271
-0.9999999995152224
-0.9999999987897733
-0.9999999972167887
-0.9999999939091453
-0.9999999869505367
-0.9999999723324122
-0.9999999412236895
-0.9999998753450436
-0.9999997326478023
-0.9999994286446136
-0.9999987538681406
-0.999997316798968
-0.999994010329182
-0.9999870653573966
-0.9999701579259034
-0.9999360433940623
-0.9998448873383273
-0.9996766581383221
-0.9991504845799334
-0.9983387308564506
-0.995017874568993
-0.9914063401674471
-0.9679038639513761
-0.9557081399122829
-0.7642018174500957
-0.7718809634513377
1.086376203457052
0.25234818423588445
25.10428761997994
25.104287631369267
0.25234818489437594
1.0863762052743708
-0.7718809630917407
-0.7642018170607916
-0.955708139779337
-0.9679038638541051
-0.9914063401251506
-0.9950178745428551
-0.9983387308434176
-0.9991504845734676
-0.9996766581347389
-0.9998448873367305
-0.9999360433925468
-0.9999701579259392
-0.9999870653564931
-0.9999940103299763
-0.9999973167982734
-0.9999987538681823
-0.9999994286446992
-0.999999732648345
-0.9999998753453581
-0.9999999412238458
-0.99999997233303
-0.9999999869506844
-0.9999999939095163
-0.9999999972164757
-0.9999999987902806
-0.9999999995151487
-0.9999999997997334
-0.9999999997989204
-0.9999999995154635
-0.9999999987899842
-0.9999999972171938
-0.9999999939093758
-0.9999999869510463
-0.9999999723320404
-0.9999999412237883
-0.9999998753450059
-0.9999997326476242
-0.9999994286444834
-0.9999987538672019
-0.9999973167983376
-0.9999940103290774
-0.9999870653573977
-0.9999701579251946
-0.9999360433927984
-0.9998448873364256
-0.999676658134661
-0.9991504845723043
-0.9983387308438769
-0.995017874541661
-0.9914063401250817
-0.9679038638529665
-0.9557081397797738
-0.7642018170601623
-0.7718809630921538
1.0863762052754287
0.25234818489366784
25.104287631370646
25.104287631373417
0.2523481848948824
1.086376205273949
-0.7718809630911684
-0.7642018170601663
-0.9557081397789777
-0.9679038638535356
-0.991406340124646
-0.9950178745422111
-0.9983387308429881
-0.9991504845728283
-0.9996766581345807
-0.9998448873364608
-0.9999360433927643
-0.9999701579258772
-0.999987065356839
-0.9999940103297673
-0.9999973167981818
-0.99999875386747
-0.999999428644136
-0.9999997326475609
-0.9999998753447001
-0.9999999412231094
-0.9999999723320763
-0.9999999869502996
-0.9999999939092596
-0.9999999972164757
-0.9999999987901074
-0.9999999995152107
-0.999999999799276
-0.9999999997992275
-0.9999999995148106
-0.9999999987899888
-0.9999999972165656
-0.9999999939091689
-0.9999999869504338
-0.9999999723324968
-0.9999999412239124
-0.9999998753455828
-0.9999997326481035
-0.9999994286445089
-0.999998753867857
-0.9999973167989662
-0.9999940103295939
-0.9999870653573992
-0.9999701579251552
-0.9999360433933178
-0.9998448873364965
-0.9996766581352279
-0.9991504845734424
-0.9983387308440863
-0.9950178745428342
-0.9914063401254571
-0.9679038638545223
-0.9557081397800087
-0.7642018170609198
-0.771880963092372
1.0863762052738175
0.25234818489283745
25.104287631374188
25.104287619974464
0.25234818423523164
1.0863762034557043
-0.7718809634513122
-0.7642018174496367
-0.9557081399123493
-0.9679038639514437
-0.9914063401683011
-0.995017874569359
-0.9983387308564421
-0.999150484580948
-0.9996766581389003
-0.9998448873390355
-0.9999360433939559
-0.9999701579263751
-0.9999870653572236
-0.9999940103300362
-0.9999973167985994
-0.9999987538679149
-0.9999994286450131
-0.9999997326481335
-0.9999998753452486
-0.9999999412233076
-0.9999999723323142
-0.9999999869509274
-0.9999999939090187
-0.9999999972163531
-0.9999999987899698
-0.9999999995149256
-0.9999999997998448
-0.999999999799152
-0.9999999995153865
-0.9999999987905326
-0.9999999972173933
-0.9999999939101354
-0.9999999869509185
-0.9999999723323425
-0.9999999412234528
-0.9999998753451136
-0.9999997326475045
-0.9999994286439
-0.9999987538674575
-0.9999973167987433
-0.9999940103295266
-0.999987065357153
-0.9999701579258663
-0.9999360433940541
-0.9998448873389192
-0.9996766581384252
-0.9991504845798613
-0.9983387308562623
-0.9950178745688529
-0.9914063401675569
-0.9679038639510685
-0.9557081399118889
-0.7642018174493724
-0.7718809634508317
1.0863762034562905
0.25234818423598576
25.104287619975487
25.104287589929513
0.2523481825066534
1.0863761986699
-0.7718809643934621
-0.76420181847127
-0.9557081402609179
-0.9679038642061103
-0.9914063402789388
-0.9950178746371657
-0.9983387308893074
-0.999150484599461
-0.9996766581483505
-0.9998448873441615
-0.9999360433966675
-0.9999701579282179
-0.9999870653579186
-0.9999940103306733
-0.9999973167985996
-0.9999987538678397
-0.9999994286444562
-0.9999997326477639
-0.9999998753451151
-0.9999999412231995
-0.999999972332782
-0.9999999869507905
-0.9999999939093516
-0.9999999972162438
-0.9999999987903517
-0.9999999995156209
-0.9999999998000013
-0.9999999997992453
-0.9999999995150682
-0.9999999987900734
-0.999999997217428
-0.9999999939090762
-0.9999999869505025
-0.9999999723322857
-0.9999999412243439
-0.999999875345913
-0.9999997326478964
-0.999999428644796
-0.9999987538678807
-0.999997316800427
-0.9999940103299372
-0.9999870653586909
-0.9999701579269955
-0.9999360433971731
-0.9998448873445203
-0.9996766581490529
-0.9991504845993224
-0.9983387308911257
-0.995017874638183
-0.9914063402803139
-0.9679038642066785
-0.9557081402618891
-0.7642018184720832
-0.7718809643948448
1.0863761986688494
0.25234818250498936
25.104287589929644
25.10428752207528
0.2523481785964602
1.0863761878790101
-0.7718809665213786
-0.7642018207735823
-0.9557081410482786
-0.9679038647807312
-0.9914063405313316
-0.9950178747928946
-0.9983387309664434
-0.9991504846436976
-0.999676658171126
-0.9998448873565164
-0.9999360434034286
-0.9999701579313045
-0.99998706535965
-0.9999940103307691
-0.9999973167983947
-0.9999987538675493
-0.9999994286446074
-0.9999997326477631
-0.999999875344655
-0.999999941222967
-0.9999999723324939
-0.9999999869507981
-0.9999999939094331
-0.9999999972166057
-0.9999999987904789
-0.9999999995153077
-0.9999999997993017
-0.9999999997984377
-0.9999999995144788
-0.9999999987895504
-0.9999999972169844
-0.9999999939083086
-0.9999999869499374
-0.9999999723318532
-0.999999941223439
-0.999999875344855
-0.9999997326479492
-0.9999994286445297
-0.9999987538684805
-0.9999973168000202
-0.9999940103303905
-0.9999870653598425
-0.9999701579306357
-0.9999360434040752
-0.9998448873563632
-0.9996766581706897
-0.9991504846422233
-0.9983387309660912
-0.9950178747927245
-0.9914063405313496
-0.9679038647801868
-0.9557081410482333
-0.7642018207727936
-0.7718809665213687
1.086376187879792
0.2523481785967882
25.10428752207669
25.10428737304033
0.25234817003808363
1.0863761642270338
-0.7718809711737011
-0.7642018258116061
-0.9557081427656281
-0.9679038660359999
-0.9914063410803395
-0.9950178751307492
-0.9983387311313776
-0.9991504847370811
-0.9996766582186831
-0.9998448873830552
-0.999936043417244
-0.9999701579390092
-0.9999870653639436
-0.9999940103332461
-0.9999973168007066
-0.9999987538691052
-0.9999994286459009
-0.9999997326480325
-0.9999998753451299
-0.9999999412233824
-0.9999999723327619
-0.9999999869507341
-0.9999999939084627
-0.9999999972161231
-0.999999998789384
-0.9999999995153628
-0.9999999997985458
-0.999999999799265
-0.9999999995149276
-0.9999999987906562
-0.9999999972169225
-0.9999999939092299
-0.9999999869508276
-0.9999999723327428
-0.9999999412236446
-0.999999875345234
-0.9999997326479169
-0.9999994286439486
-0.9999987538680837
-0.9999973167993053
-0.9999940103328544
-0.9999870653631222
-0.9999701579386961
-0.9999360434171125
-0.9998448873825678
-0.9996766582189036
-0.9991504847372238
-0.9983387311316839
-0.9950178751315529
-0.9914063410798973
-0.9679038660355209
-0.9557081427654324
-0.764201825811427
-0.7718809711738186
1.0863761642274206
0.2523481700379474
25.104287373039963
25.10428704738839
0.2523481513633393
1.0863761126550364
-0.7718809813133166
-0.7642018367801382
-0.9557081465033204
-0.9679038687634094
-0.9914063422727811
-0.9950178758638399
-0.9983387314898065
-0.9991504849415141
-0.9996766583240819
-0.9998448874407762
-0.9999360434470473
-0.9999701579548728
-0.999987065372149
-0.999994010337539
-0.9999973168026135
-0.9999987538692923
-0.9999994286450249
-0.9999997326472473
-0.999999875344703
-0.9999999412230539
-0.9999999723324114
-0.9999999869503422
-0.9999999939090038
-0.9999999972168124
-0.9999999987901325
-0.9999999995155474
-0.9999999997989482
-0.9999999997990028
-0.9999999995141671
-0.9999999987896742
-0.9999999972158969
-0.9999999939082067
-0.9999999869504015
-0.999999972332086
-0.9999999412232593
-0.9999998753454268
-0.9999997326484418
-0.9999994286457242
-0.9999987538702082
-0.9999973168030859
-0.9999940103378981
-0.9999870653720022
-0.9999701579558554
-0.9999360434464509
-0.9998448874410235
-0.9996766583236432
-0.999150484941188
-0.9983387314897492
-0.9950178758640342
-0.9914063422733479
-0.9679038687634721
-0.9557081465048666
-0.7642018367803016
-0.7718809813139328
1.0863761126556146
0.2523481513611588
25.10428704738882
25.10428633592518
0.2523481106721478
1.086376000253905
-0.7718810033723474
-0.7642018606460617
-0.9557081546229202
-0.9679038746884705
-0.9914063448589892
-0.9950178774532061
-0.9983387322651688
-0.9991504853824675
-0.9996766585493997
-0.9998448875644099
-0.9999360435112459
-0.9999701579894564
-0.9999870653897049
-0.9999940103464198
-0.9999973168066909
-0.9999987538711184
-0.9999994286461937
-0.9999997326479699
-0.9999998753453738
-0.999999941223582
-0.9999999723323141
-0.9999999869505037
-0.9999999939091881
-0.9999999972164764
-0.9999999987899104
-0.9999999995144757
-0.9999999997982842
-0.9999999997984392
-0.9999999995136554
-0.9999999987886151
-0.9999999972152354
-0.9999999939077102
-0.9999999869497238
-0.9999999723310139
-0.9999999412230285
-0.9999998753443975
-0.9999997326485672
-0.9999994286460181
-0.9999987538718409
-0.9999973168069176
-0.999994010346541
-0.9999870653899867
-0.999970157988892
-0.999936043510202
-0.9998448875634595
-0.9996766585484032
-0.9991504853810251
-0.9983387322647255
-0.9950178774521666
-0.991406344858577
-0.9679038746868898
-0.9557081546231827
-0.7642018606450787
-0.7718810033721883
1.0863760002546257
0.25234811066983076
25.10428633592594
25.104284780575504
0.25234802190433614
1.0863757551439626
-0.7718810514139349
-0.7642019125935493
-0.9557081722731905
-0.9679038875560783
-0.9914063504661113
-0.9950178808927876
-0.9983387339391836
-0.9991504863313736
-0.9996766590332088
-0.9998448878282211
-0.9999360436475182
-0.9999701580617235
-0.9999870654262517
-0.9999940103653753
-0.9999973168158163
-0.9999987538753236
-0.9999994286469311
-0.9999997326470683
-0.9999998753429895
-0.9999999412206618
-0.9999999723288451
-0.9999999869471354
-0.9999999939047625
-0.9999999972124708
-0.9999999987854975
-0.9999999995107431
-0.9999999997953413
-0.9999999997952511
-0.9999999995115275
-0.9999999987869073
-0.9999999972141336
-0.9999999939072163
-0.9999999869484695
-0.999999972329764
-0.9999999412219411
-0.9999998753432526
-0.9999997326479667
-0.999999428646779
-0.999998753874703
-0.9999973168149967
-0.9999940103649417
-0.9999870654263568
-0.9999701580613138
-0.9999360436471101
-0.9998448878287245
-0.9996766590345516
-0.999150486333129
-0.9983387339406044
-0.9950178808938644
-0.9914063504669917
-0.9679038875564303
-0.9557081722746978
-0.764201912593947
-0.7718810514139127
1.0863757551443727
0.2523480219047355
25.104284780574496
25.104281376758244
0.2523478281693294
1.0863752201747572
-0.7718811560855952
-0.7642020257475924
-0.9557082106521281
-0.967903915519813
-0.9914063626279864
-0.9950178883467042
-0.9983387375595141
-0.9991504883810874
-0.9996766600755786
-0.9998448883934186
-0.9999360439382277
-0.9999701582135323
-0.9999870655024907
-0.9999940104019771
-0.9999973168315082
-0.9999987538798392
-0.9999994286463767
-0.9999997326434277
-0.9999998753382793
-0.9999999412146385
-0.9999999723230084
-0.9999999869411034
-0.9999999938991196
-0.999999997207253
-0.9999999987793757
-0.9999999995056229
-0.9999999997893694
-0.9999999997896032
-0.9999999995049649
-0.9999999987802415
-0.9999999972067084
-0.9999999938992157
-0.9999999869404745
-0.9999999723229558
-0.9999999412146771
-0.99999987533788
-0.9999997326432231
-0.9999994286458537
-0.9999987538797668
-0.9999973168312075
-0.9999940104021582
-0.9999870655025151
-0.9999701582139321
-0.9999360439380234
-0.9998448883939605
-0.9996766600752685
-0.999150488381084
-0.9983387375584167
-0.9950178883469063
-0.9914063626273399
-0.967903915519561
-0.9557082106514907
-0.7642020257468104
-0.7718811560847246
1.0863752201753116
0.2523478281730258
25.104281376757488
25.10427391927044
0.25234740486127183
1.0863740514856786
-0.7718813843448051
-0.7642022723914794
-0.9557082941532409
-0.9679039763063154
-0.9914063890063611
-0.9950179044875784
-0.9983387453743091
-0.9991504927924297
-0.9996766623068604
-0.9998448895983989
-0.9999360445509546
-0.999970158529926
-0.9999870656558477
-0.999994010471551
-0.9999973168561438
-0.9999987538816602
-0.9999994286357202
-0.9999997326275907
-0.9999998753186674
-0.9999999411941612
-0.9999999723017801
-0.9999999869196277
-0.9999999938772044
-0.9999999971847723
-0.9999999987572272
-0.9999999994833819
-0.9999999997663238
-0.999999999765998
-0.9999999994812347
-0.9999999987563744
-0.9999999971834804
-0.9999999938760573
-0.9999999869180232
-0.9999999723010204
-0.9999999411940901
-0.9999998753195811
-0.9999997326275882
-0.9999994286370698
-0.99999875388269
-0.9999973168573784
-0.9999940104723484
-0.9999870656562658
-0.999970158529132
-0.9999360445505089
-0.9998448895977532
-0.9996766623065858
-0.9991504927917882
-0.9983387453748944
-0.9950179044884688
-0.9914063890066229
-0.9679039763071826
-0.955708294153675
-0.7642022723930069
-0.7718813843457539
1.0863740514841629
0.2523474048610971
25.104273919267488
25.10425755975369
0.25234647900429197
1.086371495683109
-0.7718818825140168
-0.7642028104513354
-0.9557084759139536
-0.9679041085013371
-0.9914064462185408
-0.9950179394326095
-0.9983387622325455
-0.9991505022738492
-0.9996766670738748
-0.9998448921508944
-0.99993604583131
-0.9999701591750394
-0.999987065954653
-0.9999940105934948
-0.9999973168847817
-0.9999987538616592
-0.9999994285903975
-0.9999997325681766
-0.9999998752519852
-0.999999941123387
-0.9999999722286284
-0.9999999868448974
-0.9999999938017359
-0.9999999971089434
-0.9999999986821282
-0.9999999994081604
-0.9999999996922478
-0.9999999996925202
-0.9999999994093286
-0.999999998685099
-0.9999999971127211
-0.9999999938047909
-0.9999999868472924
-0.9999999722303669
-0.9999999411246162
-0.999999875251719
-0.9999997325667471
-0.9999994285886054
-0.9999987538597452
-0.9999973168827718
-0.9999940105921785
-0.9999870659542105
-0.9999701591752079
-0.9999360458316628
-0.9998448921524373
-0.9996766670750987
-0.999150502274893
-0.9983387622333362
-0.9950179394333898
-0.9914064462184154
-0.9679041085018478
-0.9557084759130173
-0.7642028104517624
-0.7718818825135767
1.0863714956850852
0.25234647900585383
25.104257559756107
25.104221621598576
0.2523444515905866
1.0863659000315038
-0.7718829707526549
-0.7642039852182371
-0.9557088717546998
-0.9679043960756955
-0.9914065702804069
-0.9950180150405867
-0.9983387985416324
-0.9991505226056664
-0.999676677214667
-0.9998448975245597
-0.9999360484729363
-0.9999701604597455
-0.999987066500561
-0.9999940107640688
-0.9999973168560511
-0.9999987537319945
-0.9999994284079348
-0.9999997323594099
-0.9999998750293373
-0.9999999408953282
-0.9999999719970335
-0.9999999866125746
-0.9999999935680743
-0.9999999968757449
-0.9999999984480691
-0.9999999991738335
-0.9999999994572428
-0.9999999994574922
-0.9999999991730033
-0.999999998448956
-0.9999999968748644
-0.9999999935678657
-0.9999999866108974
-0.999999971996831
-0.9999999408940623
-0.9999998750301794
-0.9999997323579657
-0.9999994284082345
-0.9999987537312318
-0.9999973168564116
-0.9999940107644617
-0.999987066501172
-0.9999701604602007
-0.9999360484728183
-0.9998448975248554
-0.9996766772139752
-0.9991505226057881
-0.9983387985406504
-0.9950180150397532
-0.9914065702782336
-0.9679043960750651
-0.9557088717529224
-0.7642039852188969
-0.7718829707512347
1.0863659000318497
0.25234445159366736
25.104221621597567
25.104142550493442
0.2523400063371797
1.0863536334032178
-0.771885350277387
-0.7642065524594333
-0.9557097342107227
-0.9679050218113896
-0.9914068391756813
-0.9950181784625105
-0.998338876568053
-0.9991505660396102
-0.9996766986410852
-0.9998449087020113
-0.999936053799078
-0.9999701628947899
-0.9999870673714002
-0.9999940108448782
-0.9999973165219069
-0.9999987531864292
-0.9999994277535276
-0.999999731650671
-0.9999998742939855
-0.9999999401452659
-0.9999999712408973
-0.999999985852299
-0.9999999928074144
-0.9999999961138047
-0.9999999976859119
-0.9999999984103661
-0.9999999986935375
-0.9999999986926863
-0.9999999984085692
-0.9999999976834042
-0.9999999961107349
-0.9999999928055642
-0.9999999858513818
-0.9999999712395222
-0.9999999401455182
-0.9999998742951755
-0.9999997316523735
-0.9999994277568762
-0.9999987531877321
-0.9999973165237825
-0.9999940108463383
-0.999987067372782
-0.9999701628945252
-0.9999360537987281
-0.9998449087015719
-0.9996766986397436
-0.9991505660391737
-0.9983388765670509
-0.9950181784628429
-0.9914068391758759
-0.9679050218134575
-0.9557097342108293
-0.7642065524613885
-0.7718853502773276
1.0863536334027781
0.2523400063366791
25.104142550494593
25.103968273690374
0.2523302457845258
1.086326704888167
-0.771890558735584
-0.7642121680633998
-0.9557116140383096
-0.9679063835033308
-0.9914074215215536
-0.9950185311533424
-0.9983390437047137
-0.9991506583371326
-0.9996767434695957
-0.9998449315485647
-0.9999360641507715
-0.9999701671153803
-0.9999870682915248
-0.9999940101117776
-0.9999973149261847
-0.9999987511576909
-0.9999994255031279
-0.9999997292889595
-0.9999998718747236
-0.9999999376974842
-0.9999999687776874
-0.9999999833815669
-0.9999999903324359
-0.9999999936366282
-0.9999999952088101
-0.9999999959333931
-0.999999996218333
-0.9999999962184004
-0.9999999959358259
-0.9999999952114004
-0.9999999936404511
-0.999999990335725
-0.9999999833840236
-0.9999999687786683
-0.9999999376970263
-0.9999998718732097
-0.9999997292854904
-0.9999994254997133
-0.9999987511540502
-0.9999973149243144
-0.9999940101097309
-0.9999870682912
-0.9999701671141132
-0.9999360641517454
-0.9998449315490007
-0.9996767434709011
-0.9991506583370209
-0.9983390437056612
-0.9950185311520556
-0.9914074215199173
-0.9679063835017441
-0.9557116140359554
-0.7642121680633298
-0.7718905587357614
1.0863267048887382
0.25233024578284413
25.103968273694143
25.10358339841877
0.25230877988690253
1.0862674960431742
-0.7719019720765635
-0.7642244641116199
-0.955715712392361
-0.9679093464435752
-0.9914086810211458
-0.9950192905444388
-0.9983394000224993
-0.9991508529428308
-0.9996768358789221
-0.9998449769431166
-0.9999360829598647
-0.999970172976646
-0.9999870672321879
-0.9999940056138008
-0.9999973086488647
-0.9999987439935749
-0.9999994178894218
-0.9999997214519362
-0.9999998639270198
-0.9999999296964525
-0.9999999607506365
-0.9999999753423114
-0.9999999822875838
-0.9999999855893791
-0.999999987159577
-0.9999999878824972
-0.9999999881657485
-0.9999999881654762
-0.9999999878821004
-0.9999999871584455
-0.999999985587694
-0.9999999822860179
-0.9999999753413769
-0.9999999607496739
-0.9999999296959381
-0.9999998639273698
-0.9999997214526555
-0.9999994178902682
-0.9999987439943645
-0.999997308649923
-0.9999940056151542
-0.9999870672333219
-0.999970172977067
-0.9999360829596825
-0.9998449769435491
-0.9996768358784782
-0.9991508529426985
-0.9983394000226306
-0.995019290543947
-0.9914086810213238
-0.9679093464446941
-0.9557157123925982
-0.7642244641122378
-0.771901972077113
1.0862674960424132
0.25230877988672407
25.103583398419843
25.10273151567484
0.2522614853150845
1.0861370783310722
-0.7719270119866934
-0.7642514162774567
-0.9557246480567219
-0.9679157909381346
-0.9914113993835831
-0.9950209199255837
-0.9983401543079524
-0.9991512584164077
-0.9996770218732002
-0.9998450627726805
-0.9999361124963485
-0.9999701753508756
-0.9999870552022354
-0.999993986499908
-0.9999972859024157
-0.9999987194557945
-0.9999993924540784
-0.9999996955770176
-0.9999998378354706
-0.9999999034993377
-0.9999999345023882
-0.9999999490689775
-0.9999999560024229
-0.9999999592977571
-0.999999960864872
-0.9999999615874516
-0.9999999618702478
-0.9999999618698705
-0.9999999615864409
-0.9999999608639343
-0.9999999592957753
-0.999999956000821
-0.9999999490684325
-0.9999999345014141
-0.99999990349885
-0.9999998378368623
-0.999999695578404
-0.9999993924567544
-0.9999987194572412
-0.9999972859035904
-0.9999939865013128
-0.9999870552035104
-0.9999701753515755
-0.9999361124949064
-0.9998450627721901
-0.9996770218712251
-0.9991512584160037
-0.9983401543064299
-0.9950209199248627
-0.9914113993838355
-0.9679157909389358
-0.9557246480577558
-0.7642514162774259
-0.7719270119860241
1.0861370783321087
0.25226148531913395
25.102731515671103
25.10084105725771
0.25215706855924847
1.0858492260843988
-0.7719820164434992
-0.7643105578812519
-0.9557441255773047
-0.967929795429553
-0.9914172474156178
-0.9950243976265851
-0.9983417340541851
-0.9991520876829512
-0.9996773813839672
-0.9998452099777739
-0.9999361412453072
-0.9999701475683344
-0.9999869977106353
-0.9999939145698893
-0.9999972066462732
-0.9999986366328797
-0.9999993078633944
-0.9999996101300563
-0.9999997519705848
-0.9999998174324679
-0.9999998483379937
-0.9999998628582105
-0.9999998697698834
-0.9999998730544977
-0.9999998746180849
-0.999999875338138
-0.9999998756215831
-0.9999998756223394
-0.999999875340644
-0.9999998746206078
-0.9999998730579858
-0.9999998697727961
-0.9999998628610046
-0.9999998483395273
-0.9999998174318633
-0.9999997519696371
-0.9999996101270642
-0.9999993078611485
-0.999998636630168
-0.9999972066435419
-0.9999939145670034
-0.9999869977096114
-0.9999701475675162
-0.9999361412462595
-0.9998452099790427
-0.9996773813856754
-0.9991520876837359
-0.9983417340549329
-0.9950243976278674
-0.9914172474159021
-0.9679297954301369
-0.9557441255761969
-0.7643105578803441
-0.771982016441993
1.0858492260842116
0.25215706856044423
25.100841057255565
25.096633142207526
0.2519259903005897
1.0852124050231202
-0.7721030003998695
-0.7644404738150933
-0.9557865495812194
-0.9679601790355749
-0.9914297656286757
-0.9950317610630715
-0.9983449877826949
-0.9991537325785431
-0.9996780254867152
-0.9998454071331739
-0.9999360911224865
-0.9999699809700622
-0.9999867705300418
-0.9999936583512818
-0.9999969358642041
-0.9999983588605972
-0.9999990266688885
-0.9999993273008119
-0.999999468356074
-0.9999995334466816
-0.9999995641771037
-0.9999995786151004
-0.9999995854880633
-0.9999995887548562
-0.9999995903104562
-0.9999995910258869
-0.9999995913075379
-0.9999995913062457
-0.9999995910256012
-0.9999995903080672
-0.999999588754382
-0.9999995854865698
-0.9999995786146063
-0.9999995641762731
-0.9999995334471823
-0.9999994683571252
-0.9999993273019366
-0.9999990266699175
-0.9999983588614075
-0.9999969358652119
-0.9999936583518086
-0.9999867705321321
-0.9999699809695726
-0.9999360911226784
-0.9998454071331444
-0.9996780254871537
-0.9991537325789376
-0.9983449877841755
-0.9950317610636135
-0.9914297656289944
-0.9679601790368358
-0.955786549581797
-0.7644404738163306
-0.7721030003998017
1.0852124050219096
0.25192599030035545
25.096633142207608
25.087233458619394
0.25141319475290025
1.08379973210217
-0.7723694572803097
-0.7647261477084988
-0.9558788107060895
-0.9680259146393648
-0.9914563553963937
-0.9950471582265683
-0.9983515090578801
-0.999156822216829
-0.9996789965509065
-0.999845445544197
-0.999935618732263
-0.9999692716122988
-0.9999859394227072
-0.9999927697748321
-0.9999960188616616
-0.9999974284171558
-0.9999980897411604
-0.9999983873219358
-0.9999985269319066
-0.9999985913467997
-0.9999986217615209
-0.9999986360533106
-0.9999986428585235
-0.9999986460944732
-0.999998647634588
-0.9999986483445782
-0.9999986486223387
-0.9999986486222852
-0.9999986483432355
-0.9999986476331355
-0.999998646092491
-0.9999986428562173
-0.9999986360515261
-0.9999986217606339
-0.999998591346877
-0.9999985269321245
-0.9999983873227354
-0.9999980897427421
-0.9999974284182787
-0.9999960188631212
-0.9999927697749583
-0.9999859394231692
-0.999969271610562
-0.9999356187309505
-0.9998454455422857
-0.9996789965492341
-0.999156822214856
-0.998351509056556
-0.9950471582248703
-0.9914563553950091
-0.9680259146390595
-0.9558788107054854
-0.7647261477093062
-0.7723694572798283
1.0837997321007948
0.2514131947528605
25.0872334586158
25.066146641130544
0.25027154396792883
1.0806559665320417
-0.7729570259471856
-0.7653548538655971
-0.9560788834228915
-0.9681674849378952
-0.9915121449052351
-0.9950787151888278
-0.9983639677341409
-0.9991620151858647
-0.9996797418043437
-0.9998442681739281
-0.9999333997314181
-0.999966578547359
-0.999983005795677
-0.9999897247901539
-0.9999929194995711
-0.9999943038440009
-0.9999949531532081
-0.9999952451925107
-0.9999953822041605
-0.9999954454302975
-0.9999954752925384
-0.9999954893336187
-0.9999954960234178
-0.9999954992082656
-0.9999955007258663
-0.9999955014257389
-0.9999955017007462
-0.9999955017010393
-0.9999955014273518
-0.9999955007274741
-0.9999954992104376
-0.9999954960259166
-0.9999954893358017
-0.9999954752944291
-0.9999954454303756
-0.9999953822039094
-0.9999952451921919
-0.9999949531521047
-0.9999943038424803
-0.999992919497424
-0.9999897247885414
-0.9999830057953061
-0.9999665785475077
-0.9999333997326896
-0.999844268175795
-0.9996797418067059
-0.9991620151877372
-0.9983639677357141
-0.9950787151902931
-0.991512144906665
-0.9681674849391494
-0.956078883423044
-0.7653548538654982
-0.7729570259457338
1.0806559665330073
0.25027154396643403
25.066146641132956
25.018595976452676
0.24772000194035618
1.0736334194675137
-0.7742540375624412
-0.7667390892142276
-0.9565106383471627
-0.96847004984786
-0.9916268963721346
-0.995141213542598
-0.9983856241720965
-0.9991684325044896
-0.999676935857408
-0.9998375558881416
-0.9999246022108799
-0.999956850189459
-0.9999728134829383
-0.9999793212883719
-0.9999824150029868
-0.9999837531258517
-0.9999843809377418
-0.9999846631348732
-0.9999847956647488
-0.9999848568391991
-0.9999848857852596
-0.9999848994059868
-0.9999849059120998
-0.9999849090110088
-0.9999849104921226
-0.9999849111751715
-0.9999849114440801
-0.9999849114438213
-0.9999849111752852
-0.9999849104908094
-0.9999849090106137
-0.9999849059107164
-0.9999848994058147
-0.999984885784404
-0.9999848568379077
-0.9999847956633657
-0.9999846631345779
-0.9999843809373781
-0.9999837531259796
-0.9999824150029673
-0.9999793212884083
-0.9999728134838544
-0.9999568501889817
-0.9999246022112134
-0.999837555886717
-0.9996769358573355
-0.9991684325021042
-0.9983856241719611
-0.9951412135405776
-0.9916268963717304
-0.9684700498459899
-0.9565106383465267
-0.7667390892134931
-0.774254037563012
1.0736334194671744
0.24772000193623425
25.018595976455266
24.910673129524962
0.24199080782201257
1.0578737434240086
-0.7771183001663013
-0.7697863178392528
-0.9574343116083468
-0.9691087308692274
-0.9918548668209617
-0.995257463196562
-0.9984151715661768
-0.9991665322780413
-0.9996561643161235
-0.9998090349143505
-0.9998919815653101
-0.9999224581511919
-0.999937544691101
-0.999943667236219
-0.9999465770261344
-0.9999478343175803
-0.9999484242387146
-0.9999486899376506
-0.9999488147793478
-0.9999488726606904
-0.9999489000637727
-0.9999489130405644
-0.9999489192397908
-0.9999489222148296
-0.9999489236352929
-0.9999489242951949
-0.9999489245536994
-0.9999489245534325
-0.9999489242943168
-0.9999489236325403
-0.9999489222127882
-0.9999489192367736
-0.9999489130394564
-0.9999489000631492
-0.999948872660825
-0.9999488147803273
-0.9999486899394473
-0.9999484242411574
-0.9999478343188613
-0.9999465770272948
-0.9999436672370392
-0.9999375446913794
-0.9999224581503958
-0.9998919815637214
-0.9998090349121858
-0.9996561643157298
-0.9991665322767032
-0.9984151715661218
-0.9952574631953368
-0.9918548668221832
-0.9691087308697608
-0.9574343116091386
-0.7697863178398732
-0.777118300167557
1.057873743422872
0.24199080781842214
24.91067312952621
24.66372953368683
0.2290499584704984
1.0223136573957992
-0.7834421092012779
-0.776480766879172
-0.9593824554978847
-0.9704270230928045
-0.9922799306635659
-0.9954453893358648
-0.9984219868934978
-0.9991093388747705
-0.9995614177246201
-0.9996991745104853
-0.999774376532087
-0.9998015355930907
-0.9998150512898734
-0.99982047762636
-0.9998230749883981
-0.9998241903297089
-0.9998247193060641
-0.9998249565842507
-0.999825069755975
-0.9998251220039072
-0.9998251472133017
-0.9998251590760487
-0.9998251648702463
-0.999825167624539
-0.9998251689734534
-0.9998251695918945
-0.9998251698413541
-0.9998251698425391
-0.9998251695940272
-0.9998251689762798
-0.9998251676271158
-0.9998251648733303
-0.9998251590784586
-0.9998251472150184
-0.9998251220046677
-0.9998250697547265
-0.9998249565839338
-0.9998247193044348
-0.9998241903283189
-0.9998230749867121
-0.9998204776262376
-0.9998150512896551
-0.9998015355935127
-0.9997743765340609
-0.9996991745127475
-0.9995614177272144
-0.9991093388767929
-0.9984219868949167
-0.9954453893370308
-0.9922799306647653
-0.9704270230923011
-0.9593824554973047
-0.7764807668780382
-0.7834421092013609
1.0223136573959235
0.22904995847151338
24.663729533691367
24.09237100989366
0.19961005478463462
0.9414656007290868
-0.7973536483006991
-0.7911409649495795
-0.9633753589667527
-0.973049765129616
-0.9929628069941838
-0.9956401918637945
-0.998241173677263
-0.9988042980979983
-0.9991822107133776
-0.9992923936467357
-0.9993529578832416
-0.999374442082131
-0.9993850870447419
-0.9993894008881115
-0.9993914383407323
-0.9993923431323
-0.9993927631128772
-0.999392961670494
-0.9993930535634843
-0.9993930988792508
-0.9993931198986736
-0.9993931305582966
-0.9993931355143686
-0.999393138069117
-0.9993931392465885
-0.9993931398344469
-0.999393140055266
-0.999393140054308
-0.9993931398343634
-0.9993931392463833
-0.9993931380685306
-0.9993931355145617
-0.9993931305578623
-0.9993931198985405
-0.9993930988782656
-0.9993930535621864
-0.9993929616699821
-0.9993927631130111
-0.9993923431321035
-0.9993914383410678
-0.9993894008884989
-0.9993850870453815
-0.9993744420813373
-0.9993529578838635
-0.999292393645667
-0.999182210714111
-0.9988042980964892
-0.998241173676804
-0.9956401918622972
-0.992962806994323
-0.9730497651281509
-0.9633753589664462
-0.7911409649498026
-0.7973536483004124
0.9414656007291948
0.19961005478462934
24.092371009889227
22.751954244659338
0.13187236646412448
0.7563320152910833
-0.8278374266848904
-0.8228100270096085
-0.9711986489426807
-0.9778244607963249
-0.9936479661291444
-0.9953080511402699
-0.997176461057385
-0.9974931616221885
-0.9977387345661959
-0.9977960359249758
-0.9978328957917018
-0.997843643243655
-0.9978501117034129
-0.9978522970319211
-0.9978536139832097
-0.9978540992138053
-0.9978543979900412
-0.9978545133386183
-0.9978545854511345
-0.9978546140164963
-0.9978546319312422
-0.997854639139231
-0.9978546436360796
-0.9978546454570121
-0.9978546465744165
-0.9978546470069733
-0.997854647220924
-0.9978546472204851
-0.997854647006378
-0.9978546465722145
-0.9978546454549474
-0.9978546436337223
-0.9978546391386813
-0.9978546319312109
-0.9978546140181461
-0.9978545854522852
-0.9978545133410581
-0.9978543979924658
-0.997854099215414
-0.9978536139851899
-0.9978522970329293
-0.9978501117038909
-0.9978436432433253
-0.9978328957910585
-0.9977960359237399
-0.9977387345666734
-0.9974931616224647
-0.997176461058799
-0.9953080511412623
-0.9936479661312967
-0.9778244607975999
-0.9711986489446023
-0.8228100270109913
-0.827837426686188
0.7563320152909127
0.13187236646232892
22.751954244660592
19.52824257388533
-0.025635083625428004
0.32482481645913297
-0.8927587936763791
-0.8907132156944193
-0.9844865960500517
-0.985212049626081
-0.9921111140528238
-0.9920014653186482
-0.9923346829475261
-0.9922729695886889
-0.9922449563956193
-0.9922320045402273
-0.9922186205106994
-0.9922173750517158
-0.9922143475688521
-0.992214611438561
-0.9922140817956062
-0.99221427635758
-0.9922142056116223
-0.9922142793736861
-0.9922142753608445
-0.9922142982417117
-0.9922142999930887
-0.9922143064259888
-0.9922143073768326
-0.9922143090836116
-0.9922143094028669
-0.9922143098177751
-0.9922143098864138
-0.99221430988779
-0.9922143098188605
-0.9922143094047571
-0.9922143090849944
-0.9922143073790117
-0.9922143064268927
-0.9922142999930762
-0.9922142982399655
-0.992214275359614
-0.9922142793714732
-0.9922142056098606
-0.9922142763546975
-0.9922140817931407
-0.9922146114382132
-0.9922143475679754
-0.9922173750520792
-0.9922186205106625
-0.9922320045406887
-0.9922449563966416
-0.9922729695885253
-0.9923346829474426
-0.9920014653160134
-0.9921111140510408
-0.9852120496237193
-0.9844865960487139
-0.8907132156933217
-0.8927587936749992
0.3248248164603502
-0.025635083623499737
19.528242573883738
11.599994882253169
-0.407017452748229
-0.6739006075203811
-1.0310011456018033
-1.0225868045791986
-1.002151816494174
-0.9871413523780173
-0.9784243685713381
-0.9738703727731757
-0.9720741963781274
-0.9710218442813849
-0.9707097585931819
-0.9704908566631765
-0.9704410847499351
-0.9703977252447249
-0.9703903112569825
-0.9703819201113615
-0.9703808970040255
-0.970379286875931
-0.9703791599780172
-0.9703788503078397
-0.9703788371036831
-0.9703787768037514
-0.9703787758402507
-0.9703787638200998
-0.9703787638015929
-0.970378761322816
-0.9703787613227857
-0.9703787608116035
-0.9703787608094324
-0.9703787608097727
-0.970378760811282
-0.9703787613220851
-0.9703787613208763
-0.9703787638005816
-0.9703787638200032
-0.9703787758412541
-0.9703787768032092
-0.9703788371041385
-0.9703788503092766
-0.9703791599785154
-0.970379286877066
-0.9703808970037384
-0.9703819201125108
-0.9703903112569876
-0.9703977252458591
-0.9704410847496423
-0.9704908566638362
-0.9707097585941724
-0.9710218442824927
-0.9720741963785284
-0.9738703727743871
-0.9784243685736244
-0.9871413523801846
-1.0021518164953487
-1.022586804580112
-1.0310011456017938
-0.6739006075201266
-0.4070174527491512
11.599994882255912
-10.010798838738992
-1.3148751586854748
-3.2121390552008178
-1.2414104192438593
-1.2955228253121691
-0.9641245950806467
-0.9451920790093629
-0.890241722965377
-0.8846511668352172
-0.8752756671484163
-0.8741244832697637
-0.8724687489407673
-0.8722502647997916
-0.8719484291235975
-0.871906839661091
-0.8718501998789444
-0.8718419407856627
-0.8718310088125785
-0.8718292688299627
-0.8718270967499003
-0.8718267077057557
-0.8718262627563558
-0.871826171359311
-0.8718260772721116
-0.8718260550339909
-0.8718260345003461
-0.8718260289914341
-0.8718260244198675
-0.871826023119904
-0.8718260222991159
-0.8718260222994558
-0.871826023118947
-0.8718260244187076
-0.8718260289914348
-0.8718260344986648
-0.871826055033825
-0.8718260772714042
-0.8718261713582816
-0.8718262627566231
-0.8718267077065078
-0.8718270967508821
-0.8718292688313956
-0.8718310088129333
-0.8718419407858541
-0.8718501998785246
-0.8719068396609357
-0.871948429123188
-0.872250264798883
-0.872468748939996
-0.8741244832686179
-0.8752756671472384
-0.884651166834445
-0.8902417229647903
-0.9451920790077861
-0.9641245950804034
-1.29552282531174
-1.241410419243456
-3.2121390552013525
-1.3148751586853642
-10.010798838741163
-66.80750893929184
-4.5465560249690355
-7.419061912047177
-1.606255818708937
-1.0272905739380382
-0.43766987574374977
-0.24430665149878683
-0.1746568360033514
-0.13272717052829036
-0.1228643187227548
-0.11470995847449218
-0.1130600738527181
-0.11152076812664419
-0.11120845865675252
-0.1109170237135785
-0.11085296116160603
-0.11079670090207175
-0.11078287634568221
-0.11077170730337645
-0.11076862174545046
-0.11076633303367112
-0.11076562745221608
-0.11076514315453198
-0.11076497878588012
-0.11076487315562919
-0.11076483432729588
-0.11076481070645149
-0.11076480154461618
-0.11076479640320781
-0.11076479470535529
-0.1107647947058408
-0.1107647964039305
-0.11076480154559278
-0.11076481070636499
-0.11076483432773396
-0.11076487315511578
-0.11076497878587732
-0.11076514315382882
-0.11076562745272112
-0.11076633303112637
-0.11076862174554812
-0.11077170730217661
-0.11078287634538084
-0.11079670090273305
-0.11085296116029739
-0.11091702371447698
-0.11120845865642606
-0.11152076812736408
-0.1130600738511367
-0.11470995847408375
-0.12286431872083517
-0.13272717052816524
-0.17465683600363835
-0.2443066514962608
-0.43766987574519867
-1.027290573937052
-1.6062558187079927
-7.419061912047468
-4.546556024969865
-66.80750893928895
-577.7638639875006
0.20066086782493864
-15.5884394153357
24.171023350722905
23.449223022992015
27.31118340435558
27.379299429223725
27.826132870939382
27.860516191911227
27.9200138518874
27.9289048982329
27.937840379440395
27.93982696707032
27.9413115016595
27.94173645000539
27.94200418623319
27.94209454278886
27.942146092028104
27.942165501338057
27.942175954149704
27.94218019437701
27.94218240298199
27.942183346870507
27.942183829121774
27.942184043093718
27.94218415115404
27.942184200342716
27.94218422479728
27.942184235693677
27.942184240112198
27.942184240098808
27.94218423569278
27.942184224810134
27.94218420031802
27.942184151164078
27.9421840430814
27.942183829148927
27.942183346850836
27.942182402987292
27.942180194370003
27.942175954143252
27.94216550134582
27.942146092024586
27.942094542810864
27.9420041862032
27.941736450029882
27.94131150164597
27.93982696708739
27.937840379416173
27.928904898262537
27.920013851861455
27.860516191931673
27.8261328709128
27.379299429234223
27.31118340435902
23.449223023003753
24.17102335070805
-15.588439415325604
0.20066086781658768
-577.763863987496