-134.3742640886711
3.0644696817898893
0.1312818121401519
10.668162080384434
11.156673442508069
12.568830015594303
12.829640878567618
13.095854593527656
13.18154989625598
13.243739903550338
13.26957070995927
13.28598603285048
13.29366006637532
13.298210283919797
13.300337014173484
13.30130451356547
13.30130451356455
13.30033701417678
13.298210283918511
13.293660066376358
13.285986032847863
13.269570709961005
13.243739903548324
13.181549896255262
13.095854593526093
12.829640878566963
12.568830015597637
11.15667344250678
10.668162080386555
0.1312818121391175
3.0644696817942236
-134.37426408867378
-9.103944295736897
-2.8381652238859845
-2.147435746750926
-1.0473992789325308
-0.3203134107890916
-0.08393954156950063
0.14178576976844287
0.20538722514741659
0.26717625730828964
0.28613594318047997
0.3030773661376265
0.30892293120346187
0.31368088236809766
0.31546255012523094
0.3167379073224268
0.3171353633509496
0.31713536335109627
0.3167379073223603
0.31546255012543284
0.3136808823680385
0.30892293120376296
0.3030773661376054
0.28613594318059515
0.2671762573081892
0.20538722514729818
0.14178576976819768
-0.08393954156963318
-0.32031341078897396
-1.0473992789323607
-2.1474357467510417
-2.8381652238861843
-9.103944295736767
1.2562536705217946
-0.8072083453871707
-1.33709571502177
-0.9739058309634836
-0.9885535034984787
-0.8340806181568552
-0.8144402086992915
-0.764907685588111
-0.755196558266739
-0.7401029425590665
-0.7364636053881404
-0.7319094928735459
-0.7306621581272127
-0.7293116362935527
-0.7289341898837784
-0.7286382967635086
-0.7286382967634806
-0.7289341898837567
-0.7293116362934491
-0.7306621581271806
-0.7319094928735022
-0.7364636053882618
-0.7401029425591683
-0.7551965582666924
-0.7649076855882151
-0.8144402086993975
-0.8340806181569216
-0.9885535034982316
-0.9739058309632309
-1.337095715022035
-0.8072083453873007
1.256253670522239
7.311523752153139
-0.36713018911133466
-0.3739102694582782
-0.881359110820396
-0.8894849947736649
-0.9407639286170144
-0.9316544831876133
-0.9370336470025247
-0.9311931151585184
-0.931386062283379
-0.9289433165402334
-0.9287446800186807
-0.9278622980886502
-0.9277543787079374
-0.9274797730738995
-0.927450507338723
-0.9274505073387316
-0.9274797730739733
-0.927754378707867
-0.9278622980886626
-0.9287446800186122
-0.9289433165404304
-0.9313860622835444
-0.9311931151584761
-0.9370336470024558
-0.9316544831876761
-0.9407639286170646
-0.889484994773533
-0.8813591108202219
-0.37391026945841366
-0.36713018911152345
7.3115237521536125
9.462267142328127
-0.1082167731957418
-0.01787753834831723
-0.7537290169811337
-0.8319417422244525
-0.9242247323195983
-0.9508287290854829
-0.9652189447262007
-0.9722387759219004
-0.9746163256264111
-0.9763973013321677
-0.976753066797664
-0.9772136015801121
-0.9772457726468698
-0.9773620148556474
-0.9773596513815368
-0.9773596513815579
-0.9773620148556962
-0.9772457726468473
-0.9772136015800703
-0.9767530667977156
-0.9763973013321785
-0.9746163256264362
-0.972238775921965
-0.9652189447262256
-0.9508287290854562
-0.9242247323195061
-0.8319417422243147
-0.7537290169810191
-0.017877538348441704
-0.10821677319579694
9.462267142328212
10.565887027488364
0.0014447279473382597
0.18227107662474684
-0.6956185034602456
-0.7829971482763352
-0.9108574134614092
-0.9449684927234111
-0.970617850090308
-0.9803629370034916
-0.9865168444985324
-0.9891203904760268
-0.9907477431542968
-0.9914346781948175
-0.9918829430353988
-0.9920541453797294
-0.992149084778978
-0.9921490847790249
-0.9920541453797684
-0.9918829430354494
-0.991434678194725
-0.990747743154344
-0.9891203904759927
-0.9865168444986241
-0.9803629370035825
-0.970617850090287
-0.9449684927233617
-0.9108574134613285
-0.7829971482763771
-0.6956185034602498
0.18227107662460634
0.0014447279473453443
10.565887027488436
11.071915155367861
0.059030072821323276
0.2757114233132809
-0.6610307718168127
-0.7583998955852636
-0.8991324405633361
-0.9401177878818294
-0.9694157378950404
-0.9820717375539485
-0.9893338371943095
-0.9930297132564483
-0.9949873907680375
-0.9960629679835349
-0.9966034631349521
-0.996897732414384
-0.997011320760589
-0.9970113207605571
-0.9968977324144801
-0.9966034631348837
-0.9960629679835604
-0.9949873907679838
-0.9930297132564536
-0.9893338371942809
-0.9820717375539649
-0.9694157378951374
-0.9401177878817712
-0.8991324405633567
-0.7583998955852623
-0.6610307718168761
0.27571142331332626
0.059030072821207966
11.071915155368032
11.330090605637569
0.08718486018492697
0.3250907316481919
-0.6436711246792005
-0.744045489130953
-0.8926726465840615
-0.9361684768993861
-0.9680868790768965
-0.9817989939061
-0.9900145372354373
-0.9940859028361657
-0.9963927214674198
-0.9975897616541403
-0.99825282043815
-0.9985812631574991
-0.9987247569831618
-0.9987247569831266
-0.9985812631575798
-0.9982528204381139
-0.997589761654169
-0.9963927214672319
-0.994085902836138
-0.9900145372354133
-0.9817989939061071
-0.9680868790768811
-0.9361684768993275
-0.8926726465841055
-0.7440454891309769
-0.643671124679124
0.3250907316481408
0.08718486018486347
11.330090605637785
11.45832990711498
0.10187148181389802
0.34997013798341203
-0.6341989641810034
-0.7365646052239723
-0.8887926452025292
-0.9338887503999675
-0.9669463896121754
-0.9813903997751927
-0.9900026989471801
-0.9943689136752857
-0.9968129364537113
-0.9981215758309495
-0.9988291876037206
-0.9991945605964597
-0.999348192260366
-0.9993481922603593
-0.9991945605964123
-0.9988291876037914
-0.9981215758308699
-0.996812936453773
-0.9943689136752029
-0.9900026989472512
-0.9813903997752079
-0.9669463896121551
-0.933888750400014
-0.8887926452024688
-0.7365646052240713
-0.6341989641808238
0.3499701379832597
0.10187148181384661
11.458329907115209
11.524539508661697
0.10940436174490059
0.36306336020853247
-0.6292622371160634
-0.7324606328426146
-0.8866868609954748
-0.932512732723447
-0.9662474728013278
-0.9810247576660103
-0.9898945005081146
-0.9943922173576728
-0.9969354254620263
-0.9982919365071989
-0.9990359250263647
-0.9994163836452544
-0.9995791227510791
-0.9995791227509976
-0.9994163836452802
-0.9990359250262776
-0.9982919365072732
-0.9969354254620868
-0.9943922173576512
-0.9898945005081019
-0.9810247576660079
-0.9662474728013484
-0.9325127327235013
-0.8866868609953547
-0.7324606328426924
-0.6292622371161096
0.36306336020844165
0.10940436174484335
11.524539508661812
11.55856031356491
0.11336260960615638
0.3698680183560824
-0.626611158286414
-0.7302840116080589
-0.8855083986040662
-0.9317483901694918
-0.9658153193036786
-0.9807899680729546
-0.9897840747460769
-0.9943648154959777
-0.9969549928070918
-0.9983442729711037
-0.9991050151161314
-0.9994966680957
-0.9996634985135362
-0.9996634985135786
-0.9994966680957257
-0.9991050151160299
-0.9983442729712566
-0.9969549928069045
-0.994364815496158
-0.9897840747460418
-0.9807899680729342
-0.9658153193035
-0.9317483901696629
-0.8855083986041157
-0.7302840116082863
-0.6266111582861239
0.3698680183560491
0.11336260960612472
11.55856031356485
11.57632284659341
0.11543508034857822
0.3734652221908733
-0.6252077449439912
-0.7291077816549253
-0.88487023865671
-0.9313170340251202
-0.9655687817128255
-0.9806422256920585
-0.9897085603898521
-0.9943306679279518
-0.9969496507340291
-0.9983550797397346
-0.999126739010519
-0.999523827832995
-0.9996934491489278
-0.9996934491488836
-0.9995238278328982
-0.9991267390106111
-0.9983550797397767
-0.9969496507342277
-0.9943306679279882
-0.989708560389824
-0.9806422256920595
-0.9655687817127914
-0.9313170340252915
-0.8848702386565278
-0.7291077816548915
-0.6252077449439197
0.3734652221906998
0.11543508034864128
11.576322846593634
11.585578855396403
0.11652860772670895
0.3753564630157774
-0.6244580249528922
-0.7284810710808831
-0.8845218196939812
-0.9310811909714403
-0.9654280186099364
-0.9805564613011711
-0.9896598267157319
-0.9943057317426036
-0.9969394230985811
-0.9983545310502877
-0.999131729008827
-0.9995322077855247
-0.9997032362974186
-0.9997032362973868
-0.9995322077854829
-0.9991317290089465
-0.9983545310502424
-0.9969394230986925
-0.9943057317426532
-0.9896598267157783
-0.9805564613010438
-0.9654280186097295
-0.9310811909715875
-0.8845218196939801
-0.728481071080861
-0.624458024952727
0.37535646301557013
0.1165286077265936
11.585578855396495
11.590386400371116
0.11709919941645529
0.376347205175836
-0.6240638779929343
-0.728148496279573
-0.8843361340049101
-0.9309531202446241
-0.9653509227520258
-0.9805076098954146
-0.9896312650685504
-0.9942894038587546
-0.9969313812248475
-0.9983514607566037
-0.9991318754093763
-0.9995340913629575
-0.9997059556087111
-0.9997059556087724
-0.9995340913628928
-0.9991318754092963
-0.9983514607566425
-0.9969313812248712
-0.9942894038587715
-0.9896312650683756
-0.9805076098952857
-0.9653509227520299
-0.9309531202447126
-0.8843361340046769
-0.728148496279434
-0.6240638779928366
0.3763472051759002
0.117099199416805
11.5903864003703
11.592780829263383
0.11738548783812178
0.3768436596985036
-0.6238647162186441
-0.72798048672071
-0.8842412017190238
-0.9308874987004484
-0.9653106302933385
-0.9804818570430425
-0.9896155931595185
-0.9942801364292633
-0.9969262310906196
-0.9983489677161053
-0.999130979815801
-0.99953414260154
-0.9997064214970731
-0.9997064214971241
-0.9995341426014486
-0.9991309798158581
-0.9983489677161276
-0.9969262310904816
-0.9942801364292715
-0.9896155931595532
-0.980481857042903
-0.9653106302931833
-0.9308874987005598
-0.8842412017190358
-0.727980486720704
-0.6238647162185496
0.376843659698677
0.11738548783831315
11.592780829263562
11.593772369945432
0.11750436034183401
0.3770501592240384
-0.6237817190389865
-0.7279101728193638
-0.8842013954461765
-0.930859752624416
-0.9652935392103952
-0.9804707563085562
-0.9896087777982584
-0.9942759597806554
-0.996923828102984
-0.9983476585437783
-0.9991303687957367
-0.9995339208134204
-0.9997063828310149
-0.9997063828310915
-0.9995339208133123
-0.9991303687958044
-0.9983476585437652
-0.9969238281030068
-0.994275959780715
-0.9896087777982163
-0.9804707563084352
-0.9652935392102583
-0.9308597526247921
-0.8842013954460014
-0.727910172819437
-0.6237817190387374
0.3770501592239093
0.1175043603418186
11.593772369945231
11.593772369945242
0.11750436034207654
0.37705015922432783
-0.6237817190389359
-0.7279101728193222
-0.8842013954461806
-0.9308597526243361
-0.9652935392103581
-0.9804707563084967
-0.9896087777982677
-0.9942759597805149
-0.9969238281029347
-0.9983476585437144
-0.9991303687957585
-0.9995339208133314
-0.9997063828310184
-0.9997063828309904
-0.9995339208132388
-0.9991303687956922
-0.9983476585437026
-0.9969238281030623
-0.9942759597805699
-0.9896087777981926
-0.9804707563084453
-0.9652935392103343
-0.9308597526246567
-0.884201395445981
-0.7279101728193726
-0.6237817190388526
0.37705015922387064
0.11750436034190262
11.593772369944881
11.592780829262608
0.11738548783876468
0.3768436596987036
-0.623864716218592
-0.7279804867205851
-0.8842412017189998
-0.9308874987003675
-0.9653106302933749
-0.9804818570430849
-0.9896155931595473
-0.9942801364291951
-0.9969262310905909
-0.9983489677161692
-0.9991309798157901
-0.9995341426015757
-0.9997064214970568
-0.9997064214970522
-0.9995341426015336
-0.9991309798158726
-0.9983489677161982
-0.9969262310906342
-0.9942801364293445
-0.9896155931596364
-0.9804818570429257
-0.9653106302934054
-0.9308874987005711
-0.8842412017191688
-0.7279804867207493
-0.6238647162186259
0.3768436596984287
0.11738548783874964
11.592780829262933
11.590386400371205
0.11709919941616385
0.3763472051759663
-0.6240638779929608
-0.7281484962793674
-0.8843361340048328
-0.9309531202445888
-0.9653509227520356
-0.9805076098954577
-0.9896312650685375
-0.9942894038588087
-0.9969313812248115
-0.9983514607566036
-0.9991318754092768
-0.9995340913629539
-0.9997059556087254
-0.9997059556087766
-0.9995340913628135
-0.9991318754093548
-0.9983514607565577
-0.9969313812249928
-0.9942894038588365
-0.9896312650684898
-0.9805076098954459
-0.9653509227521111
-0.9309531202447854
-0.8843361340047471
-0.7281484962794507
-0.6240638779928411
0.3763472051759434
0.1170991994160818
11.590386400370967
11.585578855396225
0.1165286077267354
0.3753564630156192
-0.6244580249529419
-0.7284810710808531
-0.884521819693953
-0.931081190971459
-0.9654280186099633
-0.980556461301167
-0.9896598267156244
-0.9943057317425577
-0.9969394230986709
-0.9983545310502828
-0.9991317290089436
-0.9995322077855324
-0.9997032362975313
-0.9997032362973559
-0.9995322077855029
-0.9991317290088191
-0.9983545310502262
-0.9969394230985686
-0.9943057317426534
-0.989659826715803
-0.9805564613011926
-0.9654280186095757
-0.9310811909717596
-0.8845218196940331
-0.7284810710809488
-0.6244580249526261
0.37535646301541414
0.11652860772684952
11.585578855395976
11.576322846592431
0.11543508034858913
0.37346522219098327
-0.6252077449439906
-0.7291077816549687
-0.8848702386567344
-0.9313170340250772
-0.9655687817127778
-0.980642225691934
-0.9897085603898961
-0.99433066792795
-0.9969496507340871
-0.9983550797397669
-0.9991267390106928
-0.9995238278330658
-0.999693449148966
-0.9996934491488627
-0.9995238278330032
-0.9991267390105638
-0.9983550797399361
-0.996949650734188
-0.9943306679279877
-0.9897085603898697
-0.9806422256919091
-0.9655687817129497
-0.9313170340251486
-0.8848702386563059
-0.7291077816548697
-0.6252077449441318
0.37346522219078415
0.11543508034867397
11.576322846592284
11.558560313565561
0.11336260960597724
0.36986801835589145
-0.6266111582864725
-0.730284011608081
-0.8855083986040796
-0.9317483901694041
-0.9658153193036789
-0.9807899680728696
-0.9897840747459836
-0.994364815496001
-0.9969549928070176
-0.9983442729711589
-0.9991050151161072
-0.9994966680956487
-0.9996634985135386
-0.9996634985135266
-0.9994966680956342
-0.999105015116102
-0.9983442729711369
-0.9969549928068858
-0.9943648154960464
-0.9897840747460274
-0.9807899680728873
-0.9658153193035761
-0.9317483901694334
-0.8855083986041293
-0.7302840116082232
-0.6266111582863296
0.3698680183559767
0.11336260960600736
11.558560313565522
11.524539508661771
0.10940436174432214
0.3630633602086265
-0.6292622371159912
-0.7324606328425891
-0.8866868609954306
-0.9325127327234232
-0.9662474728012915
-0.9810247576660105
-0.9898945005081825
-0.9943922173577109
-0.9969354254621532
-0.9982919365071936
-0.9990359250263998
-0.9994163836451964
-0.999579122751032
-0.9995791227510278
-0.9994163836454028
-0.9990359250263645
-0.9982919365072396
-0.9969354254621434
-0.9943922173575932
-0.9898945005080544
-0.9810247576659621
-0.9662474728013306
-0.9325127327234578
-0.886686860995334
-0.7324606328426932
-0.6292622371159993
0.36306336020848184
0.10940436174453329
11.52453950866202
11.458329907113908
0.10187148181436861
0.3499701379833503
-0.6341989641809411
-0.7365646052238521
-0.8887926452025441
-0.9338887503998976
-0.9669463896121939
-0.9813903997751355
-0.9900026989471602
-0.9943689136751387
-0.9968129364537321
-0.998121575830943
-0.998829187603814
-0.999194560596439
-0.9993481922604048
-0.999348192260301
-0.9991945605965029
-0.9988291876037112
-0.9981215758310987
-0.996812936453775
-0.9943689136753269
-0.9900026989472346
-0.9813903997750894
-0.9669463896121853
-0.9338887503998792
-0.8887926452025775
-0.7365646052240508
-0.6341989641808217
0.3499701379828858
0.10187148181432971
11.458329907113434
11.330090605636954
0.08718486018471866
0.3250907316484369
-0.643671124679225
-0.7440454891310402
-0.892672646584139
-0.9361684768994242
-0.9680868790769191
-0.9817989939060329
-0.9900145372354054
-0.9940859028362066
-0.9963927214674076
-0.9975897616541081
-0.9982528204380973
-0.998581263157486
-0.9987247569830888
-0.9987247569831236
-0.9985812631575557
-0.9982528204382068
-0.9975897616541469
-0.99639272146734
-0.9940859028361464
-0.99001453723553
-0.9817989939059764
-0.9680868790768669
-0.9361684768993628
-0.8926726465841011
-0.7440454891310173
-0.6436711246793656
0.325090731648274
0.08718486018446228
11.33009060563767
11.071915155368472
0.05903007282124146
0.2757114233133148
-0.6610307718167752
-0.7583998955852437
-0.8991324405633756
-0.9401177878818967
-0.969415737895025
-0.98207173755406
-0.9893338371943752
-0.9930297132565956
-0.9949873907680546
-0.99606296798344
-0.9966034631349381
-0.9968977324143755
-0.9970113207604723
-0.9970113207605196
-0.9968977324144304
-0.99660346313498
-0.9960629679835111
-0.9949873907679994
-0.9930297132563817
-0.9893338371941525
-0.9820717375540868
-0.9694157378951545
-0.9401177878819118
-0.8991324405632412
-0.7583998955852079
-0.6610307718167387
0.27571142331360077
0.05903007282109097
11.07191515536886
10.565887027487602
0.0014447279476066785
0.18227107662452333
-0.6956185034604765
-0.7829971482764264
-0.9108574134614473
-0.9449684927234853
-0.9706178500905496
-0.9803629370035882
-0.9865168444984854
-0.9891203904760035
-0.9907477431543223
-0.9914346781948118
-0.9918829430353833
-0.9920541453797085
-0.9921490847791216
-0.9921490847790138
-0.9920541453799014
-0.9918829430354515
-0.9914346781947319
-0.9907477431541982
-0.98912039047611
-0.9865168444987626
-0.9803629370037854
-0.9706178500904213
-0.9449684927234474
-0.910857413461609
-0.7829971482766369
-0.6956185034602045
0.18227107662452702
0.0014447279476452629
10.56588702748805
9.462267142327043
-0.10821677319551576
-0.017877538348388733
-0.7537290169811097
-0.831941742224438
-0.9242247323195215
-0.9508287290853903
-0.9652189447260011
-0.9722387759218849
-0.9746163256264286
-0.9763973013320253
-0.9767530667975242
-0.9772136015800266
-0.9772457726468754
-0.9773620148555962
-0.9773596513814338
-0.977359651381488
-0.9773620148555283
-0.9772457726465777
-0.9772136015801764
-0.9767530667976112
-0.9763973013319887
-0.9746163256263161
-0.972238775921809
-0.9652189447261821
-0.9508287290852466
-0.9242247323193649
-0.8319417422243289
-0.753729016981089
-0.017877538348278516
-0.1082167731956159
9.462267142326915
7.3115237521554155
-0.36713018911231454
-0.3739102694580628
-0.8813591108203946
-0.8894849947738048
-0.9407639286170737
-0.9316544831876561
-0.9370336470026697
-0.9311931151587185
-0.9313860622834906
-0.9289433165401252
-0.9287446800189416
-0.927862298088671
-0.927754378708104
-0.9274797730739287
-0.92745050733892
-0.9274505073389971
-0.9274797730740689
-0.9277543787081828
-0.9278622980887489
-0.9287446800186735
-0.9289433165401219
-0.9313860622836196
-0.9311931151587209
-0.9370336470024698
-0.9316544831875431
-0.9407639286172551
-0.889484994773825
-0.8813591108203045
-0.3739102694581488
-0.36713018911200157
7.311523752155626
1.25625367052237
-0.8072083453870216
-1.3370957150219485
-0.9739058309632933
-0.9885535034982967
-0.834080618156694
-0.8144402086990471
-0.7649076855879238
-0.7551965582667579
-0.7401029425591177
-0.7364636053881031
-0.7319094928734045
-0.7306621581269838
-0.7293116362934084
-0.728934189883583
-0.72863829676337
-0.7286382967633784
-0.7289341898837197
-0.7293116362933149
-0.7306621581273912
-0.7319094928734213
-0.7364636053881338
-0.7401029425589265
-0.7551965582666882
-0.7649076855879544
-0.8144402086989131
-0.8340806181566961
-0.9885535034981837
-0.9739058309633539
-1.3370957150216674
-0.8072083453864158
1.2562536705220242
-9.103944295736387
-2.8381652238862403
-2.1474357467511243
-1.04739927893277
-0.3203134107891389
-0.08393954156965629
0.14178576976827964
0.2053872251471175
0.26717625730842004
0.28613594318061064
0.3030773661375541
0.30892293120337155
0.313680882367931
0.3154625501253322
0.3167379073224673
0.31713536335105685
0.3171353633506774
0.3167379073222706
0.3154625501253629
0.31368088236822816
0.30892293120333386
0.30307736613736713
0.28613594318047664
0.2671762573083656
0.20538722514756536
0.14178576976806062
-0.0839395415694805
-0.32031341078893305
-1.0473992789325899
-2.1474357467510052
-2.838165223886324
-9.103944295736376
-134.37426408866995
3.0644696817899826
0.13128181214003865
10.668162080384395
11.15667344250836
12.568830015594308
12.829640878567716
13.095854593527566
13.181549896256147
13.243739903550729
13.269570709958888
13.28598603285051
13.293660066375047
13.298210283919754
13.300337014173815
13.301304513565261
13.301304513564915
13.300337014176833
13.298210283918742
13.29366006637677
13.285986032847518
13.269570709960846
13.243739903548317
13.18154989625502
13.095854593526376
12.829640878567005
12.568830015597342
11.156673442507364
10.668162080386985
0.13128181213899298
3.0644696817935846
-134.3742640886756