-80.1149479626043
0.8813672322211685
1.6658404412992147
8.58615580577614
9.749579484649121
10.87607715792667
11.269436534334048
11.518994425360102
11.633268788238544
11.697317363562966
11.729644706922397
11.74691100551373
11.7554631775347
11.759047672823474
11.759047672822424
11.755463177534843
11.746911005513287
11.729644706922562
11.697317363562899
11.633268788238485
11.518994425360443
11.269436534334844
10.876077157926069
9.749579484651491
8.586155805774592
1.6658404413003012
0.8813672322190785
-80.11494796260382
-17.41506819531738
-1.1395984591606387
-2.328528687557871
-0.6241931127476459
-0.48201295691725843
-0.18591215897903218
-0.09278635536601287
-0.021470003747968668
0.011397567198104235
0.03132809713139903
0.041663752751346414
0.047424438201272644
0.05034246449522794
0.051590626896977694
0.05159062689693705
0.05034246449522933
0.04742443820124629
0.0416637527513196
0.03132809713136586
0.0113975671981301
-0.021470003748147462
-0.09278635536585977
-0.18591215897905172
-0.4820129569171686
-0.6241931127477195
-2.3285286875578253
-1.139598459161249
-17.41506819531765
-0.8863704768764753
-0.4888126069174591
-1.0938281876671652
-0.8787928972829216
-0.9288158438438792
-0.8844303595280152
-0.8776131205581106
-0.8650466012063833
-0.8595214169152608
-0.8553236661249191
-0.8530463522740763
-0.8516431110101275
-0.8509016896490733
-0.8505702526653309
-0.850570252665275
-0.8509016896490451
-0.8516431110101412
-0.8530463522741549
-0.8553236661248562
-0.8595214169152636
-0.8650466012063631
-0.8776131205581352
-0.8844303595280496
-0.9288158438437945
-0.8787928972828802
-1.0938281876669735
-0.4888126069174577
-0.8863704768765096
5.180765104170736
-0.16948676504555354
-0.3788151955690288
-0.7701159305919607
-0.8661361056284245
-0.9257686999903059
-0.9507634147291092
-0.9631080998900674
-0.9690319140040375
-0.9718394979344955
-0.9732091412634848
-0.9738485933705636
-0.974145646667534
-0.9742593931356389
-0.9742593931355497
-0.974145646667554
-0.9738485933705219
-0.973209141263603
-0.971839497934364
-0.9690319140040867
-0.9631080998900097
-0.9507634147291733
-0.9257686999901802
-0.8661361056283654
-0.7701159305918707
-0.37881519556900933
-0.16948676504532587
5.18076510417078
7.68353108353068
-0.019487454882141837
-0.035610546203549295
-0.6944550964446863
-0.8036590042321632
-0.9102571012966332
-0.9482561142771888
-0.9719371825570409
-0.9829351658526533
-0.9889989104195436
-0.9920682054093558
-0.9936854484695876
-0.9944840963452386
-0.9948158445600928
-0.9948158445601265
-0.9944840963452318
-0.9936854484695623
-0.9920682054093237
-0.9889989104195334
-0.9829351658526787
-0.9719371825570631
-0.9482561142771657
-0.9102571012965563
-0.8036590042320787
-0.694455096444643
-0.035610546203567045
-0.019487454882167177
7.683531083530561
8.776580520505206
0.05195602822287844
0.12605337415347823
-0.6547403495547399
-0.7685917371468503
-0.897208122754571
-0.9409619054773632
-0.9700178467746412
-0.9833707934283877
-0.9909973333922522
-0.9948803684366199
-0.9969747308328312
-0.9980189894834781
-0.9984585492673897
-0.9984585492674856
-0.9980189894834268
-0.9969747308328741
-0.9948803684364782
-0.9909973333923808
-0.9833707934283671
-0.9700178467747476
-0.9409619054771876
-0.8972081227546342
-0.7685917371467508
-0.6547403495546864
0.12605337415355566
0.051956028222526596
8.776580520505124
9.26965288398858
0.08623228481991865
0.20246754780905407
-0.6349371301827271
-0.750716102355536
-0.8898264597916429
-0.9362577900522637
-0.9679162380737286
-0.9823973342538386
-0.9907898540919158
-0.9950711419818588
-0.997402287518463
-0.9985686684870522
-0.9990622379472922
-0.9990622379472741
-0.9985686684870195
-0.9974022875184693
-0.9950711419818851
-0.9907898540920439
-0.9823973342537653
-0.9679162380737516
-0.9362577900521225
-0.8898264597917335
-0.7507161023555238
-0.6349371301827335
0.2024675478090502
0.08623228481985132
9.269652883988684
9.496732741600773
0.10274986538013552
0.23882959414199323
-0.625186346379335
-0.7418434637752549
-0.8859967025999046
-0.9337086432189171
-0.9666391766931675
-0.9816704994746835
-0.9904424286917217
-0.9949212013753388
-0.9973710179258153
-0.9985987390919104
-0.9991195996163482
-0.999119599616253
-0.9985987390919686
-0.9973710179257606
-0.9949212013755169
-0.9904424286916609
-0.9816704994746706
-0.9666391766931134
-0.9337086432189308
-0.885996702599848
-0.7418434637752906
-0.6251863463793859
0.23882959414180177
0.1027498653804857
9.496732741600955
9.602833714451432
0.11073829354115583
0.25624388185816166
-0.6203996826285582
-0.7374753087818804
-0.8840643883117714
-0.9323976427027009
-0.965952472086509
-0.9812545723217652
-0.9902151834907369
-0.994792471275159
-0.997301977013395
-0.9985606372869503
-0.9990953298642443
-0.9990953298642524
-0.9985606372870182
-0.997301977013388
-0.9947924712752277
-0.9902151834906548
-0.9812545723217392
-0.9659524720865158
-0.9323976427027773
-0.8840643883116458
-0.7374753087819579
-0.6203996826286171
0.2562438818579562
0.11073829354136139
9.602833714451451
9.652928907426118
0.11461327658588953
0.2646277445139516
-0.6180509317816638
-0.7353299710286156
-0.88309988576157
-0.9317367594144406
-0.9655984651396771
-0.9810343408425701
-0.9900888383801835
-0.9947153474371839
-0.9972548667776628
-0.9985291323074144
-0.9990708286781723
-0.9990708286782615
-0.9985291323073995
-0.9972548667776777
-0.9947153474371881
-0.9900888383801145
-0.9810343408426161
-0.9655984651396348
-0.9317367594144568
-0.8830998857615344
-0.735329971028664
-0.61805093178165
0.2646277445139534
0.11461327658555509
9.652928907426208
9.676739888667502
0.11649535245676707
0.26867614741618484
-0.6168995116228888
-0.7342780993882791
-0.8826213608174043
-0.9314069597236994
-0.9654194260941853
-0.9809214010578965
-0.9900225183802127
-0.9946735745783009
-0.9972281356217438
-0.998510245880811
-0.9990554737832621
-0.9990554737833638
-0.9985102458807187
-0.9972281356217441
-0.9946735745783123
-0.9900225183801752
-0.9809214010579672
-0.9654194260941082
-0.9314069597236356
-0.8826213608175462
-0.7342780993882928
-0.6168995116229568
0.26867614741623513
0.11649535245631643
9.67673988866771
9.688047050545782
0.11740473501553084
0.27062347693720723
-0.6163389596702165
-0.7337660561917307
-0.8823863045511688
-0.9312443491611773
-0.9653303549628292
-0.9808647515074964
-0.9899888147496301
-0.9946520021591461
-0.9972140245396226
-0.9985000369878844
-0.9990470256843593
-0.9990470256844126
-0.9985000369878637
-0.9972140245396613
-0.9946520021591732
-0.9899888147495886
-0.9808647515074618
-0.9653303549627754
-0.9312443491612679
-0.8823863045512406
-0.7337660561917966
-0.61633895967031
0.2706234769372134
0.11740473501539665
9.688047050546011
9.693265297488855
0.1178300641078682
0.2715312201903792
-0.616075241665391
-0.733525192450404
-0.8822749839363688
-0.9311671440942357
-0.9652878021428009
-0.9808375479920064
-0.9899725001646392
-0.994641464170829
-0.9972070490901415
-0.9984949290079825
-0.9990427618052644
-0.9990427618052353
-0.9984949290080196
-0.9972070490902275
-0.9946414641707415
-0.9899725001646424
-0.9808375479919123
-0.9652878021428022
-0.9311671440944307
-0.8822749839364168
-0.7335251924504755
-0.6160752416654393
0.27153122019040765
0.11783006410779748
9.693265297488953
9.695309442421978
0.11799815365481649
0.27188918867777
-0.6159706152230409
-0.7334296429092366
-0.8822306296080598
-0.931136335558788
-0.9652707559910103
-0.9808266177862562
-0.9899659148744869
-0.9946371893127344
-0.9972042015449061
-0.9984928308344352
-0.9990410027122857
-0.9990410027122946
-0.9984928308344341
-0.9972042015449676
-0.9946371893126431
-0.9899659148745924
-0.9808266177861815
-0.9652707559909562
-0.9311363355589355
-0.8822306296080036
-0.7334296429093016
-0.6159706152230524
0.2718891886778667
0.1179981536547319
9.695309442422086
9.695309442421898
0.11799815365473083
0.2718891886778333
-0.6159706152230522
-0.7334296429092394
-0.8822306296080045
-0.9311363355587651
-0.9652707559909184
-0.9808266177861984
-0.989965914874483
-0.9946371893127508
-0.9972042015449119
-0.99849283083446
-0.9990410027122552
-0.9990410027122609
-0.9984928308343497
-0.9972042015449625
-0.9946371893126857
-0.9899659148745578
-0.980826617786117
-0.965270755990949
-0.9311363355588402
-0.882230629608025
-0.7334296429092244
-0.615970615223051
0.27188918867796086
0.11799815365492614
9.695309442422037
9.693265297488896
0.11783006410783847
0.2715312201904321
-0.6160752416655415
-0.7335251924504811
-0.882274983936417
-0.9311671440942083
-0.9652878021427616
-0.9808375479918818
-0.9899725001646289
-0.9946414641707522
-0.9972070490901561
-0.9984949290080265
-0.9990427618052147
-0.999042761805218
-0.9984949290079681
-0.9972070490901577
-0.9946414641707704
-0.9899725001645772
-0.9808375479919595
-0.9652878021427398
-0.931167144094325
-0.8822749839363663
-0.7335251924504784
-0.6160752416654578
0.2715312201905543
0.11783006410815643
9.693265297488974
9.68804705054581
0.11740473501569723
0.27062347693702726
-0.6163389596705169
-0.7337660561918609
-0.8823863045512154
-0.9312443491611477
-0.9653303549628849
-0.9808647515074663
-0.9899888147496614
-0.9946520021590946
-0.9972140245397563
-0.998500036987928
-0.9990470256843653
-0.999047025684368
-0.9985000369879453
-0.9972140245396564
-0.9946520021591997
-0.9899888147494675
-0.980864751507664
-0.9653303549628214
-0.9312443491613163
-0.8823863045511123
-0.7337660561917638
-0.6163389596702518
0.2706234769372917
0.11740473501547524
9.688047050545473
9.67673988866807
0.11649535245665961
0.26867614741608553
-0.6168995116229612
-0.734278099388312
-0.8826213608174354
-0.9314069597236531
-0.9654194260941573
-0.9809214010578127
-0.9900225183802129
-0.994673574578296
-0.9972281356217794
-0.9985102458807804
-0.999055473783262
-0.9990554737833159
-0.9985102458807498
-0.9972281356217295
-0.994673574578343
-0.9900225183801298
-0.9809214010579557
-0.965419426094147
-0.9314069597236481
-0.8826213608174034
-0.7342780993881372
-0.6168995116227235
0.26867614741631335
0.11649535245623155
9.676739888667742
9.652928907427007
0.11461327658519474
0.2646277445137893
-0.6180509317815706
-0.7353299710287016
-0.8830998857615646
-0.9317367594145953
-0.9655984651395855
-0.9810343408425866
-0.9900888383802154
-0.9947153474372661
-0.9972548667776103
-0.99852913230742
-0.9990708286781622
-0.9990708286783023
-0.9985291323072617
-0.9972548667776221
-0.9947153474372566
-0.9900888383802722
-0.9810343408424949
-0.9655984651396592
-0.9317367594144419
-0.8830998857616865
-0.7353299710285314
-0.6180509317815084
0.26462774451392357
0.11461327658557363
9.652928907426936
9.602833714451869
0.11073829354062924
0.256243881857929
-0.6203996826285196
-0.7374753087818713
-0.8840643883116933
-0.9323976427027723
-0.9659524720864303
-0.9812545723218471
-0.9902151834907267
-0.9947924712752206
-0.9973019770133013
-0.9985606372870255
-0.9990953298643086
-0.9990953298643622
-0.9985606372868955
-0.997301977013433
-0.9947924712751959
-0.9902151834907044
-0.9812545723217038
-0.9659524720865207
-0.9323976427027165
-0.884064388311702
-0.7374753087819226
-0.620399682628621
0.2562438818578362
0.11073829354154996
9.602833714452085
9.496732741600043
0.10274986538047765
0.23882959414188318
-0.6251863463795402
-0.7418434637752482
-0.885996702599898
-0.9337086432188617
-0.966639176693231
-0.9816704994747139
-0.990442428691677
-0.9949212013753712
-0.9973710179258786
-0.9985987390919862
-0.999119599616304
-0.9991195996162002
-0.998598739092003
-0.9973710179258589
-0.9949212013754056
-0.9904424286915943
-0.9816704994747203
-0.966639176693237
-0.933708643218931
-0.885996702599755
-0.741843463775302
-0.6251863463794274
0.2388295941417984
0.10274986538056938
9.496732741599963
9.269652883988112
0.08623228482051692
0.2024675478093057
-0.6349371301828284
-0.7507161023554547
-0.8898264597916792
-0.9362577900521165
-0.967916238073784
-0.9823973342536999
-0.9907898540918902
-0.9950711419817682
-0.9974022875185649
-0.998568668486991
-0.9990622379472389
-0.9990622379471443
-0.9985686684871165
-0.997402287518421
-0.9950711419817968
-0.9907898540918377
-0.9823973342538352
-0.9679162380737029
-0.9362577900521729
-0.8898264597915713
-0.750716102355437
-0.6349371301826761
0.20246754780917237
0.08623228481968018
9.269652883987995
8.776580520505815
0.05195602822286861
0.12605337415369444
-0.6547403495545764
-0.7685917371467692
-0.8972081227545691
-0.9409619054772755
-0.9700178467746383
-0.9833707934283314
-0.9909973333923396
-0.9948803684365695
-0.9969747308328012
-0.9980189894834055
-0.998458549267478
-0.9984585492675093
-0.998018989483436
-0.9969747308328388
-0.9948803684365548
-0.9909973333923107
-0.9833707934282969
-0.9700178467746293
-0.9409619054772745
-0.8972081227545874
-0.7685917371466999
-0.6547403495546992
0.12605337415372303
0.05195602822245848
8.77658052050581
7.683531083530662
-0.01948745488252302
-0.03561054620344459
-0.6944550964443699
-0.8036590042321061
-0.9102571012965731
-0.9482561142773296
-0.9719371825570626
-0.9829351658528316
-0.9889989104195482
-0.9920682054093947
-0.9936854484694713
-0.9944840963451922
-0.9948158445601729
-0.9948158445602286
-0.9944840963451413
-0.9936854484695761
-0.9920682054094185
-0.9889989104196699
-0.9829351658526446
-0.9719371825570904
-0.9482561142771972
-0.9102571012968251
-0.8036590042322715
-0.6944550964448218
-0.035610546203557344
-0.0194874548822181
7.683531083531008
5.180765104170709
-0.16948676504559096
-0.37881519556874454
-0.7701159305916969
-0.8661361056282667
-0.9257686999901836
-0.9507634147291155
-0.9631080998900403
-0.9690319140039869
-0.9718394979344268
-0.9732091412634856
-0.9738485933705046
-0.9741456466676057
-0.9742593931355947
-0.9742593931356756
-0.9741456466675493
-0.9738485933706311
-0.9732091412635068
-0.9718394979342759
-0.9690319140039925
-0.963108099889872
-0.9507634147290702
-0.9257686999902367
-0.8661361056283615
-0.7701159305921378
-0.3788151955690323
-0.1694867650452821
5.180765104171112
-0.886370476877156
-0.48881260691729644
-1.0938281876670466
-0.8787928972829865
-0.9288158438438823
-0.8844303595281745
-0.8776131205581822
-0.8650466012064928
-0.8595214169152049
-0.8553236661248781
-0.8530463522740677
-0.8516431110101694
-0.8509016896490996
-0.8505702526651877
-0.850570252665181
-0.8509016896490664
-0.8516431110101974
-0.8530463522740297
-0.8553236661248345
-0.8595214169153187
-0.8650466012063698
-0.8776131205582463
-0.88443035952807
-0.9288158438439738
-0.8787928972831159
-1.0938281876671163
-0.48881260691749717
-0.8863704768770422
-17.415068195317517
-1.1395984591604973
-2.328528687557922
-0.6241931127477369
-0.4820129569172234
-0.18591215897916974
-0.09278635536600768
-0.021470003747872446
0.011397567198143376
0.03132809713146769
0.04166375275134624
0.047424438201090206
0.05034246449524041
0.05159062689706825
0.05159062689684084
0.050342464495269704
0.04742443820096918
0.041663752751492256
0.03132809713138557
0.011397567198100016
-0.021470003747923537
-0.0927863553660912
-0.18591215897899044
-0.48201295691720525
-0.6241931127479858
-2.3285286875575615
-1.1395984591608723
-17.41506819531741
-80.11494796260422
0.8813672322208996
1.6658404412991834
8.586155805775984
9.749579484649274
10.876077157926428
11.2694365343341
11.51899442536001
11.633268788238622
11.697317363563016
11.729644706922533
11.746911005513624
11.75546317753479
11.759047672823481
11.759047672822348
11.755463177535008
11.746911005512894
11.729644706922768
11.697317363562982
11.63326878823831
11.518994425360702
11.269436534334528
10.876077157926215
9.749579484651246
8.58615580577424
1.6658404413004118
0.8813672322194821
-80.1149479626038