-1.8133866949785507
0.5346542964704049
0.7180472640677129
0.6460481591437218
0.5639615142279739
0.5163022523418597
0.48816456751366105
0.4724403036267275
0.4635458476058926
0.458515434919211
0.45564733194363877
0.45400449573023993
0.4530625249677245
0.4525290506510604
0.452242384207427
0.4521173724379404
0.4521173724392881
0.4522423842086044
0.45252905065086785
0.4530625249668929
0.4540044957306375
0.4556473319430533
0.45851543491928315
0.4635458476053286
0.4724403036271465
0.4881645675131071
0.5163022523422018
0.5639615142289127
0.6460481591442687
0.7180472640672625
0.5346542964700559
-1.813386694979073
0.03968610818464442
-0.11464217236875185
-0.17235763597517034
-0.20431842430752056
-0.2310476201085675
-0.24755714063436712
-0.2580427912539344
-0.2643245618978947
-0.26807765908771575
-0.2702956418223915
-0.2716047429409869
-0.2723755175122289
-0.2728271814653198
-0.2730873180795873
-0.2732288225318362
-0.2732909962538676
-0.2732909962537583
-0.2732288225317169
-0.2730873180797162
-0.2728271814655101
-0.2723755175118476
-0.271604742940721
-0.27029564182269894
-0.2680776590880079
-0.2643245618975135
-0.2580427912533285
-0.24755714063421494
-0.23104762010934637
-0.20431842430822544
-0.17235763597495024
-0.11464217236789037
0.039686108184485924
0.16716708503114347
-0.05388141742228414
-0.0858098619090634
-0.094250737019813
-0.09945539047155329
-0.10334340270083722
-0.10624449364561969
-0.10824953009772026
-0.10958676363311354
-0.11044978103513475
-0.11099603430872568
-0.11133621830047179
-0.11154467399127004
-0.11166898451772073
-0.11173833914560816
-0.11176929076062425
-0.11176929076064428
-0.11173833914562487
-0.11166898451778123
-0.11154467399129293
-0.11133621830034458
-0.11099603430867555
-0.1104497810352244
-0.10958676363319074
-0.10824953009756078
-0.10624449364536344
-0.10334340270082953
-0.09945539047187274
-0.09425073701996897
-0.08580986190879455
-0.05388141742189046
0.16716708503110939
0.1455923137145964
-0.0345604607550106
-0.049917866550308
-0.047492786971965295
-0.043744158884824746
-0.04200503515924442
-0.04127830473312473
-0.04108413539089591
-0.0410995298729368
-0.04118088345672388
-0.041267536561312615
-0.04133900896650021
-0.04139140170228177
-0.041426673237598466
-0.04144800323603252
-0.04145797937483276
-0.041457979374804055
-0.041448003235993146
-0.041426673237764944
-0.04139140170242704
-0.04133900896652393
-0.041267536561019454
-0.041180883456696904
-0.04109952987300631
-0.04108413539086543
-0.041278304732997206
-0.042005035159151854
-0.04374415888493264
-0.04749278697213401
-0.049917866550463354
-0.03456046075491616
0.14559231371462725
0.13022676541107434
-0.02947696426485439
-0.038765398505207785
-0.03192842696046466
-0.024635966540403415
-0.020507051057459605
-0.018141699254044772
-0.01688618215757579
-0.016224181996662465
-0.01588243912864143
-0.01570806926496765
-0.015620432974333819
-0.015577103625958107
-0.015556175322213095
-0.015546533748469867
-0.015542798512312266
-0.015542798512302492
-0.015546533748488342
-0.015556175322207419
-0.01557710362590739
-0.015620432974250077
-0.015708069264942472
-0.015882439128681657
-0.01622418199671539
-0.016886182157553706
-0.01814169925392914
-0.020507051057600006
-0.024635966540507263
-0.03192842696057978
-0.03876539850507481
-0.02947696426479487
0.13022676541112882
0.12399074621083658
-0.028047027159729333
-0.035270884531275824
-0.026748834443331038
-0.018095968442588907
-0.012990036299785571
-0.009918404037841593
-0.008178372900626216
-0.007190167384531745
-0.006634163532940639
-0.006321414465405097
-0.006145889395983373
-0.006047754940610007
-0.005993671510636092
-0.0059653336288376275
-0.005953199356011835
-0.005953199356041825
-0.005965333628863857
-0.005993671510568741
-0.00604775494048789
-0.006145889395992322
-0.006321414465495549
-0.006634163532982329
-0.007190167384501832
-0.0081783729006626
-0.00991840403782103
-0.012990036299903267
-0.018095968442461776
-0.02674883444327287
-0.03527088453124452
-0.028047027159875313
0.12399074621090009
0.12172346118545815
-0.02760444686122193
-0.0341214194693676
-0.02497160283005146
-0.015803154889827517
-0.010306904295788968
-0.006940096061744755
-0.004987390723359823
-0.003849187349274288
-0.0031901575564758596
-0.0028080453182944298
-0.0025867552200410423
-0.002459100352883814
-0.0023866381163330777
-0.0023477032032591166
-0.0023307400109458224
-0.002330740010876216
-0.002347703203248533
-0.0023866381163331505
-0.0024591003530471263
-0.0025867552199822265
-0.0028080453183703044
-0.0031901575563600087
-0.0038491873492463267
-0.0049873907234222244
-0.006940096061696294
-0.010306904295668908
-0.015803154889760106
-0.02497160283013966
-0.03412141946957728
-0.027604446861345045
0.12172346118537124
0.12092095866156088
-0.0274549053787611
-0.03372374534290369
-0.02434142087920657
-0.014977955022779847
-0.009327634930466122
-0.005839769633366327
-0.003796142014678926
-0.002591189216847456
-0.0018844834729293118
-0.0014690639072981113
-0.0012250298383143588
-0.0010822437886379493
-0.0010001090041822538
-0.0009554810568903202
-0.0009358891243286304
-0.0009358891244858165
-0.0009554810570189759
-0.0010001090040696636
-0.0010822437883312136
-0.0012250298383207055
-0.001469063907443629
-0.0018844834730474013
-0.0025911892168239527
-0.003796142014589051
-0.005839769633418892
-0.009327634930654787
-0.014977955022854181
-0.02434142087895986
-0.03372374534258882
-0.02745490537842796
0.12092095866140912
0.12063725844650122
-0.027400693296275966
-0.03358003706677325
-0.02411126108523204
-0.014673732424856516
-0.008962880497200405
-0.005425894194070807
-0.003344057760658354
-0.0021100725713108863
-0.0013819133418119457
-0.0009510102698793253
-0.000696075329909896
-0.0005458335711397641
-0.0004588180783862845
-0.0004112636773268874
-0.00039030427660798354
-0.0003903042765971424
-0.00041126367728889764
-0.0004588180785868249
-0.000545833571309829
-0.0006960753301621889
-0.0009510102695746076
-0.0013819133417021618
-0.0021100725712594323
-0.0033440577606956637
-0.005425894194005599
-0.008962880497003374
-0.014673732424808423
-0.024111261085443342
-0.03358003706716266
-0.02740069329637349
0.12063725844651928
0.12053618123280313
-0.02737998672852891
-0.03352623708166836
-0.02402503888351518
-0.014559182321025146
-0.008824548894985521
-0.005267734090224089
-0.0031700127311519027
-0.001923596819621765
-0.001185977743032693
-0.0007480502502693325
-0.0004880350150383287
-0.0003342323424827858
-0.0002448360733171887
-0.0001958304800583038
-0.0001741857772805247
-0.0001741857772866087
-0.00019583048012138522
-0.0002448360732117091
-0.00033423234242716205
-0.0004880350148446259
-0.0007480502504741875
-0.0011859777430650946
-0.001923596819645189
-0.003170012731184726
-0.005267734090176316
-0.00882454889512604
-0.014559182321025184
-0.024025038883604206
-0.0335262370814369
-0.027379986728452082
0.12053618123291944
0.12049977870293571
-0.027371780583556368
-0.033505525211007595
-0.023992038244379725
-0.014515253777187896
-0.008771250813914791
-0.0052064445179458435
-0.0031021605174030497
-0.0018504780908760957
-0.0011087481755566466
-0.0006676916484603676
-0.000405359450682885
-0.00024989742120199224
-0.00015937096805123118
-0.00010966645469126954
-0.00008768863493796491
-0.00008768863491493105
-0.00010966645466893151
-0.00015937096799378285
-0.00024989742114592077
-0.0004053594507106655
-0.0006676916484699389
-0.0011087481755673522
-0.0018504780909160414
-0.0031021605174911255
-0.005206444517961529
-0.008771250813985037
-0.014515253777094762
-0.023992038244392316
-0.0335055252109448
-0.027371780583843423
0.12049977870313576
0.12048651765767021
-0.027368445377177246
-0.0334973757424763
-0.02397917896556686
-0.014498140736092204
-0.008750429768576363
-0.0051824001866209455
-0.0030754135634402796
-0.0018215151717166542
-0.0010780173709002121
-0.0006355859860741464
-0.0003722146492841547
-0.00021599430534595442
-0.00012494294932012572
-0.00007490972422472331
-0.000052773973392069196
-0.0000527739732277921
-0.00007490972416175019
-0.00012494294937440975
-0.00021599430576703268
-0.00037221464913142813
-0.0006355859860529363
-0.0010780173706778865
-0.001821515171785562
-0.003075413563525454
-0.005182400186528911
-0.008750429768460046
-0.01449814073612614
-0.023979178965810873
-0.033497375742656724
-0.02736844537753045
0.12048651765776253
0.1204816330270977
-0.02736706753872363
-0.033494115914820655
-0.023974094676517434
-0.014491386202504767
-0.008742200288157009
-0.005172868066303996
-0.0030647699874315213
-0.001809943452147264
-0.001065691188413682
-0.0006226621050768855
-0.00035883093229401334
-0.00020226952368227938
-0.00011097876054716948
-0.00006079397695687248
-0.00003858490531543787
-0.00003858490549098442
-0.000060793977040402385
-0.00011097876038104756
-0.00020226952318197318
-0.00035883093228514045
-0.0006226621051853017
-0.0010656911887656983
-0.0018099434521859966
-0.0030647699872749425
-0.005172868066356577
-0.00874220028844069
-0.014491386202617532
-0.02397409467611296
-0.03349411591423318
-0.027367067538381237
0.12048163302693501
0.12047981764183587
-0.027366494229093263
-0.03349279930594184
-0.023972065748578263
-0.014488697542672829
-0.008738923117655178
-0.0051690642596173356
-0.00306051026115449
-0.0018052970866293265
-0.0010607255083644601
-0.0006174394405654557
-0.0003534075459395193
-0.0001966951840336897
-0.00010529719450822777
-0.00005504390382042355
-0.00003280149574972292
-0.00003280149562067583
-0.000055043903650297326
-0.00010529719480186067
-0.00019669518426444624
-0.00035340754629987353
-0.0006174394401790381
-0.0010607255082372112
-0.0018052970866310287
-0.0030605102611824244
-0.0051690642594473075
-0.008738923117332077
-0.014488697542640708
-0.02397206574883433
-0.03349279930638893
-0.027366494229227302
0.12047981764164298
0.12047914627134412
-0.02736625932646913
-0.0334922732826274
-0.023971263988103668
-0.014487637950872713
-0.008737631755224982
-0.00516756330649391
-0.0030588257355061385
-0.0018034549299872958
-0.0010587514811823988
-0.0006153579147845707
-0.00035124101885262125
-0.00019446400764131495
-0.00010301965203509117
-0.00005273651681242042
-0.000030479517776513597
-0.000030479517872414196
-0.000052736517010566254
-0.00010301965189696184
-0.00019446400757045065
-0.0003512410184869433
-0.0006153579151408027
-0.001058751481146682
-0.0018034549299121353
-0.00305882573548675
-0.00516756330651965
-0.008737631755558101
-0.014487637950846934
-0.023971263988006315
-0.033492273282210355
-0.02736625932602424
0.12047914627118975
0.12047892359941118
-0.02736617518023382
-0.03349208817939464
-0.02397098413939203
-0.014487268911979344
-0.00873718212836456
-0.00516704027299006
-0.0030582378873338853
-0.0018028109417648937
-0.0010580601045638467
-0.0006146275620973222
-0.0003504795816163871
-0.00019367874435764396
-0.00010221718644002699
-0.000051922922363786506
-0.000029660464693178967
-0.000029660464798066064
-0.00005192292239795185
-0.00010221718642949181
-0.00019367874437800967
-0.0003504795816627117
-0.0006146275621098146
-0.0010580601044204792
-0.0018028109416916432
-0.0030582378874588556
-0.005167040273048106
-0.008737182128356358
-0.014487268911843924
-0.02397098413945104
-0.03349208817947552
-0.02736617518029013
0.12047892359948874
0.12047892359948273
-0.027366175180063405
-0.03349208817926755
-0.023970984139297914
-0.01448726891212889
-0.008737182128395197
-0.005167040273043625
-0.003058237887280625
-0.001802810941790302
-0.001058060104722589
-0.0006146275619766091
-0.00035047958157787863
-0.0001936787442031902
-0.00010221718654809339
-0.000051922922516681096
-0.000029660464787065495
-0.000029660464669808847
-0.00005192292234908281
-0.00010221718646907083
-0.0001936787445654637
-0.00035047958150332125
-0.0006146275620906574
-0.0010580601044114257
-0.0018028109418880152
-0.003058237887466265
-0.005167040272948376
-0.008737182128216735
-0.014487268912095461
-0.023970984139607843
-0.033492088179642804
-0.027366175180492648
0.12047892359971232
0.12047914627119821
-0.027366259326321685
-0.03349227328273101
-0.023971263988288683
-0.014487637950753678
-0.008737631755172517
-0.005167563306448231
-0.003058825735532255
-0.0018034549299761006
-0.0010587514809386003
-0.0006153579150042042
-0.00035124101863463395
-0.00019446400807169835
-0.00010301965199506895
-0.00005273651678206086
-0.000030479517785472038
-0.000030479518009267785
-0.000052736516869457056
-0.00010301965183350065
-0.00019446400728119316
-0.0003512410188302317
-0.0006153579150008972
-0.0010587514813742917
-0.0018034549300484366
-0.0030588257354458095
-0.005167563306646526
-0.008737631755504249
-0.014487637950878169
-0.02397126398783337
-0.033492273282218335
-0.0273662593262379
0.12047914627153855
0.12047981764157781
-0.027366494228777415
-0.03349279930581315
-0.023972065748507965
-0.014488697542694374
-0.008738923117694326
-0.005169064259563481
-0.0030605102610682727
-0.0018052970866253464
-0.0010607255084279742
-0.0006174394405960187
-0.00035340754598894397
-0.00019669518392737272
-0.00010529719449530597
-0.00005504390386716818
-0.000032801495790828246
-0.00003280149557292697
-0.000055043903643665126
-0.00010529719486301116
-0.00019669518441936117
-0.0003534075463002884
-0.0006174394401025111
-0.001060725508176443
-0.0018052970866690341
-0.003060510261230147
-0.005169064259399144
-0.008738923117313828
-0.014488697542647738
-0.023972065749026106
-0.03349279930636967
-0.027366494229397006
0.12047981764169595
0.12048163302711165
-0.0273670675388253
-0.03349411591488005
-0.023974094676487628
-0.014491386202579292
-0.00874220028802996
-0.005172868066283085
-0.0030647699874296608
-0.0018099434521374593
-0.00106569118854639
-0.0006226621047520286
-0.0003588309325768213
-0.00020226952346589578
-0.00011097876066640562
-0.00006079397691725118
-0.00003858490531978988
-0.000038584905362668836
-0.000060793977118289925
-0.000110978760339486
-0.00020226952331602445
-0.0003588309320172125
-0.0006226621053702755
-0.001065691188673365
-0.0018099434521620535
-0.0030647699873404943
-0.005172868066267548
-0.008742200288531638
-0.01449138620257462
-0.023974094676171866
-0.03349411591407954
-0.02736706753830155
0.12048163302673025
0.12048651765801888
-0.027368445377533898
-0.03349737574258059
-0.023979178965635832
-0.014498140735969806
-0.008750429768632047
-0.005182400186710937
-0.0030754135635417713
-0.0018215151717553336
-0.0010780173708067478
-0.0006355859861986426
-0.00037221464923066077
-0.00021599430546737427
-0.00012494294919048664
-0.00007490972410834816
-0.00005277397339529048
-0.00005277397336507264
-0.00007490972418443823
-0.00012494294938686482
-0.00021599430558921247
-0.00037221464933683565
-0.0006355859860748708
-0.001078017370717875
-0.001821515171676685
-0.0030754135634831065
-0.0051824001866032695
-0.008750429768489321
-0.014498140735947872
-0.023979178965669427
-0.033497375742690766
-0.02736844537733762
0.12048651765765706
0.1204997787033182
-0.027371780583685515
-0.03350552521087257
-0.02399203824421544
-0.01451525377727748
-0.00877125081398532
-0.0052064445180346934
-0.0031021605173743782
-0.0018504780909573454
-0.001108748175739325
-0.0006676916484081024
-0.0004053594506008117
-0.00024989742096428113
-0.00015937096804163588
-0.00010966645483271108
-0.00008768863495283832
-0.00008768863483980612
-0.00010966645478195748
-0.00015937096808427167
-0.00024989742138983005
-0.00040535945048986676
-0.0006676916484641365
-0.0011087481754783915
-0.0018504780909721725
-0.0031021605174246826
-0.005206444517868078
-0.008771250813845144
-0.01451525377732336
-0.02399203824443752
-0.03350552521111963
-0.0273717805835555
0.12049977870306042
0.12053618123268298
-0.027379986728744005
-0.033526237081863176
-0.02402503888374441
-0.014559182320870901
-0.008824548894881951
-0.0052677340901387
-0.0031700127311897765
-0.0019235968195551443
-0.0011859777426981425
-0.0007480502505107004
-0.0004880350148744095
-0.0003342323429795218
-0.00024483607336316066
-0.00019583047997643048
-0.00017418577714811841
-0.00017418577745004942
-0.00019583048000415434
-0.00024483607310335053
-0.00033423234201829656
-0.00048803501522761165
-0.0007480502504052724
-0.001185977743289453
-0.0019235968195908636
-0.003170012731068075
-0.005267734090329103
-0.008824548895234777
-0.0145591823209264
-0.024025038883240014
-0.033526237081328195
-0.027379986728425197
0.12053618123292964
0.12063725844606833
-0.027400693295688554
-0.03358003706644258
-0.024111261085048373
-0.014673732424998047
-0.008962880497404572
-0.005425894194057352
-0.003344057760542471
-0.00211007257129814
-0.0013819133420231566
-0.0009510102698626159
-0.0006960753298973851
-0.0005458335708816721
-0.00045881807844231655
-0.0004112636774761503
-0.00039030427669996476
-0.0003903042763907156
-0.0004112636772253502
-0.0004588180787410695
-0.0005458335715457585
-0.0006960753301317792
-0.0009510102694558891
-0.0013819133415231637
-0.002110072571330304
-0.00334405776082747
-0.00542589419389655
-0.008962880496875582
-0.014673732424799076
-0.02411126108578413
-0.03358003706730878
-0.027400693296705372
0.12063725844647194
0.12092095866162758
-0.02745490537873459
-0.03372374534320832
-0.024341420879314322
-0.014977955022842541
-0.009327634930250236
-0.0058397696333150105
-0.003796142014719921
-0.0025911892168483256
-0.001884483472988857
-0.0014690639069339533
-0.001225029838711135
-0.0010822437886202066
-0.0010001090043547018
-0.0009554810568494349
-0.0009358891244048191
-0.0009358891244914048
-0.0009554810571698444
-0.0010001090039259586
-0.0010822437883235528
-0.001225029837880108
-0.001469063907780594
-0.0018844834731142099
-0.002591189216827105
-0.0037961420146654613
-0.0058397696334570445
-0.009327634930893123
-0.014977955022820937
-0.024341420878873712
-0.033723745342252434
-0.02745490537852082
0.12092095866179639
0.12172346118557087
-0.02760444686136239
-0.0341214194692762
-0.024971602830039793
-0.015803154889782275
-0.010306904295881582
-0.006940096061787754
-0.004987390723373866
-0.0038491873492953023
-0.0031901575564184147
-0.0028080453185166405
-0.0025867552198614854
-0.002459100352875729
-0.0023866381161777046
-0.002347703203249539
-0.002330740010932063
-0.0023307400109126566
-0.0023477032031638673
-0.0023866381163371343
-0.0024591003530146064
-0.002586755220206461
-0.0028080453182470506
-0.0031901575563218374
-0.003849187349204374
-0.0049873907233856755
-0.006940096061684424
-0.010306904295564632
-0.015803154889664377
-0.024971602830160318
-0.03412141946979237
-0.027604446861392393
0.12172346118534626
0.12399074621085804
-0.028047027159876795
-0.03527088453118188
-0.026748834443248194
-0.01809596844267332
-0.012990036299840649
-0.009918404037872735
-0.00817837290061954
-0.007190167384589011
-0.0066341635330086825
-0.006321414465394811
-0.006145889395901971
-0.006047754940527499
-0.00599367151058874
-0.005965333628894769
-0.005953199355972877
-0.005953199355939643
-0.005965333628923895
-0.005993671510644538
-0.006047754940651899
-0.006145889395930416
-0.0063214144653934625
-0.006634163532947535
-0.007190167384583753
-0.00817837290052881
-0.00991840403773505
-0.012990036299746929
-0.01809596844266053
-0.026748834443361763
-0.03527088453129363
-0.028047027159448512
0.12399074621030755
0.13022676541133044
-0.0294769642654254
-0.038765398505637455
-0.031928426960878054
-0.02463596654019958
-0.020507051057317847
-0.018141699254021898
-0.01688618215771082
-0.016224181996625606
-0.015882439128268984
-0.015708069265165353
-0.01562043297428025
-0.015577103626423557
-0.015556175322132552
-0.015546533748219609
-0.015542798512219744
-0.015542798512590675
-0.015546533748432685
-0.015556175322070896
-0.015577103625510907
-0.01562043297470249
-0.015708069264964278
-0.015882439128904836
-0.016224181996580742
-0.016886182157490284
-0.018141699254166588
-0.020507051057709016
-0.024635966540260894
-0.03192842696017484
-0.038765398504930125
-0.02947696426465359
0.13022676541105882
0.145592313714932
-0.03456046075469857
-0.0499178665499935
-0.04749278697164806
-0.04374415888496594
-0.04200503515948758
-0.04127830473321897
-0.04108413539081081
-0.04109952987294253
-0.04118088345707856
-0.04126753656130153
-0.04133900896666724
-0.04139140170178868
-0.04142667323748675
-0.04144800323615319
-0.04145797937504708
-0.04145797937460555
-0.041448003235781475
-0.04142667323781263
-0.04139140170295166
-0.04133900896656312
-0.041267536561122795
-0.04118088345640773
-0.0410995298729256
-0.0410841353910999
-0.04127830473292754
-0.042005035158828766
-0.043744158884652135
-0.04749278697249955
-0.04991786655094048
-0.03456046075555617
0.14559231371487885
0.16716708503100908
-0.05388141742225908
-0.08580986190948224
-0.09425073701991077
-0.09945539047147209
-0.1033434027004525
-0.10624449364551708
-0.10824953009774399
-0.10958676363299327
-0.11044978103496554
-0.11099603430825072
-0.11133621830097401
-0.11154467399138851
-0.11166898451793328
-0.11173833914550975
-0.11176929076069858
-0.11176929076077571
-0.11173833914569778
-0.11166898451732495
-0.11154467399091975
-0.11133621830006817
-0.11099603430926389
-0.11044978103522783
-0.10958676363319789
-0.10824953009768742
-0.10624449364566549
-0.10334340270123962
-0.09945539047168249
-0.0942507370194792
-0.08580986190829955
-0.05388141742189721
0.1671670850312098
0.03968610818428093
-0.11464217236846967
-0.17235763597492276
-0.2043184243073896
-0.23104762010863844
-0.2475571406347162
-0.2580427912541159
-0.26432456189775877
-0.2680776590874553
-0.27029564182218424
-0.27160474294140946
-0.272375517511514
-0.27282718146551654
-0.27308731807905073
-0.2732288225321521
-0.2732909962542759
-0.27329099625400166
-0.2732288225317088
-0.2730873180798745
-0.2728271814655865
-0.27237551751207045
-0.27160474293980436
-0.27029564182205723
-0.26807765908764075
-0.26432456189809433
-0.2580427912539508
-0.24755714063443046
-0.23104762010949043
-0.20431842430785357
-0.17235763597553272
-0.11464217236893552
0.039686108185332164
-1.8133866949787516
0.5346542964706344
0.7180472640680833
0.6460481591438931
0.5639615142278317
0.5163022523415216
0.4881645675133296
0.47244030362663925
0.463545847606042
0.4585154349191279
0.4556473319435724
0.4540044957309808
0.4530625249676583
0.4525290506514854
0.45224238420707763
0.452117372437643
0.4521173724392701
0.45224238420857354
0.45252905065061555
0.45306252496610866
0.4540044957307673
0.45564733194395624
0.4585154349198082
0.46354584760573214
0.47244030362669975
0.4881645675129126
0.516302252342238
0.563961514228634
0.6460481591445911
0.7180472640667217
0.5346542964698289
-1.813386694978578