-16.87189468407157
0.8759253392949768
3.1547726895046746
3.3924831423414092
3.119064015959583
2.8819146928981176
2.6886947241696086
2.550666958633225
2.451940488584178
2.3821372789484077
2.3325392424261757
2.2971683859718106
2.2717973982532667
2.253500121066267
2.2402330041645016
2.230564990522425
2.2234870349098257
2.2182834234912354
2.214443366215554
2.211600268178488
2.2094896667346804
2.2079199258894344
2.2067516820984707
2.2058833481134434
2.2052408405324804
2.204770280540833
2.2044328077775868
2.2042009163603815
2.20405590677631
2.2039861776346843
2.2039861776529763
2.2040559067490317
2.204200916394156
2.2044328077712665
2.204770280533567
2.2052408405575665
2.205883348079068
2.206751682113344
2.2079199258546485
2.209489666783057
2.2116002681377847
2.2144433662117624
2.2182834234993836
2.2234870349155935
2.2305649905336016
2.240233004136569
2.2535001211189525
2.271797398221006
2.2971683859724594
2.33253924244619
2.382137278951401
2.4519404885522
2.550666958624478
2.6886947242090358
2.8819146928783157
3.1190640159775542
3.39248314233058
3.1547726895236154
0.8759253392752435
-16.871894684068227
-0.28393685348351094
-0.11230618577573998
-0.21794196123237847
-0.3047448750874613
-0.454139570560859
-0.5699711600852684
-0.6639149352922005
-0.7333815503292739
-0.7846671715884593
-0.8219782428418212
-0.8491188541577819
-0.8688555576112438
-0.8832430455559774
-0.8937605522652905
-0.9014743440558267
-0.9071506210815135
-0.9113412347967406
-0.9144446085750245
-0.9167493647261042
-0.9184652955948034
-0.9197454040498312
-0.9207016082365338
-0.9214159659005942
-0.9219487185371344
-0.9223440696224168
-0.9226343386446891
-0.9228429417770634
-0.9229865154021402
-0.9230764030297707
-0.923119657264053
-0.9231196572642228
-0.9230764030316208
-0.922986515398954
-0.9228429417819879
-0.9226343386450933
-0.9223440696244128
-0.9219487185372375
-0.9214159658971564
-0.9207016082336538
-0.9197454040445288
-0.9184652955966213
-0.9167493647258329
-0.9144446085712792
-0.9113412347997096
-0.9071506210862987
-0.9014743440626134
-0.8937605522615377
-0.8832430455557698
-0.8688555576088164
-0.8491188541592058
-0.8219782428450503
-0.7846671715881608
-0.7333815503273393
-0.6639149352873017
-0.5699711600889636
-0.4541395705630823
-0.30474487508789116
-0.2179419612285755
-0.11230618577532134
-0.2839368534870733
1.1716033916761899
0.01719007714508044
-0.15372050023179212
-0.24660881949696206
-0.32069548813508914
-0.3779273750779899
-0.4247561153100316
-0.46105568310505085
-0.4890485888584013
-0.5102663347160368
-0.5262534012297071
-0.538235829675306
-0.5471975702136469
-0.5538934079996389
-0.5588967496029622
-0.5626379511729933
-0.5654384129569656
-0.5675373448989489
-0.5691125467563787
-0.5702961170885059
-0.5711862201251809
-0.5718558301696255
-0.5723592040533086
-0.5727366582164796
-0.5730180864190451
-0.5732255424071085
-0.5733751261783386
-0.5734783478251257
-0.5735430940962656
-0.573574285817159
-0.5735742858199887
-0.5735430940955382
-0.5734783478277246
-0.5733751261798301
-0.5732255424089485
-0.5730180864200751
-0.5727366582145401
-0.5723592040537802
-0.5718558301645336
-0.5711862201239812
-0.5702961170863625
-0.5691125467563043
-0.5675373448989185
-0.565438412957687
-0.562637951177813
-0.5588967496028581
-0.5538934080014897
-0.5471975702112897
-0.538235829676649
-0.5262534012272237
-0.5102663347166794
-0.4890485888580361
-0.46105568310265865
-0.4247561153109417
-0.3779273750768012
-0.320695488137758
-0.24660881949548474
-0.15372050023413825
0.017190077142138088
1.1716033916752897
1.0184960809725618
0.01553253208898532
-0.10469402378022988
-0.16317438385224164
-0.19217483761824508
-0.21550995747941637
-0.2350648698565787
-0.251361235414891
-0.2647429638304689
-0.2754931752181783
-0.28400678671530927
-0.29066801734737235
-0.29583681967937325
-0.29982298728521717
-0.30288405867866336
-0.30522776578281996
-0.30701864816443225
-0.30838528821386574
-0.30942725004839644
-0.3102211161799231
-0.3108255072935721
-0.3112851255381839
-0.3116339460765569
-0.3118976992350988
-0.3120957790357256
-0.3122426956604648
-0.31234916844508465
-0.3124229358449717
-0.3124693409729784
-0.3124917360345342
-0.31249173603525376
-0.31246934097398216
-0.3124229358458731
-0.3123491684462981
-0.3122426956615887
-0.3120957790360321
-0.3118976992352561
-0.31163394607620887
-0.3112851255363239
-0.3108255072914209
-0.31022111617989523
-0.30942725004845184
-0.3083852882139918
-0.3070186481652045
-0.30522776578455846
-0.3028840586796332
-0.29982298728556805
-0.2958368196796575
-0.2906680173472105
-0.2840067867143395
-0.2754931752181551
-0.26474296383032797
-0.2513612354136714
-0.23506486985552277
-0.21550995747952195
-0.19217483761917728
-0.1631743838529888
-0.10469402378051304
0.015532532087978232
1.0184960809722052
0.8126777930407125
-0.00289488239766255
-0.09567900781441971
-0.12716050396049283
-0.13155140575105936
-0.135739233806779
-0.13973340350197566
-0.14414308759238875
-0.14849619454520718
-0.15252001134255727
-0.15605878451495475
-0.1590651586410145
-0.1615571953322174
-0.16358616026896994
-0.16521641201237014
-0.16651336927820032
-0.16753743005193678
-0.1683413258086451
-0.16896949436868197
-0.1694584871572474
-0.16983785042224492
-0.17013115558940528
-0.17035700904950474
-0.1705299601427036
-0.17066127670436937
-0.1707595842161844
-0.1708313774478789
-0.17088141840662194
-0.17091303502488525
-0.1709283333592048
-0.17092833335944693
-0.17091303502488367
-0.1708814184071093
-0.17083137744825994
-0.17075958421650123
-0.1706612767042936
-0.1705299601426884
-0.17035700904976103
-0.17013115558895409
-0.16983785042172206
-0.1694584871573025
-0.16896949436873177
-0.16834132580854383
-0.1675374300522432
-0.16651336927876664
-0.16521641201253884
-0.1635861602691499
-0.16155719533259202
-0.15906515864121937
-0.1560587845146303
-0.15252001134226933
-0.14849619454499619
-0.1441430875921479
-0.13973340350175276
-0.13573923380688788
-0.13155140575168756
-0.12716050396094508
-0.09567900781468985
-0.002894882397280919
0.8126777930409486
0.6897446312040247
-0.01630840753332427
-0.09711242068550299
-0.11263480462076075
-0.10416594140420722
-0.09785326479296075
-0.09316900145197418
-0.09069523054146683
-0.08963172594764754
-0.08947081667784174
-0.0898074247944757
-0.0903857038698167
-0.09104765767789652
-0.0917035107661868
-0.09230658733402364
-0.09283661600508283
-0.0932886497890448
-0.09366606214083498
-0.09397625055283096
-0.09422810065254618
-0.09443056269479433
-0.09459191220327674
-0.09471941853196103
-0.09481924655883475
-0.09489648319774754
-0.09495522312314603
-0.0949986749704029
-0.09502926594617137
-0.09504873280166065
-0.0950581929706959
-0.09505819297167173
-0.09504873280103907
-0.09502926594665939
-0.09499867497004993
-0.09495522312259656
-0.09489648319833122
-0.09481924655862836
-0.09471941853266225
-0.09459191220268534
-0.09443056269525768
-0.09422810065232633
-0.09397625055296584
-0.09366606214069972
-0.09328864978853191
-0.09283661600476135
-0.09230658733351785
-0.09170351076718523
-0.09104765767760215
-0.0903857038700937
-0.08980742479429901
-0.08947081667795481
-0.08963172594793839
-0.09069523054122952
-0.09316900145243506
-0.09785326479240161
-0.10416594140496746
-0.1126348046203117
-0.09711242068575142
-0.016308407532365635
0.6897446312045944
0.6247269050402486
-0.024141135737800426
-0.09970358464897713
-0.10657432503713613
-0.09147095279740103
-0.07949790576041384
-0.07004295809423339
-0.06365690889860305
-0.059416962823383594
-0.05672132099047503
-0.05505735449510991
-0.05407323963029696
-0.05352470417342642
-0.05324886235341644
-0.0531384641527895
-0.053124284470846994
-0.053162461422762
-0.05322585458227406
-0.05329818051810453
-0.053370096401497286
-0.05343661104450532
-0.053495393360916896
-0.05354568038567993
-0.05358758208176638
-0.053621646011699914
-0.05364859019910007
-0.05366914331502547
-0.053683952082757364
-0.053693529790639835
-0.053698229159170684
-0.05369822915889583
-0.05369352979031961
-0.05368395208196221
-0.053669143314559326
-0.05364859019882133
-0.05362164601135719
-0.053587582081666814
-0.05354568038559965
-0.05349539336188973
-0.05343661104504783
-0.05337009640194523
-0.05329818051797634
-0.053225854582409894
-0.053162461422445406
-0.05312428447036244
-0.053138464152511014
-0.053248862353251776
-0.05352470417338791
-0.05407323962998617
-0.055057354495867
-0.05672132099048169
-0.05941696282298181
-0.06365690889884668
-0.07004295809445882
-0.07949790576071046
-0.09147095279683196
-0.10657432503692688
-0.09970358464865209
-0.024141135737285206
0.6247269050389264
0.5912317749853115
-0.028409331568317465
-0.10157632841465389
-0.1038830954624835
-0.08534837309234677
-0.0703425017932793
-0.05828118763300292
-0.04969551246580593
-0.043620214632944306
-0.03941794340384231
-0.036531673374475465
-0.034567167425896855
-0.033239521039016215
-0.03234945031229376
-0.031757998475233425
-0.03136913326137798
-0.031116793994696974
-0.030955776627621615
-0.030855299582467147
-0.03079451412397423
-0.03075938211106724
-0.03074051483736386
-0.03073168229352812
-0.03072878861421081
-0.030729170573604074
-0.030731119381731908
-0.030733556612300244
-0.03073581654020066
-0.030737502289991052
-0.03073839387134264
-0.030738393871334
-0.030737502290278048
-0.030735816539772448
-0.030733556611919323
-0.030731119381868316
-0.03072917057325507
-0.03072878861452559
-0.030731682293709033
-0.030740514838033847
-0.030759382110600572
-0.030794514124476924
-0.030855299582361287
-0.03095577662777011
-0.031116793994487885
-0.03136913326068581
-0.03175799847509421
-0.03234945031227978
-0.033239521039413356
-0.034567167425565606
-0.03653167337459361
-0.03941794340405452
-0.04362021463297165
-0.04969551246636367
-0.05828118763282367
-0.07034250179351405
-0.08534837309161282
-0.10388309546245397
-0.10157632841447344
-0.02840933156841519
0.5912317749852969
0.5739767986729205
-0.030673883520297963
-0.10269158640432038
-0.10260026083296793
-0.08227400695090185
-0.06564098871297289
-0.05215611551870412
-0.04233955995115066
-0.035212726086239
-0.03012582179511889
-0.02650430818346343
-0.02393590599498943
-0.022117207059466334
-0.020831389483869065
-0.019923437173365265
-0.01928312422232885
-0.018832156659712176
-0.018515008158941682
-0.01829233395288858
-0.018136281332690907
-0.01802715119240675
-0.017951026242813476
-0.0178980873417395
-0.017861419722148962
-0.017836167792782836
-0.017818938197840566
-0.01780738006857139
-0.017799892378036995
-0.017795423390054063
-0.017793338156823477
-0.017793338157270973
-0.01779542338974533
-0.01779989237808558
-0.017807380068552633
-0.017818938198333852
-0.017836167792435263
-0.017861419721845333
-0.01789808734192421
-0.017951026242435525
-0.018027151192684398
-0.01813628133253993
-0.01829233395279152
-0.018515008159068723
-0.018832156659562387
-0.019283124222616715
-0.01992343717291795
-0.02083138948420865
-0.02211720705927023
-0.0239359059950279
-0.026504308183234383
-0.030125821795072727
-0.0352127260861182
-0.04233955995119375
-0.052156115518844366
-0.0656409887129876
-0.08227400695100465
-0.10260026083234694
-0.10269158640494208
-0.030673883520754265
0.5739767986736249
0.565012091133059
-0.03186314742695692
-0.10330450924631215
-0.10194571789573012
-0.08067254599708373
-0.06316159966316945
-0.04889647370591907
-0.038391464140406326
-0.03066448968100905
-0.02506192480445696
-0.021002700282516468
-0.01806717067555137
-0.01594376069368757
-0.014407431608423647
-0.013295249620548417
-0.01248967455026807
-0.011905855204399908
-0.011482532535918234
-0.01117545010698548
-0.0109526177218803
-0.010790900678419812
-0.010673564548739078
-0.010588506473724005
-0.010526980845998787
-0.010482681572774832
-0.01045108227971507
-0.010428963938539378
-0.010414079655559929
-0.010404921112648556
-0.010400562009666041
-0.010400562008866108
-0.010404921112976345
-0.01041407965541657
-0.010428963938956783
-0.01045108227983359
-0.010482681572387947
-0.010526980846528892
-0.010588506473191818
-0.010673564549111416
-0.010790900678419502
-0.010952617722192963
-0.011175450106405214
-0.011482532536168735
-0.011905855204681796
-0.012489674549799526
-0.013295249620901142
-0.014407431607805509
-0.015943760694345718
-0.01806717067532585
-0.02100270028261874
-0.02506192480427439
-0.03066448968087171
-0.038391464141150064
-0.04889647370542789
-0.0631615996633384
-0.08067254599637529
-0.1019457178964813
-0.10330450924672058
-0.03186314742833844
0.5650120911344515
0.5603020504376004
-0.032485947073484386
-0.10362717565896967
-0.10159183601519156
-0.07981159055548356
-0.06182319699592293
-0.047127970860310994
-0.036237013983111646
-0.02816775895774505
-0.022265716501065354
-0.017947585406481226
-0.014790867689598856
-0.012480501038419557
-0.010787696948907856
-0.009545707850010719
-0.008633308049954649
-0.007962210026522275
-0.007468043780718384
-0.007103802183417268
-0.0068351105043178186
-0.006636801386648647
-0.006490433100375132
-0.006382487977383516
-0.0063030632180393386
-0.006244919204101251
-0.006202788536401334
-0.006172876377214103
-0.006152502378664312
-0.006139848904492847
-0.006133790907531704
-0.006133790906589174
-0.006139848904951587
-0.006152502378919942
-0.006172876377730615
-0.006202788536233295
-0.006244919204307831
-0.006303063218765363
-0.0063824879761546945
-0.0064904331005951
-0.006636801386474487
-0.006835110504834894
-0.0071038021823292994
-0.00746804378117366
-0.007962210026877976
-0.008633308049353137
-0.009545707851089488
-0.01078769694843594
-0.012480501038665295
-0.014790867688983382
-0.017947585406747214
-0.02226571650100683
-0.028167758957299387
-0.03623701398369622
-0.04712797085965019
-0.06182319699617019
-0.07981159055499595
-0.10159183601664681
-0.10362717565885621
-0.03248594707455636
0.5603020504399734
0.5577981311955723
-0.03281232386824473
-0.10379228194918541
-0.10139172993298246
-0.07933643420810119
-0.06108606829448185
-0.046152127568921265
-0.03504394364685526
-0.02677919803375772
-0.020703434196502068
-0.01623271126136453
-0.01294351451569312
-0.010519353051240752
-0.00872977411657927
-0.007406232807695844
-0.006425682340908688
-0.005698068104214181
-0.005157363795448266
-0.004755051777575358
-0.0044554107811287675
-0.0042320960304154925
-0.004065653569081275
-0.003941708891416514
-0.0038496446906438496
-0.0037816347915775386
-0.0037319389094089784
-0.0036963897544783327
-0.003672023405007903
-0.003656818021390133
-0.0036495164771032968
-0.003649516476236521
-0.0036568180207502948
-0.0036720234055174915
-0.003696389754869106
-0.0037319389093003513
-0.0037816347917741374
-0.0038496446904514106
-0.003941708890866279
-0.00406565356945195
-0.004232096030882548
-0.004455410780941197
-0.004755051776957644
-0.005157363795853419
-0.005698068104663022
-0.006425682340709541
-0.007406232807909472
-0.008729774116629471
-0.01051935305065433
-0.01294351451557939
-0.016232711261905952
-0.020703434196221823
-0.026779198033106702
-0.03504394364722285
-0.04615212756912139
-0.06108606829379329
-0.07933643420812894
-0.1013917299338543
-0.10379228194964019
-0.03281232386917207
0.5577981311960604
0.5564516625411623
-0.03298375538453332
-0.10387480528927714
-0.10127485025221122
-0.07906853079973297
-0.06067310291620748
-0.045605695135459104
-0.03437463911509542
-0.025997932255761594
-0.019821341756296247
-0.015260827654802248
-0.01189256830090526
-0.009399521858497024
-0.007550521468113894
-0.006176194227161105
-0.005152609834943634
-0.004388819905715604
-0.00381793044380249
-0.0033906078359867984
-0.003070383232141206
-0.0028302418156500105
-0.0026501405014059958
-0.002515195792662985
-0.002414357980386162
-0.0023394399402783842
-0.0022844060315023633
-0.002244853323921325
-0.002217636535168291
-0.002200602094149096
-0.0021924071404359714
-0.0021924071397937776
-0.002200602094855366
-0.0022176365348653233
-0.002244853323855372
-0.002284406031333781
-0.0023394399403802615
-0.0024143579815471368
-0.0025151957919349885
-0.002650140501959287
-0.002830241814665092
-0.0030703832332304067
-0.0033906078357178043
-0.0038179304433570357
-0.00438881990583212
-0.0051526098337900325
-0.006176194228027711
-0.0075505214673984656
-0.009399521859052927
-0.01189256830022346
-0.015260827655663074
-0.01982134175658648
-0.025997932255887615
-0.03437463911540699
-0.04560569513414521
-0.060673102916584495
-0.07906853079929466
-0.10127485025305458
-0.10387480528779867
-0.03298375538404241
0.5564516625414284
0.5557197120779491
-0.033074061739301316
-0.10391506215376295
-0.10120503774259748
-0.07891485066659651
-0.06043837510689476
-0.04529579000573389
-0.03399485359992291
-0.02555379475943427
-0.019318586816662472
-0.014705243910539012
-0.01128989071988325
-0.008755294425887503
-0.0068699958597522
-0.005464250706744376
-0.0044137079974705135
-0.0036269742337243123
-0.0030367073003200948
-0.0025931389547525505
-0.0022593912376050046
-0.002008073704315498
-0.0018188057467330894
-0.0016764064627184502
-0.0015695689618594353
-0.0014898879829132084
-0.0014311468580936108
-0.0013887964576989695
-0.0013595778178120718
-0.0013412541235237338
-0.0013324280157568477
-0.0013324280151447263
-0.0013412541241831458
-0.0013595778169449972
-0.0013887964580646408
-0.0014311468584480812
-0.0014898879820716177
-0.0015695689619288316
-0.0016764064624826937
-0.0018188057476438355
-0.0020080737034202257
-0.00225939123853931
-0.0025931389548238884
-0.003036707299841596
-0.0036269742344020722
-0.004413707997401064
-0.005464250707432566
-0.006869995858565162
-0.008755294427002795
-0.011289890719213817
-0.014705243910654657
-0.01931858681616399
-0.02555379475914804
-0.03399485359999467
-0.04529579000481448
-0.060438375108535045
-0.07891485066591983
-0.10120503774268132
-0.10391506215291126
-0.033074061738914286
0.5557197120747324
0.5553177785928138
-0.03312177068810749
-0.1039341143236352
-0.1011627063890721
-0.07882545861379121
-0.060303312195810616
-0.04511807478492278
-0.03377717227527667
-0.025298976557069613
-0.01902960786125589
-0.014385156904245282
-0.010941771651121042
-0.008382167724899383
-0.006474775102791264
-0.0050496886301267165
-0.003982361279397047
-0.003181181330045327
-0.0025785783051676015
-0.0021245553489034176
-0.0017820134112529439
-0.001523354177662267
-0.0013280062724166067
-0.0011806174824170032
-0.0010697302413315087
-0.0009868095307364478
-0.0009255295559254687
-0.0008812520291485178
-0.0008506479932701769
-0.0008314289896910211
-0.0008221636597146516
-0.0008221636604474886
-0.0008314289906664741
-0.000850647992605915
-0.0008812520290067392
-0.0009255295559516786
-0.000986809530702377
-0.001069730241676901
-0.0011806174830399415
-0.0013280062719682024
-0.0015233541765144
-0.001782013411912405
-0.0021245553497916255
-0.002578578304487123
-0.003181181329418633
-0.003982361279375466
-0.005049688630309857
-0.006474775102495146
-0.008382167725792235
-0.010941771650958616
-0.014385156903475908
-0.019029607861424734
-0.025298976558407828
-0.033777172275486544
-0.04511807478389941
-0.06030331219613144
-0.07882545861362973
-0.10116270638860665
-0.10393411432293227
-0.033121770687288395
0.5553177785925566
0.5550949972337538
-0.03314703858504845
-0.10394274607159235
-0.10113677995073167
-0.07877287330907928
-0.06022478363711914
-0.04501517899857142
-0.03365129131244251
-0.025151573264927264
-0.01886223940435451
-0.014199442871579433
-0.010739368880646919
-0.008164730370547511
-0.006243921186525491
-0.004806970080362908
-0.003729241082848725
-0.002919017330803334
-0.0023086135272449133
-0.0018479139776220862
-0.0014997014978859037
-0.0012362640546368627
-0.0010369237275466992
-0.000886230860233586
-0.0007726407658279046
-0.0006875423163696912
-0.0006245448896930897
-0.0005789566588580242
-0.0005474062556720539
-0.0005275737032319776
-0.0005180067882654607
-0.0005180067874361813
-0.0005275737037148867
-0.0005474062544230945
-0.0005789566590231807
-0.0006245448898160421
-0.0006875423153986332
-0.0007726407658655478
-0.0008862308599171557
-0.0010369237286077311
-0.0012362640538235844
-0.0014997014989085382
-0.0018479139774211974
-0.002308613526925826
-0.0029190173314798573
-0.003729241083103833
-0.004806970080767234
-0.006243921184791357
-0.008164730371449366
-0.010739368880181363
-0.014199442871679471
-0.018862239403947878
-0.025151573264878005
-0.03365129131245319
-0.045015178997658875
-0.06022478363857563
-0.07877287330846275
-0.10113677995061532
-0.10394274607078499
-0.03314703858409394
0.5550949972300854
0.5549704523973603
-0.033160445974204505
-0.10394638604973305
-0.10112079437956764
-0.07874165531516339
-0.06017871815295142
-0.04495510115826495
-0.033577922542137185
-0.025065677846738348
-0.018764638943584072
-0.01409100218012108
-0.010620984712763688
-0.008037310447405827
-0.006108365787832975
-0.004664154671194536
-0.0035800022690320697
-0.002764142117001265
-0.0021488320230320258
-0.0016838952469251562
-0.0013320521600640783
-0.001065529168059045
-0.00086358948514198
-0.0007107286458611094
-0.0005953521863467065
-0.0005088048909156444
-0.00044465813105454223
-0.0003981883686246773
-0.0003659989017924003
-0.00034575080445391703
-0.00033597926069014653
-0.00033597925993923363
-0.00034575080552454613
-0.00036599890185107144
-0.0003981883690920057
-0.000444658131443337
-0.000508804890913326
-0.0005953521872511619
-0.0007107286451632869
-0.0008635894857585502
-0.0010655291669743046
-0.0013320521603306466
-0.0016838952464753743
-0.002148832023421401
-0.0027641421173470486
-0.0035800022680961344
-0.004664154671838285
-0.006108365787527093
-0.008037310448507317
-0.010620984711771331
-0.014091002180532157
-0.01876463894322823
-0.025065677846334598
-0.033577922542914244
-0.04495510115762981
-0.06017871815337972
-0.07874165531457611
-0.10112079438061329
-0.10394638604921491
-0.03316044597348762
0.554970452397465
0.554900278150122
-0.03316756713093248
-0.10394771914103339
-0.1011108934960654
-0.0787229825653723
-0.060151489217618294
-0.044919764890066355
-0.03353486097243711
-0.02501529447095869
-0.018707370973648725
-0.014027314498393203
-0.01055136522719596
-0.007962259204785658
-0.006028385020677204
-0.004579738945741273
-0.003491630140151317
-0.002672269388226121
-0.002053886786692354
-0.0015862746326629328
-0.0012321206451025842
-0.0009636182421323529
-0.0007599984420436298
-0.0006057262668912435
-0.0004891791212959691
-0.0004016765360971173
-0.000336767866557245
-0.0002897110260150402
-0.00025709437674398435
-0.0002365677503872432
-0.00022665881995537302
-0.0002266588195097756
-0.00023656775002368397
-0.000257094376903839
-0.0002897110259847349
-0.00033676786581350344
-0.0004016765357807658
-0.0004891791212666407
-0.0006057262665491536
-0.0007599984425419319
-0.0009636182427770637
-0.001232120644784282
-0.0015862746318190946
-0.002053886787396918
-0.0026722693889653154
-0.0034916301400566598
-0.004579738945524644
-0.006028385020556044
-0.007962259204365187
-0.010551365227328899
-0.014027314499192388
-0.01870737097315403
-0.025015294469833922
-0.03353486097292108
-0.04491976489058139
-0.06015148921789008
-0.07872298256541584
-0.10111089349601454
-0.10394771914108542
-0.033167567131036996
0.5549002781501732
0.5548604550412871
-0.03317134919049384
-0.10394804486277559
-0.10110474221767934
-0.07871174394411358
-0.06013528845919114
-0.04489884649201836
-0.033509430117745535
-0.02498556640117571
-0.018673580346176652
-0.013989712923747608
-0.010510219626268361
-0.007917846215516748
-0.00598098569763672
-0.004529633252834421
-0.0034390921086326926
-0.0026175630253172325
-0.0019972628963870432
-0.001527968544814165
-0.0011723508135059056
-0.0009025856250767172
-0.0006978865572395334
-0.0005427018159197567
-0.00042539306382286923
-0.0003372655214983972
-0.0002718559296394034
-0.0002244114767994227
-0.00019151182321624816
-0.00017080021122709986
-0.0001607998976387552
-0.00016079989673402592
-0.00017080021189142035
-0.00019151182341998324
-0.0002244114770563662
-0.0002718559295325152
-0.0003372655217672137
-0.0004253930644318465
-0.0005427018150009848
-0.0006978865579823591
-0.0009025856248842117
-0.0011723508135085764
-0.0015279685444624402
-0.0019972628970726857
-0.0026175630256180717
-0.003439092107410417
-0.004529633252932879
-0.0059809856977332924
-0.007917846216576457
-0.01051021962560865
-0.013989712924596855
-0.01867358034583603
-0.024985566400677367
-0.03350943011898465
-0.04489884649167997
-0.06013528845935582
-0.0787117439430533
-0.10110474221853384
-0.10394804486304829
-0.03317134919189049
0.5548604550442231
0.5548377083697109
-0.03317335518916829
-0.10394797372412767
-0.10110091224386207
-0.07870494452991947
-0.06012559440801099
-0.04488639266754789
-0.03349432824635385
-0.024967932481274654
-0.01865354139647347
-0.013967406064220308
-0.01048579170599386
-0.007891450970779867
-0.005952780959015834
-0.004499777904758304
-0.003407743322836089
-0.002584873836395668
-0.0019633802346177807
-0.0014930317455039348
-0.0011364906046231527
-0.0008659235563676158
-0.0006605348273355116
-0.0005047634434151128
-0.00038696234601424376
-0.000298428727035379
-0.00023269217382656182
-0.0001849937393443667
-0.00015190807045388776
-0.00013107459274605435
-0.00012101399221033337
-0.00012101399165608272
-0.00013107459328307025
-0.00015190807031894638
-0.0001849937395676211
-0.00023269217381650058
-0.00029842872753753455
-0.0003869623465171231
-0.0005047634424774171
-0.0006605348275567512
-0.0008659235558078607
-0.0011364906049376718
-0.0014930317454170563
-0.00196338023418098
-0.00258487383657729
-0.0034077433222649825
-0.004499777905412523
-0.0059527809592542
-0.007891450971218041
-0.010485791704713303
-0.013967406064641568
-0.018653541396466994
-0.024967932480792137
-0.03349432824667725
-0.044886392666827805
-0.060125594408110244
-0.07870494452954069
-0.10110091224466178
-0.10394797372432583
-0.03317335519081227
0.5548377083717082
0.554824638643852
-0.03317441617505345
-0.10394777978361004
-0.10109852396244329
-0.07870081293298219
-0.06011976517457697
-0.04487894105529168
-0.03348531590244568
-0.02495742254790932
-0.018641603209220616
-0.013954114862177742
-0.0104712287417455
-0.007875702082013962
-0.005935935111440106
-0.004481925529871772
-0.0033889747535591425
-0.002565277897233043
-0.001943043049880013
-0.001472035801947886
-0.001114914068660528
-0.000843839837804833
-0.0006380123766192616
-0.0004818657490339538
-0.0003637481128420689
-0.00027495219714651447
-0.0002090035748699317
-0.00016113982491711593
-0.0001279327358215042
-0.00010701954622046994
-0.00009691946091558697
-0.00009691946085914956
-0.00010701954550262427
-0.0001279327358037172
-0.00016113982501247623
-0.00020900357491564225
-0.00027495219716812294
-0.00036374811239321756
-0.00048186574943188314
-0.0006380123765753656
-0.0008438398378953094
-0.001114914068724952
-0.0014720358022397278
-0.0019430430493373244
-0.002565277897554045
-0.003388974753839856
-0.004481925529463724
-0.005935935111647632
-0.007875702082022472
-0.010471228742001206
-0.013954114862228993
-0.018641603209336548
-0.02495742254795163
-0.03348531590246752
-0.044878941055087204
-0.060119765174073
-0.07870081293347708
-0.10109852396194838
-0.10394777978409592
-0.03317441617566627
0.5548246386437274
0.5548170887570496
-0.03317497477224601
-0.10394757685443932
-0.10109703315077298
-0.07869829328477465
-0.06011624502341935
-0.04487446284449845
-0.03347991407526746
-0.024951131810989916
-0.018634461722712013
-0.013946164191444338
-0.010462514102659071
-0.007866271628738965
-0.0059258391904547176
-0.004471215773549137
-0.0033777032080181653
-0.0025534962046863674
-0.0019308017456824047
-0.001459383737873118
-0.0011018979708691582
-0.0008305040054865137
-0.0006243985081618144
-0.00046801289103163646
-0.0003496927117964511
-0.00026072824733389555
-0.00019464283776115426
-0.0001466721143418964
-0.00011338625280602548
-0.00009242125043105767
-0.0000822954721705739
-0.00008229547227929217
-0.00009242125107256679
-0.00011338625282611284
-0.00014667211431285376
-0.00019464283770288576
-0.00026072824723097257
-0.0003496927123928162
-0.00046801289076654144
-0.0006243985079289793
-0.0008305040047899008
-0.001101897971519875
-0.0014593837381342936
-0.0019308017453891345
-0.002553496204341429
-0.0033777032076880323
-0.004471215774238439
-0.005925839190533213
-0.007866271629021673
-0.01046251410233457
-0.013946164191281838
-0.0186344617226587
-0.02495113181145115
-0.033479914075935174
-0.044874462843772014
-0.060116245023160805
-0.07869829328449783
-0.10109703315074672
-0.10394757685339083
-0.03317497477020272
0.5548170887553372
0.5548127064162014
-0.033175266904927336
-0.10394740521176371
-0.10109610201716454
-0.07869675214034186
-0.06011411162603874
-0.04487176136084565
-0.033476663973734035
-0.024947352345607604
-0.018630174063091018
-0.013941391453093008
-0.010457281589709645
-0.007860606486761063
-0.00591977002486954
-0.004464772162547379
-0.0033709152159391307
-0.002546393917468419
-0.0019234148586241475
-0.0014517412035862688
-0.0010940277264276693
-0.0008224327714820678
-0.0006161516630332218
-0.00045961441084406494
-0.0003411651776820756
-0.00025209290324804264
-0.0001859196992992873
-0.0001378801177143137
-0.00010454343273615105
-0.00008354494452250858
-0.00007340254324047706
-0.00007340254293912759
-0.0000835449438770741
-0.00010454343262243103
-0.0001378801181325924
-0.00018591969895813344
-0.0002520929025131481
-0.00034116517790987514
-0.00045961441054406604
-0.0006161516634367304
-0.0008224327718185641
-0.0010940277267382178
-0.0014517412030537022
-0.0019234148588755562
-0.0025463939181152293
-0.0033709152165599674
-0.004464772162588592
-0.005919770024008711
-0.007860606486324983
-0.010457281590079748
-0.01394139145304657
-0.01863017406267722
-0.02494735234518124
-0.03347666397384674
-0.04487176136073598
-0.06011411162648406
-0.07869675214066782
-0.10109610201720573
-0.10394740521037649
-0.0331752669017595
0.5548127064100923
0.5548101519108154
-0.03317541827080601
-0.10394727337448334
-0.10109552044441167
-0.07869580744077603
-0.06011281499680286
-0.04487012667562889
-0.03347470235291274
-0.024945074564141197
-0.018627591955017876
-0.013938517955736302
-0.01045413094002621
-0.007857194057149764
-0.005916112133109238
-0.004460885810229069
-0.0033668178165363414
-0.002542103035287727
-0.0019189479667180702
-0.001447115479025895
-0.0010892598808875738
-0.0008175389199911929
-0.0006111472392205635
-0.00045451411719093246
-0.0003359829776411165
-0.00024684203935244095
-0.00018061274745459813
-0.00013252905944640918
-0.00009915974966959159
-0.00007813973369292552
-0.00006798663471114513
-0.00006798663536892861
-0.00007813973313177513
-0.00009915975032602657
-0.0001325290589522883
-0.0001806127473470906
-0.00024684204006170704
-0.00033598297767321785
-0.0004545141177116419
-0.0006111472383372818
-0.000817538920445699
-0.0010892598806049067
-0.0014471154797324488
-0.001918947966799471
-0.002542103034116619
-0.003366817816193339
-0.004460885809665374
-0.005916112134268516
-0.007857194057029344
-0.010454130940232084
-0.013938517955304632
-0.018627591955671825
-0.024945074564909214
-0.03347470235308697
-0.044870126675791294
-0.06011281499570864
-0.07869580744130936
-0.10109552044397266
-0.10394727337379181
-0.03317541826773843
0.5548101519081002
0.5548086579031424
-0.033175495730863355
-0.10394717764873107
-0.10109515757392669
-0.07869522776799395
-0.06011202559710946
-0.04486913557053182
-0.03347351595129496
-0.024943698941894632
-0.018626033771619234
-0.013936784491862971
-0.010452230247408989
-0.007855134877974151
-0.0059139038083305265
-0.004458538138586776
-0.00336434090874144
-0.0025395071641618728
-0.0019162434288996196
-0.0014443124720256795
-0.0010863683999812377
-0.0008145686808040727
-0.0006081076184500833
-0.00045141411885890094
-0.0003328312156884624
-0.00024364674666265188
-0.00017738179628206915
-0.000129270000262341
-0.00009587986201597106
-0.00007484608158062506
-0.00006468613713551816
-0.00006468613680690171
-0.00007484608055093102
-0.00009587986169792433
-0.00012927000038962427
-0.00017738179630471927
-0.0002436467458118331
-0.0003328312146432146
-0.000451414118758751
-0.0006081076188354926
-0.0008145686815190149
-0.0010863683998564829
-0.0014443124721359578
-0.001916243428791696
-0.0025395071647692476
-0.003364340909377196
-0.004458538138714581
-0.00591390380768299
-0.007855134877271516
-0.010452230247173327
-0.013936784491953628
-0.018626033771105215
-0.024943698941326024
-0.03347351595088111
-0.04486913557079636
-0.060112025597715564
-0.07869522776809901
-0.10109515757311484
-0.1039471776481436
-0.03317549572946266
0.5548086578987541
0.5548077828169977
-0.03317553472588823
-0.10394711083643234
-0.1010949319051172
-0.07869487255073461
-0.06011154529235571
-0.04486853483454718
-0.033472798498623724
-0.024942868219930026
-0.018625093547743644
-0.013935738882044666
-0.010451083818259908
-0.00785389261498252
-0.0059125710717104745
-0.004457120586693845
-0.0033628444173605175
-0.0025379377431585127
-0.0019146071437123548
-0.0014426153719125563
-0.0010846164583754412
-0.000812767743655038
-0.0006062633678550676
-0.00044953204946855674
-0.00033091662389366655
-0.00024170472872643833
-0.00017541725678095512
-0.00012728767146094735
-0.0000938843274555568
-0.00007284180921266587
-0.00006267751703813436
-0.00006267751786292626
-0.00007284181037066227
-0.00009388432740741167
-0.00012728767129960647
-0.0001754172571659593
-0.00024170472914611686
-0.00033091662428719426
-0.0004495320504013184
-0.0006062633674209855
-0.0008127677430637206
-0.0010846164582453592
-0.0014426153726992822
-0.0019146071433357986
-0.0025379377423718884
-0.0033628444167881984
-0.004457120586080228
-0.005912571072473616
-0.007853892615857037
-0.010451083818117246
-0.013935738881379084
-0.01862509354828354
-0.02494286822158624
-0.03347279849894074
-0.044868534834009044
-0.060111545292220195
-0.07869487255086138
-0.10109493190465688
-0.10394711083697669
-0.03317553472575782
0.5548077828196862
0.5548072718764749
-0.033175553933417916
-0.10394706582314348
-0.10109479280248171
-0.07869465636830772
-0.06011125481671796
-0.0448681727678759
-0.033472366997119876
-0.024942369239977547
-0.01862452922085123
-0.013935111534123176
-0.010450396039592042
-0.007853147246107178
-0.005911771179914773
-0.004456269430343459
-0.003361945400204293
-0.002536994369450164
-0.001913622970841469
-0.0014415939715156747
-0.0010835613776794344
-0.0008116824771362303
-0.0006051513362529029
-0.0004483965806713274
-0.00032976094648170043
-0.00024053196583034034
-0.00017423043382394955
-0.00012608972207704577
-0.00009267810666184336
-0.00007163011006532604
-0.0000614630887419999
-0.0000614630901201179
-0.0000716301090147634
-0.00009267810560103113
-0.00012608972160279503
-0.0001742304342322992
-0.00024053196591428274
-0.0003297609452476888
-0.00044839658159803687
-0.000605151335525454
-0.0008116824782184197
-0.0010835613773145457
-0.0014415939720783745
-0.0019136229707915975
-0.00253699436891867
-0.003361945400909806
-0.004456269429515073
-0.005911771180546388
-0.007853147244901586
-0.010450396040421871
-0.013935111533388873
-0.018624529221111328
-0.024942369240148685
-0.03347236699587107
-0.04486817276878542
-0.06011125481710597
-0.07869465636927693
-0.10109479280106254
-0.10394706582491149
-0.03317555393602751
0.5548072718785982
0.5548069783577679
-0.033175563111347645
-0.10394703683207951
-0.101094709058551
-0.07869452759095627
-0.06011108270305388
-0.04486795886203179
-0.033472112531711895
-0.024942075313917816
-0.01862419702767875
-0.013934742372152552
-0.010449991358931845
-0.007852708641502783
-0.005911300384146199
-0.00445576829206332
-0.00336141586090855
-0.0025364384374563457
-0.0019130426970416514
-0.0014409914257651284
-0.0010829386281362354
-0.0008110415730696039
-0.0006044942922587603
-0.00044772536988933135
-0.0003290774916888853
-0.00023983813982095422
-0.00017352805730469972
-0.00012538056783748544
-0.00009196390698173306
-0.0000709125658589708
-0.00006074388009806758
-0.00006074388068843906
-0.00007091256639797765
-0.00009196390747963758
-0.00012538056761492562
-0.00017352805710534215
-0.00023983814010093338
-0.0003290774920303408
-0.0004477253703924458
-0.0006044942917593773
-0.000811041573125514
-0.0010829386275783212
-0.0014409914259606376
-0.001913042696844607
-0.00253643843691779
-0.0033614158610465604
-0.004455768292285385
-0.005911300384726155
-0.007852708641631422
-0.010449991359252299
-0.013934742372003192
-0.018624197028227284
-0.024942075315063875
-0.03347211253167725
-0.04486795886157571
-0.06011108270217759
-0.07869452759141128
-0.10109470905909182
-0.1039470368335848
-0.03317556311506031
0.5548069783639935
0.5548068190163072
-0.03317556726693818
-0.10394701969465407
-0.10109466188206569
-0.07869445562706011
-0.06011098691604556
-0.04486784008802909
-0.03347197143980349
-0.024941912489956905
-0.018624013104091897
-0.013934538038503395
-0.010449767386157181
-0.007852465881257114
-0.0059110397636560645
-0.004455490803880413
-0.003361122553396023
-0.0025361303986057146
-0.0019127210438256523
-0.001440657289093642
-0.0010825931434610987
-0.0008106858690531418
-0.000604129486747991
-0.00044735256090119835
-0.000328697752932721
-0.0002394525216309805
-0.00017313758549699037
-0.00012498624452746918
-0.00009156671459272688
-0.00007051347153819211
-0.000060343836707963766
-0.00006034383620796771
-0.00007051347094614498
-0.0000915667152085604
-0.0001249862448354997
-0.000173137585421986
-0.0002394525221445719
-0.00032869775252197646
-0.0004473525605930847
-0.0006041294866652426
-0.0008106858701156161
-0.0010825931430642234
-0.0014406572885759137
-0.0019127210436828965
-0.0025361303986790006
-0.003361122553595185
-0.0044554908038974776
-0.005911039763479636
-0.007852465880368423
-0.010449767386638071
-0.013934538038863785
-0.018624013103816464
-0.024941912489180672
-0.033471971439386086
-0.04486784008845311
-0.060110986915795
-0.07869445562777613
-0.10109466188266585
-0.10394701969550628
-0.03317556726898968
0.5548068190188331
0.5548067490980881
-0.033175568848179904
-0.10394701176366665
-0.10109464067601925
-0.07869442344401739
-0.06011094419219722
-0.044867787189280764
-0.03347190865988064
-0.02494184008220019
-0.018623931343256003
-0.013934447222694825
-0.010449667848789541
-0.007852357991270972
-0.005910923923105792
-0.00445536744696053
-0.0033609921373839117
-0.002535993400556472
-0.0019125779541564374
-0.00144050860668705
-0.0010824393704142727
-0.0008105275058654091
-0.0006039670312761964
-0.00044718650028923113
-0.0003285285688089543
-0.00023928068454460313
-0.00017296355681890825
-0.00012481047437481964
-0.00009138964670091622
-0.00007033554262378694
-0.000060165477401386764
-0.000060165477536725716
-0.00007033554139270546
-0.00009138964769307372
-0.0001248104746256284
-0.00017296355583481775
-0.0002392806852765654
-0.0003285285684410214
-0.00044718650080777505
-0.0006039670299037062
-0.000810527507673047
-0.0010824393694744818
-0.0014405086063198676
-0.001912577954403544
-0.002535993400634745
-0.0033609921372980633
-0.004455367446481387
-0.005910923923849388
-0.00785235798981537
-0.01044966785022666
-0.013934447222599594
-0.018623931343225188
-0.024941840081818135
-0.0334719086596828
-0.044867787190531416
-0.060110944191036894
-0.07869442344503355
-0.10109464067579518
-0.10394701176350925
-0.033175568847204226
0.5548067490969074
0.554806749098579
-0.033175568849181075
-0.10394701176436073
-0.10109464067595272
-0.07869442344389749
-0.06011094419185329
-0.0448677871890118
-0.033471908659696153
-0.024941840081817025
-0.018623931343264795
-0.013934447222856946
-0.01044966784939526
-0.007852357991069574
-0.005910923923129556
-0.004455367447090843
-0.00336099213745687
-0.0025359934003314787
-0.0019125779537031296
-0.0014405086065403957
-0.001082439369835543
-0.0008105275065376243
-0.000603967031240305
-0.0004471865003257765
-0.0003285285687519533
-0.00023928068504898306
-0.00017296355672597372
-0.00012481047429371606
-0.00009138964683549715
-0.0000703355418268816
-0.00006016547704164466
-0.000060165476929972475
-0.00007033554158652728
-0.00009138964754243635
-0.0001248104744370262
-0.00017296355612223663
-0.00023928068536779726
-0.0003285285690673073
-0.00044718650041085904
-0.0006039670303031684
-0.0008105275070805621
-0.0010824393693583867
-0.0014405086064648042
-0.0019125779542750884
-0.0025359934004450012
-0.0033609921371844866
-0.004455367447230836
-0.0059109239239904295
-0.007852357990965746
-0.010449667849800288
-0.013934447222870721
-0.018623931343274964
-0.02494184008208051
-0.03347190865981814
-0.04486778718938065
-0.06011094419129667
-0.07869442344427724
-0.10109464067584875
-0.10394701176236656
-0.03317556884471209
0.5548067490946362
0.55480681902571
-0.033175567270080406
-0.10394701969638881
-0.10109466188301983
-0.07869445562760366
-0.060110986915625685
-0.04486784008754423
-0.03347197144015698
-0.02494191249036986
-0.01862401310413537
-0.013934538038575753
-0.010449767386446424
-0.007852465881382623
-0.005911039763509832
-0.004455490803905766
-0.003361122553242603
-0.0025361303985054866
-0.0019127210437721639
-0.0014406572891474112
-0.001082593142955028
-0.0008106858693320946
-0.0006041294871156489
-0.00044735256061354163
-0.0003286977529101258
-0.00023945252196784815
-0.00017313758514842442
-0.00012498624446935258
-0.00009156671552578761
-0.0000705134719575842
-0.00006034383621029411
-0.0000603438364692173
-0.00007051347126822168
-0.00009156671510679366
-0.00012498624476223988
-0.00017313758529318476
-0.00023945252167556475
-0.00032869775238419924
-0.0004473525605112608
-0.000604129486870546
-0.0008106858700384475
-0.0010825931426720508
-0.001440657289489452
-0.0019127210439915548
-0.0025361303983166147
-0.0033611225534205718
-0.00445549080378977
-0.005911039763381368
-0.007852465880675778
-0.010449767386679886
-0.013934538038024639
-0.018624013103255982
-0.024941912489717735
-0.033471971439476056
-0.0448678400883679
-0.060110986916111706
-0.07869445562778515
-0.10109466188175995
-0.10394701969513065
-0.033175567267304945
0.5548068190187329
0.5548069783643069
-0.03317556311425576
-0.10394703683346428
-0.10109470905915535
-0.07869452759140955
-0.060111082703087335
-0.04486795886186759
-0.03347211253169216
-0.02494207531397414
-0.018624197027536968
-0.013934742372227183
-0.010449991358648467
-0.007852708641121985
-0.005911300383781329
-0.004455768292183155
-0.003361415860888793
-0.002536438437562986
-0.0019130426972783637
-0.001440991425772342
-0.0010829386281303445
-0.0008110415730010641
-0.0006044942925364673
-0.0004477253693821431
-0.00032907749171217954
-0.00023983813966309985
-0.00017352805701032888
-0.0001253805676730972
-0.00009196390724208303
-0.00007091256679733902
-0.00006074387982480616
-0.00006074388129246305
-0.00007091256700339556
-0.00009196390786372883
-0.00012538056714081009
-0.0001735280568804402
-0.00023983814014173042
-0.00032907749141900547
-0.00044772537091943167
-0.0006044942914915556
-0.0008110415731485737
-0.0010829386274563973
-0.0014409914266427736
-0.0019130426968180085
-0.0025364384364376324
-0.0033614158612689828
-0.004455768291210388
-0.005911300385209084
-0.007852708640952335
-0.0104499913591437
-0.013934742371025852
-0.018624197028454713
-0.024942075315821217
-0.033472112531539505
-0.0448679588615643
-0.0601110827020951
-0.0786945275921841
-0.10109470905803739
-0.1039470368337195
-0.03317556311263822
0.554806978364925
0.5548072718765452
-0.03317555393386862
-0.10394706582351546
-0.10109479280227654
-0.07869465636778603
-0.060111254816258536
-0.04486817276759393
-0.03347236699709859
-0.024942369240102576
-0.018624529221232172
-0.013935111534148961
-0.010450396040311446
-0.007853147246484646
-0.005911771180527027
-0.004456269430239593
-0.0033619453999333675
-0.0025369943691113655
-0.0019136229706064988
-0.0014415939714754714
-0.001083561377550273
-0.0008116824773248441
-0.0006051513358830279
-0.0004483965814054188
-0.00032976094690988765
-0.00024053196619159932
-0.00017423043412225587
-0.00012608972160306942
-0.00009267810639614302
-0.00007163010957315783
-0.00006146308865258429
-0.00006146308870740505
-0.0000716301091480607
-0.00009267810525672302
-0.00012608972156298738
-0.00017423043472337198
-0.00024053196560155807
-0.0003297609455209543
-0.00044839658126791357
-0.0006051513362177827
-0.000811682477587869
-0.0010835613771521709
-0.001441593971782749
-0.0019136229707666184
-0.0025369943700188228
-0.0033619454009020727
-0.004456269430141279
-0.00591177118000759
-0.007853147245691866
-0.010450396040246212
-0.01393511153396342
-0.018624529220832506
-0.024942369239377638
-0.03347236699587923
-0.04486817276759435
-0.06011125481751174
-0.0786946563681919
-0.1010947928017147
-0.10394706582452518
-0.03317555393474809
0.5548072718757535
0.5548077828135921
-0.033175534725180186
-0.10394711083644417
-0.10109493190484878
-0.0786948725506651
-0.060111545292690416
-0.04486853483478133
-0.03347279849862646
-0.02494286821993299
-0.01862509354778019
-0.01393573888195011
-0.010451083817945395
-0.007853892614886145
-0.005912571071544102
-0.0044571205865206395
-0.0033628444176459615
-0.002537937743418852
-0.0019146071436518953
-0.0014426153720607494
-0.0010846164587623949
-0.0008127677437760586
-0.0006062633676733582
-0.0004495320492631179
-0.00033091662315394045
-0.0002417047283225043
-0.00017541725678799124
-0.00012728767159895285
-0.0000938843271641936
-0.00007284180898001907
-0.0000626775175399612
-0.00006267751852278631
-0.00007284181010546927
-0.00009388432731979525
-0.00012728767144242175
-0.00017541725694930426
-0.00024170472882227952
-0.0003309166243980992
-0.0004495320501171306
-0.0006062633670323772
-0.000812767743115014
-0.001084616458306301
-0.0014426153726997712
-0.0019146071435811457
-0.002537937742428722
-0.0033628444164980017
-0.004457120586455497
-0.0059125710722208544
-0.007853892615775203
-0.010451083818089174
-0.013935738881611434
-0.01862509354822197
-0.024942868221207868
-0.03347279849920984
-0.04486853483430932
-0.06011154529206049
-0.07869487255068085
-0.1010949319057774
-0.10394711083766554
-0.033175534728389425
0.5548077828204648
0.5548086578999287
-0.033175495727917476
-0.10394717764817406
-0.10109515757381891
-0.07869522776794456
-0.06011202559724488
-0.0448691355707741
-0.0334735159513614
-0.02494369894205719
-0.018626033771715976
-0.013936784491647116
-0.010452230246834593
-0.007855134877831037
-0.0059139038082479875
-0.004458538138971157
-0.0033643409086406605
-0.002539507163888689
-0.001916243428989054
-0.0014443124723821294
-0.001086368400241131
-0.0008145686805058935
-0.0006081076184497717
-0.0004514141183713822
-0.0003328312156498713
-0.00024364674655132277
-0.0001773817964032854
-0.00012927000067601484
-0.0000958798619595046
-0.00007484608173313563
-0.00006468613764934461
-0.00006468613765965296
-0.00007484608021362754
-0.00009587986196169394
-0.0001292700005283748
-0.00017738179598591992
-0.00024364674606469107
-0.00033283121479502694
-0.0004514141189453484
-0.0006081076184675331
-0.0008145686820471038
-0.0010863683996521695
-0.0014443124718298622
-0.0019162434292457784
-0.002539507164575056
-0.0033643409095714463
-0.004458538137906141
-0.005913903807962497
-0.007855134876723117
-0.010452230247760631
-0.013936784491833103
-0.018626033771374402
-0.02494369894116072
-0.033473515950829855
-0.044869135571863825
-0.06011202559752922
-0.07869522776876786
-0.10109515757330428
-0.10394717764958944
-0.033175495732071764
0.5548086579040822
0.5548101519023705
-0.033175418264742206
-0.10394727337222925
-0.10109552044330508
-0.07869580744061326
-0.06011281499661726
-0.04487012667563321
-0.03347470235294146
-0.024945074563963048
-0.018627591955260335
-0.013938517955795607
-0.010454130940633688
-0.007857194057209225
-0.005916112133456965
-0.004460885810318839
-0.003366817816776447
-0.0025421030354946146
-0.001918947966473533
-0.0014471154790852924
-0.00108925988046292
-0.0008175389204213171
-0.0006111472394947019
-0.0004545141178796398
-0.00033598297759595863
-0.0002468420395750784
-0.00018061274784126778
-0.00013252905893490198
-0.00009915974954686788
-0.00007813973239272067
-0.00006798663415378856
-0.00006798663465951239
-0.00007813973317246877
-0.00009915975004761419
-0.0001325290590845896
-0.00018061274775313965
-0.0002468420400995139
-0.0003359829786148489
-0.0004545141172510541
-0.0006111472387807683
-0.000817538919475131
-0.0010892598806596765
-0.0014471154794537902
-0.00191894796651386
-0.0025421030340676267
-0.003366817815829244
-0.004460885810767863
-0.00591611213420837
-0.00785719405806685
-0.010454130940796141
-0.013938517955272914
-0.01862759195550308
-0.024945074564621514
-0.0334747023538364
-0.0448701266749214
-0.06011281499548485
-0.07869580744001149
-0.10109552044441358
-0.10394727337356406
-0.033175418269455956
0.554810151910242
0.5548127064093777
-0.03317526689999078
-0.10394740520949636
-0.10109610201630116
-0.07869675214050342
-0.06011411162655364
-0.044871761361346664
-0.03347666397430843
-0.024947352345666432
-0.0186301740629311
-0.013941391452830763
-0.010457281589170624
-0.007860606486037433
-0.005919770024672387
-0.004464772162714185
-0.003370915215984551
-0.002546393917688943
-0.0019234148589327396
-0.0014517412038671097
-0.0010940277267636866
-0.000822432771776804
-0.0006161516623918422
-0.0004596144105367348
-0.0003411651771949546
-0.00025209290295080244
-0.00018591969892060262
-0.0001378801174311532
-0.00010454343296279649
-0.00008354494510535036
-0.0000734025439778102
-0.0000734025428356567
-0.00008354494420876929
-0.00010454343256879566
-0.00013788011789061405
-0.00018591969893833418
-0.00025209290222649147
-0.00034116517706175517
-0.0004596144106011724
-0.0006161516633682729
-0.0008224327716052828
-0.0010940277270659396
-0.0014517412035939458
-0.0019234148582883246
-0.0025463939185140796
-0.003370915216422005
-0.004464772162498997
-0.005919770023476857
-0.007860606486297831
-0.010457281589369982
-0.013941391453025191
-0.01863017406265944
-0.024947352345593865
-0.033476663974297
-0.04487176136065604
-0.060114111626808735
-0.07869675214090893
-0.10109610201694277
-0.10394740521031007
-0.033175266903064604
0.5548127064110899
0.5548170887536225
-0.033174974771836674
-0.10394757685390837
-0.10109703315046104
-0.078698293284681
-0.06011624502338231
-0.04487446284455841
-0.03347991407521802
-0.024951131811132142
-0.018634461722755
-0.013946164191656698
-0.010462514102874442
-0.007866271629211205
-0.0059258391904518405
-0.004471215773568923
-0.00337770320789337
-0.0025534962047258957
-0.0019308017456167994
-0.0014593837377719254
-0.0011018979708789654
-0.0008305040053245424
-0.0006243985083910016
-0.0004680128911129385
-0.00034969271206751094
-0.0002607282474145663
-0.00019464283815033597
-0.00014667211481002957
-0.00011338625283171454
-0.00009242125061972671
-0.00008229547158807211
-0.00008229547244233864
-0.00009242125126967983
-0.00011338625292407113
-0.0001466721142492325
-0.00019464283773264071
-0.00026072824784517993
-0.00034969271256081366
-0.0004680128913409836
-0.0006243985075780395
-0.000830504005224714
-0.0011018979709767917
-0.001459383738198363
-0.00193080174519042
-0.002553496204251997
-0.003377703207261244
-0.004471215773393009
-0.005925839191119822
-0.007866271629107512
-0.010462514102428428
-0.013946164191304814
-0.018634461722907284
-0.024951131811763363
-0.03347991407565985
-0.04487446284453078
-0.06011624502286324
-0.07869829328520646
-0.10109703314991231
-0.10394757685359855
-0.033174974771125694
0.5548170887539687
0.5548246386430242
-0.033174416177038965
-0.10394777978422551
-0.10109852396231617
-0.07870081293292473
-0.060119765174345814
-0.04487894105485483
-0.033485315901925286
-0.02495742254783713
-0.018641603209977785
-0.013954114862245792
-0.010471228742045643
-0.007875702082260544
-0.005935935112112359
-0.004481925530048423
-0.0033889747539073696
-0.0025652778969016523
-0.001943043049033136
-0.0014720358018104336
-0.0011149140683651224
-0.0008438398379845234
-0.0006380123762717952
-0.00048186574922109206
-0.00036374811305320514
-0.00027495219767231815
-0.00020900357510093612
-0.00016113982433698
-0.00012793273546080956
-0.0001070195446020241
-0.00009691946079943517
-0.00009691946042677201
-0.00010701954525750373
-0.000127932735282753
-0.00016113982491348228
-0.0002090035748170638
-0.0002749521970137834
-0.0003637481133810345
-0.00048186574843321075
-0.0006380123769022818
-0.0008438398377968392
-0.0011149140687313056
-0.001472035801847758
-0.0019430430494620083
-0.0025652778980718655
-0.003388974753521382
-0.004481925530321249
-0.00593593511161885
-0.007875702083081814
-0.010471228741721992
-0.01395411486273941
-0.01864160320937824
-0.024957422547394442
-0.03348531590277881
-0.04487894105479337
-0.06011976517466353
-0.07870081293263001
-0.10109852396265989
-0.10394777978283534
-0.03317441617381055
0.5548246386386779
0.5548377083734939
-0.033173355193024716
-0.10394797372530931
-0.10110091224432549
-0.07870494452993726
-0.06012559440805249
-0.044886392667862436
-0.033494328246487334
-0.024967932481719884
-0.018653541396700377
-0.013967406063832372
-0.01048579170558936
-0.007891450970747218
-0.005952780958987188
-0.00449977790455233
-0.003407743322570291
-0.0025848738366117097
-0.0019633802351400028
-0.0014930317460018162
-0.0011364906051219365
-0.0008659235563272974
-0.0006605348270328035
-0.0005047634431293431
-0.0003869623460784461
-0.0002984287269441504
-0.00023269217356398935
-0.00018499373962781938
-0.00015190807079326808
-0.00013107459368684812
-0.00012101399364029026
-0.0001210139918802323
-0.000131074593312155
-0.00015190807032588322
-0.00018499373960565355
-0.00023269217325096243
-0.000298428726741078
-0.0003869623460314185
-0.000504763441873997
-0.0006605348280845514
-0.0008659235567323527
-0.0011364906054278688
-0.0014930317452303563
-0.0019633802351684657
-0.002584873837343335
-0.0034077433222804996
-0.004499777904870703
-0.005952780958450346
-0.007891450970706922
-0.01048579170420153
-0.013967406064865727
-0.01865354139603735
-0.02496793248052189
-0.03349432824688754
-0.0448863926673877
-0.0601255944087116
-0.07870494452943738
-0.1011009122443131
-0.10394797372419226
-0.033173355188540844
0.5548377083658578
0.5548604550473597
-0.03317134919277636
-0.10394804486335475
-0.10110474221761197
-0.07871174394400425
-0.06013528845940637
-0.04489884649195566
-0.033509430117693625
-0.024985566400906187
-0.018673580345973932
-0.01398971292444507
-0.010510219626891719
-0.007917846215813769
-0.0059809856973137305
-0.004529633252697761
-0.0034390921087153062
-0.00261756302560919
-0.001997262896057163
-0.001527968544215504
-0.0011723508132151874
-0.0009025856249047501
-0.00069788655757458
-0.0005427018163510458
-0.0004253930640888777
-0.0003372655212732445
-0.0002718559296743498
-0.00022441147655121948
-0.0001915118228973407
-0.00017080021173718863
-0.00016079989694516386
-0.00016079989628517362
-0.00017080021148848683
-0.00019151182376715324
-0.00022441147741653923
-0.0002718559300836611
-0.0003372655223284018
-0.0004253930642261933
-0.0005427018156006719
-0.0006978865577765614
-0.0009025856250695966
-0.001172350813124088
-0.0015279685442108936
-0.0019972628962624944
-0.002617563024832007
-0.0034390921075736335
-0.004529633253260588
-0.005980985698592322
-0.007917846215925253
-0.010510219626009638
-0.013989712924555805
-0.018673580346015996
-0.024985566401057754
-0.033509430118209074
-0.044898846491652135
-0.06013528845798681
-0.07871174394357858
-0.1011047422184823
-0.10394804486334096
-0.03317134919079663
0.5548604550466372
0.5549002781531585
-0.03316756712904913
-0.1039477191413697
-0.10111089349646527
-0.07872298256559054
-0.0601514892170695
-0.04491976488989162
-0.03353486097267737
-0.025015294470824984
-0.01870737097345669
-0.01402731449836439
-0.01055136522789403
-0.00796225920501882
-0.0060283850213298865
-0.004579738945873418
-0.0034916301398313443
-0.0026722693880059096
-0.0020538867869379016
-0.0015862746329134841
-0.0012321206442958412
-0.0009636182421614355
-0.0007599984422009755
-0.0006057262675119432
-0.0004891791213988202
-0.0004016765362395839
-0.00033676786624672525
-0.0002897110254933863
-0.00025709437737334137
-0.00023656775009245318
-0.00022665881969335158
-0.00022665881822807107
-0.00023656774996760402
-0.0002570943765741667
-0.0002897110256523784
-0.0003367678662855398
-0.00040167653492630817
-0.0004891791210825632
-0.0006057262664595562
-0.0007599984433993294
-0.0009636182420051306
-0.0012321206449391001
-0.001586274631750767
-0.00205388678701614
-0.002672269389648707
-0.0034916301403868596
-0.004579738946489598
-0.0060283850196940075
-0.007962259205119577
-0.010551365227139634
-0.014027314499265532
-0.01870737097294507
-0.025015294469917085
-0.033534860972753724
-0.04491976488949109
-0.060151489218270814
-0.0787229825651278
-0.10111089349638483
-0.10394771914109703
-0.03316756713020043
0.5549002781519381
0.5549704523933476
-0.03316044597136558
-0.10394638604931576
-0.10112079437979853
-0.0787416553157812
-0.06017871815333621
-0.04495510115848238
-0.0335779225420617
-0.025065677846064637
-0.018764638942449997
-0.014091002179817612
-0.010620984712412684
-0.008037310446375488
-0.006108365786832245
-0.004664154670692529
-0.003580002269555983
-0.0027641421174226643
-0.0021488320236184516
-0.0016838952472140825
-0.0013320521599653298
-0.0010655291683262457
-0.0008635894855999419
-0.0007107286451256492
-0.0005953521852239607
-0.0005088048904313946
-0.00044465813058938345
-0.0003981883686925956
-0.00036599890257959773
-0.00034575080474547515
-0.00033597926073344783
-0.00033597926127641796
-0.00034575080665112846
-0.00036599890192759714
-0.00039818836905990043
-0.0004446581313315695
-0.0005088048907951428
-0.0005953521872376242
-0.0007107286451602701
-0.0008635894855324166
-0.0010655291664381373
-0.0013320521606211568
-0.001683895247610415
-0.002148832023763086
-0.0027641421164960943
-0.00358000226769985
-0.004664154671786558
-0.00610836578663181
-0.008037310448278703
-0.010620984711629419
-0.014091002179925531
-0.018764638943162985
-0.025065677847947148
-0.03357792254303022
-0.04495510115693617
-0.060178718153416924
-0.07874165531513608
-0.10112079438060823
-0.10394638604990923
-0.03316044597651263
0.5549704524036402
0.5550949972359078
-0.03314703858098633
-0.10394274607061443
-0.1011367799504313
-0.07877287330899393
-0.06022478363658353
-0.04501517899778321
-0.03365129131252498
-0.02515157326518691
-0.018862239404459677
-0.014199442871695842
-0.01073936888077958
-0.008164730371244606
-0.0062439211867483385
-0.0048069700805954164
-0.003729241082074072
-0.002919017329996286
-0.002308613526879039
-0.0018479139772330864
-0.0014997014975722653
-0.0012362640540655176
-0.001036923727399722
-0.0008862308601826685
-0.0007726407669165668
-0.0006875423173894241
-0.000624544889836798
-0.0005789566587380558
-0.0005474062556219273
-0.0005275737032249745
-0.0005180067874834839
-0.0005180067870769692
-0.0005275737026842465
-0.000547406254781836
-0.0005789566599076887
-0.0006245448902899727
-0.0006875423157839667
-0.0007726407657081599
-0.0008862308610130872
-0.0010369237284329562
-0.0012362640537983641
-0.0014997014978473408
-0.001847913977262969
-0.0023086135261755087
-0.0029190173309003005
-0.003729241083692939
-0.0048069700806774255
-0.006243921185177123
-0.008164730371412911
-0.010739368881216184
-0.014199442871532355
-0.018862239403582372
-0.02515157326453169
-0.03365129131139964
-0.04501517899768165
-0.06022478363771659
-0.0787728733091659
-0.10113677995037157
-0.10394274607301532
-0.03314703858825191
0.5550949972389432
0.5553177785806315
-0.03312177068560949
-0.10393411432317795
-0.10116270638832253
-0.07882545861340703
-0.0603033121962516
-0.04511807478561097
-0.03377717227502948
-0.025298976556587645
-0.019029607861480898
-0.01438515690415336
-0.010941771651100014
-0.008382167724458293
-0.006474775102979081
-0.005049688630348785
-0.003982361279897794
-0.0031811813310605236
-0.0025785783057025377
-0.0021245553494286897
-0.0017820134117125332
-0.001523354178531465
-0.0013280062722790006
-0.0011806174825797354
-0.0010697302403742486
-0.000986809529702924
-0.0009255295556514001
-0.0008812520291435662
-0.0008506479927862411
-0.0008314289887743671
-0.0008221636599583648
-0.0008221636602693421
-0.0008314289913837957
-0.0008506479928593103
-0.0008812520284247669
-0.000925529555663536
-0.0009868095307341757
-0.0010697302420785409
-0.0011806174822115109
-0.0013280062715048033
-0.0015233541762129212
-0.0017820134127890682
-0.002124555349916014
-0.0025785783044149097
-0.003181181330234382
-0.003982361278737355
-0.005049688630699194
-0.006474775102453827
-0.0083821677264994
-0.010941771650114234
-0.014385156904129587
-0.019029607862000954
-0.02529897655820501
-0.0337771722754854
-0.04511807478319162
-0.060303312196666806
-0.07882545861359067
-0.10116270638959271
-0.10393411432338276
-0.03312177068885744
0.5553177785906013
0.5557197120787485
-0.03307406174133129
-0.10391506215394951
-0.10120503774257472
-0.07891485066671255
-0.06043837510702714
-0.04529579000546863
-0.033994853599609666
-0.025553794759868922
-0.01931858681699452
-0.014705243910410896
-0.011289890718964336
-0.00875529442578966
-0.006869995859892627
-0.005464250706759019
-0.004413707997298837
-0.003626974233328012
-0.0030367073000751883
-0.002593138954916777
-0.0022593912383273938
-0.002008073703863442
-0.0018188057457647101
-0.0016764064629785098
-0.0015695689619413138
-0.0014898879828780954
-0.001431146858154736
-0.0013887964579757874
-0.001359577817598865
-0.0013412541243897438
-0.0013324280169518953
-0.0013324280155791366
-0.0013412541237498498
-0.0013595778166829624
-0.0013887964582074165
-0.0014311468582020002
-0.001489887981759101
-0.0015695689615026916
-0.0016764064620743168
-0.0018188057482351409
-0.002008073704181682
-0.002259391239013262
-0.0025931389538686334
-0.0030367073003630895
-0.0036269742351967716
-0.004413707997242435
-0.005464250707250972
-0.006869995858188963
-0.008755294425956083
-0.011289890718550959
-0.014705243911041499
-0.019318586816134107
-0.0255537947583766
-0.03399485359999468
-0.045295790006367256
-0.06043837510839396
-0.07891485066576892
-0.1012050377430375
-0.10391506215358552
-0.03307406174165249
0.5557197120745178
0.5564516625459373
-0.03298375538781687
-0.10387480529110722
-0.10127485025296469
-0.07906853079961901
-0.06067310291606254
-0.04560569513534414
-0.0343746391145831
-0.025997932255475153
-0.01982134175637692
-0.015260827655265267
-0.011892568301179237
-0.009399521859277582
-0.007550521468096291
-0.006176194227278834
-0.005152609834851702
-0.004388819905593798
-0.0038179304431330825
-0.0033906078350550784
-0.003070383232011292
-0.002830241815378732
-0.002650140502394433
-0.0025151957927349554
-0.0024143579808859265
-0.0023394399406919896
-0.002284406032525759
-0.002244853324779461
-0.0022176365342586497
-0.0022006020934125033
-0.002192407139637995
-0.0021924071397616297
-0.002200602094421824
-0.002217636535077282
-0.002244853324049695
-0.002284406031321691
-0.0023394399415620423
-0.0024143579824227376
-0.0025151957925120885
-0.0026501405010148776
-0.0028302418147513574
-0.003070383232210588
-0.003390607834984378
-0.00381793044342926
-0.0043888199050436325
-0.00515260983386993
-0.006176194227702672
-0.00755052146878327
-0.009399521859109583
-0.011892568301112873
-0.015260827655880568
-0.019821341756527895
-0.02599793225572371
-0.03437463911538613
-0.04560569513513679
-0.06067310291552783
-0.07906853079971501
-0.10127485025242122
-0.10387480528809344
-0.032983755381293806
0.5564516625405584
0.5577981311977727
-0.03281232387154348
-0.10379228194977999
-0.10139172993315437
-0.07933643420838449
-0.06108606829462997
-0.04615212756876513
-0.035043943646986514
-0.026779198034073106
-0.02070343419678744
-0.016232711261022957
-0.012943514514972453
-0.010519353050518649
-0.008729774116647668
-0.007406232808056549
-0.006425682341312826
-0.005698068104399587
-0.005157363795197486
-0.0047550517785011175
-0.004455410781526349
-0.004232096030786789
-0.004065653568526236
-0.0039417088910126
-0.003849644690185842
-0.0037816347914251137
-0.0037319389089312885
-0.003696389753578686
-0.0036720234053695903
-0.0036568180216400223
-0.003649516477628142
-0.0036495164762717024
-0.003656818020911198
-0.0036720234052022935
-0.0036963897545793795
-0.0037319389086440395
-0.003781634790706214
-0.003849644690187826
-0.003941708890095814
-0.004065653569821558
-0.0042320960311501
-0.004455410781870661
-0.00475505177769117
-0.0051573637966677004
-0.005698068105165063
-0.006425682340529487
-0.007406232808480918
-0.00872977411589987
-0.010519353050992948
-0.012943514515449964
-0.01623271126131158
-0.020703434195725953
-0.026779198033027064
-0.035043943647828424
-0.0461521275690095
-0.06108606829503937
-0.07933643420690192
-0.10139172993341222
-0.10379228194659441
-0.03281232386344361
0.5577981311852701
0.5603020504471251
-0.03248594707748373
-0.10362717566036746
-0.1015918360158776
-0.07981159055580704
-0.06182319699590084
-0.04712797086047433
-0.036237013983524455
-0.028167758958113645
-0.022265716500699983
-0.01794758540636199
-0.014790867689857734
-0.012480501038565139
-0.010787696948738011
-0.009545707849667085
-0.00863330804971104
-0.007962210026287695
-0.007468043781116622
-0.007103802183028047
-0.0068351105041661794
-0.0066368013861079385
-0.006490433100497569
-0.006382487977240406
-0.0063030632178967564
-0.006244919204211789
-0.006202788536437451
-0.006172876377790644
-0.006152502379427525
-0.006139848904887201
-0.006133790907494928
-0.0061337909068182265
-0.00613984890537869
-0.0061525023786646715
-0.006172876377184732
-0.006202788536231333
-0.006244919204104394
-0.006303063218607649
-0.00638248797682258
-0.006490433100770895
-0.006636801386516301
-0.0068351105046981775
-0.00710380218274981
-0.007468043781020557
-0.007962210026412614
-0.00863330804932886
-0.009545707850230385
-0.0107876969478388
-0.012480501038449825
-0.014790867688815594
-0.017947585406461727
-0.02226571650088939
-0.02816775895815701
-0.03623701398381747
-0.047127970860241106
-0.061823196996412866
-0.07981159055495175
-0.10159183601522623
-0.10362717565737521
-0.032485947070052534
0.5603020504379448
0.5650120911362666
-0.031863147428778826
-0.10330450924642008
-0.10194571789531409
-0.08067254599608345
-0.0631615996626918
-0.04889647370563646
-0.038391464140173207
-0.030664489680646896
-0.025061924803982776
-0.021002700283231104
-0.018067170676065766
-0.015943760694023583
-0.014407431608285882
-0.013295249620580766
-0.01248967454997326
-0.011905855204105595
-0.0114825325353227
-0.011175450105866614
-0.010952617721576557
-0.010790900678336355
-0.010673564549073382
-0.010588506473679088
-0.010526980846688093
-0.010482681573434738
-0.01045108228049596
-0.010428963939244362
-0.010414079655083529
-0.010404921112682541
-0.010400562008598402
-0.010400562008637579
-0.010404921112813248
-0.01041407965556932
-0.010428963938868455
-0.010451082280754165
-0.010482681573456588
-0.01052698084677105
-0.010588506474224435
-0.010673564548871053
-0.01079090067811273
-0.01095261772139115
-0.011175450106268761
-0.011482532535718237
-0.011905855203976922
-0.012489674549717167
-0.013295249620086387
-0.014407431609146142
-0.015943760694523745
-0.018067170676112587
-0.021002700282987737
-0.02506192480489606
-0.030664489681518352
-0.038391464140273765
-0.04889647370504187
-0.06316159966254736
-0.08067254599692551
-0.10194571789509829
-0.10330450924657632
-0.031863147426298796
0.5650120911330863
0.5739767986670538
-0.030673883518636258
-0.10269158640400035
-0.10260026083279893
-0.08227400695128313
-0.06564098871303806
-0.05215611551886327
-0.04233955995181671
-0.03521272608702798
-0.03012582179537484
-0.02650430818274964
-0.023935905994430625
-0.02211720705943493
-0.02083138948377658
-0.019923437173267274
-0.019283124222365184
-0.018832156660105917
-0.018515008159568747
-0.01829233395394448
-0.018136281333020823
-0.018027151192638247
-0.017951026242204626
-0.017898087341661373
-0.017861419721786266
-0.01783616779236739
-0.017818938196767185
-0.0178073800676427
-0.017799892378521573
-0.01779542339024423
-0.01779333815738883
-0.01779333815715803
-0.017795423389775213
-0.0177998923776094
-0.017807380068619736
-0.01781893819773596
-0.017836167791277738
-0.017861419720667935
-0.017898087340932435
-0.017951026243014593
-0.018027151192762526
-0.018136281333336557
-0.018292333953202927
-0.01851500815998807
-0.018832156660644042
-0.019283124222555223
-0.01992343717362659
-0.020831389483470894
-0.022117207059055306
-0.02393590599433935
-0.026504308183352157
-0.030125821795030212
-0.03521272608548808
-0.04233955995120183
-0.05215611551921882
-0.06564098871395277
-0.08227400695023684
-0.10260026083311796
-0.10269158640523118
-0.030673883521699224
0.5739767986660829
0.5912317749822209
-0.02840933156630194
-0.10157632841438724
-0.10388309546237462
-0.08534837309201335
-0.07034250179361032
-0.05828118763330136
-0.04969551246523527
-0.043620214632384705
-0.039417943403603925
-0.03653167337472464
-0.034567167425783966
-0.03323952103870165
-0.03234945031168486
-0.031757998475243424
-0.03136913326150709
-0.03111679399461135
-0.03095577662747259
-0.030855299582076567
-0.030794514123598536
-0.03075938211113923
-0.03074051483780343
-0.030731682293433628
-0.030728788613836547
-0.03072917057358971
-0.03073111938198001
-0.030733556612920043
-0.030735816539619
-0.030737502289054714
-0.030738393871111033
-0.03073839387170149
-0.030737502290727338
-0.03073581654039705
-0.030733556612616633
-0.03073111938177206
-0.030729170574765412
-0.030728788615570466
-0.030731682293917102
-0.030740514837013337
-0.030759382110197353
-0.03079451412365799
-0.030855299581719883
-0.030955776626993343
-0.031116793993135647
-0.031369133260171045
-0.03175799847534157
-0.032349450312749106
-0.03323952103957102
-0.03456716742518258
-0.03653167337495224
-0.03941794340408393
-0.043620214633495816
-0.049695512466123075
-0.05828118763244666
-0.07034250179288097
-0.08534837309185275
-0.10388309546308597
-0.10157632841553782
-0.028409331569941243
0.5912317749922948
0.6247269050400099
-0.024141135733729405
-0.0997035846473511
-0.10657432503673359
-0.09147095279705963
-0.07949790576008745
-0.07004295809386701
-0.06365690889903655
-0.05941696282407935
-0.0567213209907701
-0.055057354495388997
-0.05407323963013236
-0.053524704173857615
-0.05324886235399991
-0.053138464152897975
-0.053124284470125314
-0.053162461421689955
-0.05322585458188782
-0.05329818051768692
-0.05337009640161684
-0.05343661104382655
-0.05349539336142667
-0.0535456803864681
-0.053587582083462426
-0.053621646012224064
-0.05364859019873919
-0.05366914331433953
-0.05368395208235781
-0.05369352979161003
-0.05369822915884111
-0.05369822915868228
-0.05369352978922004
-0.0536839520822702
-0.053669143315680026
-0.053648590199479984
-0.05362164601195657
-0.05358758208063594
-0.05354568038603056
-0.05349539336174034
-0.05343661104547205
-0.05337009640073252
-0.05329818051735026
-0.05322585458220307
-0.05316246142303696
-0.05312428447160411
-0.05313846415268689
-0.05324886235358746
-0.05352470417306274
-0.05407323963109602
-0.055057354495305716
-0.05672132098959294
-0.05941696282287966
-0.06365690889793318
-0.07004295809505787
-0.07949790575995444
-0.09147095279775516
-0.10657432503662392
-0.09970358465068901
-0.024141135739640524
0.6247269050432562
0.6897446311992139
-0.016308407529675165
-0.09711242068530854
-0.11263480462070975
-0.10416594140478366
-0.09785326479387801
-0.09316900145291576
-0.09069523054162795
-0.08963172594666399
-0.08947081667675758
-0.08980742479428894
-0.0903857038704765
-0.09104765767741334
-0.09170351076554474
-0.09230658733382369
-0.09283661600582421
-0.09328864979056219
-0.09366606214217899
-0.09397625055355929
-0.09422810065279726
-0.09443056269571154
-0.09459191220389399
-0.09471941853169338
-0.09481924655705534
-0.09489648319631475
-0.09495522312286614
-0.0949986749702382
-0.09502926594602462
-0.09504873280088211
-0.09505819297087206
-0.09505819297182284
-0.0950487328025237
-0.095029265947004
-0.09499867496916059
-0.09495522312240329
-0.09489648319741648
-0.09481924655867768
-0.09471941853221202
-0.09459191220234447
-0.0944305626943338
-0.0942281006534702
-0.0939762505541588
-0.09366606214078371
-0.09328864978828857
-0.09283661600499166
-0.09230658733471683
-0.09170351076687996
-0.09104765767739513
-0.09038570386906519
-0.08980742479404241
-0.0894708166786842
-0.0896317259489445
-0.09069523054212894
-0.09316900145166607
-0.09785326479252791
-0.1041659414047951
-0.11263480462129022
-0.09711242068543954
-0.01630840753077724
0.6897446312059985
0.8126777930509639
-0.0028948823985211385
-0.09567900781505718
-0.1271605039612111
-0.13155140575124663
-0.13573923380614267
-0.13973340350159663
-0.14414308759214256
-0.14849619454553703
-0.15252001134254395
-0.15605878451499794
-0.15906515864069293
-0.16155719533255186
-0.16358616026985023
-0.16521641201248355
-0.1665133692770363
-0.1675374300502108
-0.16834132580786876
-0.16896949436813236
-0.16945848715649336
-0.16983785042092348
-0.17013115558875652
-0.17035700904934814
-0.17052996014335323
-0.17066127670561992
-0.170759584216777
-0.1708313774481323
-0.1708814184072301
-0.17091303502648053
-0.17092833335928592
-0.17092833335849583
-0.17091303502411004
-0.17088141840622187
-0.17083137744865912
-0.17075958421671555
-0.17066127670405676
-0.17052996014223223
-0.17035700905063958
-0.1701311555900033
-0.16983785042231495
-0.16945848715722747
-0.16896949436784747
-0.16834132580803296
-0.1675374300522351
-0.16651336927903654
-0.16521641201152848
-0.16358616026809708
-0.1615571953321055
-0.15906515864183374
-0.15605878451467758
-0.1525200113417109
-0.14849619454510973
-0.1441430875913721
-0.13973340350226088
-0.13573923380781405
-0.13155140575225865
-0.12716050396032813
-0.09567900781466623
-0.002894882396210627
0.8126777930458118
1.0184960809708992
0.015532532084915205
-0.10469402378264336
-0.1631743838527996
-0.19217483761834345
-0.2155099574792953
-0.2350648698561485
-0.2513612354142147
-0.26474296382978
-0.2754931752178984
-0.2840067867154934
-0.29066801734749237
-0.2958368196795549
-0.299822987284173
-0.30288405867854284
-0.3052277657834096
-0.3070186481656193
-0.30838528821422295
-0.3094272500479238
-0.3102211161799949
-0.3108255072936823
-0.31128512553866317
-0.3116339460760743
-0.3118976992347182
-0.31209577903555513
-0.3122426956610466
-0.31234916844691335
-0.3124229358458154
-0.312469340972335
-0.31249173603320196
-0.31249173603606384
-0.31246934097372864
-0.31242293584590497
-0.3123491684453915
-0.3122426956606382
-0.3120957790366539
-0.31189769923565136
-0.3116339460774614
-0.31128512553594956
-0.31082550729251557
-0.3102211161805405
-0.3094272500495958
-0.30838528821375005
-0.3070186481632329
-0.30522776578294625
-0.30288405867833224
-0.299822987286379
-0.2958368196797035
-0.2906680173477288
-0.2840067867142635
-0.275493175218657
-0.26474296383144813
-0.25136123541424865
-0.23506486985713496
-0.2155099574788803
-0.19217483761881016
-0.1631743838513914
-0.10469402378067003
0.015532532091402053
1.018496080968812
1.1716033916719346
0.017190077140025933
-0.15372050023331335
-0.2466088194975353
-0.3206954881349909
-0.3779273750777823
-0.42475611530999047
-0.46105568310487166
-0.48904858885868674
-0.5102663347163411
-0.5262534012285822
-0.5382358296747847
-0.5471975702135372
-0.553893408000768
-0.5588967496031325
-0.5626379511733519
-0.5654384129574967
-0.5675373448997592
-0.5691125467575925
-0.5702961170885357
-0.5711862201248756
-0.5718558301668697
-0.5723592040521204
-0.5727366582158513
-0.5730180864185899
-0.5732255424063759
-0.5733751261781734
-0.5734783478260418
-0.5735430940967741
-0.5735742858191863
-0.5735742858185606
-0.5735430940954388
-0.5734783478267829
-0.5733751261783175
-0.5732255424062094
-0.5730180864168405
-0.5727366582143554
-0.572359204052553
-0.5718558301665703
-0.571186220125814
-0.5702961170881746
-0.5691125467578679
-0.5675373448998247
-0.5654384129585294
-0.5626379511759294
-0.5588967496029948
-0.5538934080008658
-0.5471975702131706
-0.5382358296756704
-0.5262534012284035
-0.5102663347156027
-0.48904858885827185
-0.4610556831044107
-0.42475611531101887
-0.3779273750783396
-0.3206954881361351
-0.24660881949628977
-0.15372050023158546
0.017190077148108114
1.1716033916591413
-0.2839368534780904
-0.11230618578092955
-0.2179419612337909
-0.3047448750877787
-0.4541395705597275
-0.5699711600854013
-0.663914935291976
-0.7333815503290938
-0.7846671715890545
-0.8219782428416779
-0.8491188541575854
-0.8688555576102441
-0.8832430455574469
-0.8937605522652307
-0.9014743440566064
-0.9071506210794062
-0.9113412347989978
-0.9144446085772813
-0.9167493647243001
-0.9184652955923569
-0.9197454040474874
-0.9207016082376097
-0.9214159659003978
-0.9219487185395644
-0.9223440696221707
-0.9226343386416006
-0.9228429417796105
-0.9229865154044099
-0.923076403032824
-0.9231196572600586
-0.9231196572643925
-0.9230764030323477
-0.9229865154049547
-0.9228429417817255
-0.9226343386406742
-0.9223440696226486
-0.9219487185363848
-0.9214159658999599
-0.9207016082324277
-0.9197454040460382
-0.9184652955923365
-0.9167493647272824
-0.9144446085737818
-0.9113412347954662
-0.9071506210832556
-0.9014743440586291
-0.8937605522685199
-0.8832430455584925
-0.8688555576124253
-0.849118854153617
-0.8219782428418017
-0.7846671715931166
-0.7333815503245865
-0.6639149352880074
-0.5699711600842112
-0.45413957056508325
-0.3047448750880184
-0.21794196123442594
-0.11230618577740412
-0.28393685348506614
-16.87189468407022
0.8759253392974533
3.1547726895062143
3.392483142341329
3.119064015960272
2.8819146928977797
2.6886947241700496
2.550666958633138
2.4519404885839657
2.382137278948653
2.3325392424259874
2.29716838597244
2.2717973982519544
2.2535001210670513
2.240233004162466
2.2305649905245954
2.2234870349073486
2.218283423489174
2.2144433662170004
2.2116002681796054
2.2094896667364234
2.207919925886692
2.206751682100106
2.2058833481111018
2.2052408405327917
2.2047702805439426
2.2044328077754765
2.2042009163596488
2.2040559067745504
2.203986177638977
2.2039861776511787
2.204055906748857
2.2042009163872347
2.2044328077714503
2.204770280537061
2.205240840559095
2.205883348080742
2.206751682109725
2.207919925857615
2.209489666780506
2.21160026814316
2.214443366210171
2.21828342349745
2.223487034919416
2.230564990534276
2.240233004140662
2.2535001211111485
2.2717973982203046
2.2971683859678
2.3325392424516087
2.3821372789535573
2.4519404885472937
2.550666958627919
2.688694724207796
2.8819146928843242
3.1190640159744882
3.392483142331405
3.1547726895161876
0.875925339271015
-16.87189468406868