-2.7726200462437434
0.6399049381181536
0.9776793640818972
0.8600591408280568
0.7361773420205788
0.6630296435219755
0.6201832215495884
0.5962644345576709
0.5827889845562146
0.5751935785401421
0.5708778418827152
0.5684099040518964
0.5669889050224577
0.5661658058256753
0.5656866160905795
0.5654068040374861
0.5652437211315167
0.5651501101266885
0.5650992965813402
0.5650769962226362
0.5650769962313678
0.5650992965779468
0.5651501101213259
0.5652437211328023
0.565406804039016
0.5656866160784214
0.5661658058354542
0.5669889050272636
0.5684099040403542
0.5708778418848406
0.5751935785526923
0.58278898455138
0.5962644345535446
0.6201832215601344
0.6630296435177239
0.7361773420203934
0.8600591408326996
0.9776793640810294
0.6399049381158469
-2.7726200462458896
0.10203405685023031
-0.11083229817807921
-0.18373090815817872
-0.23421834155329674
-0.275537515585057
-0.30142354937494364
-0.31776515294029795
-0.32754395596471575
-0.33336670070089214
-0.3367986188285027
-0.33881943610633813
-0.3400089535905536
-0.3407102806260061
-0.34112457879226654
-0.34136976996483676
-0.3415149317917697
-0.3416005138086291
-0.34165009734893037
-0.3416772009889876
-0.3416891484678057
-0.3416891484681459
-0.3416772009888671
-0.341650097348566
-0.34160051380883727
-0.3415149317919096
-0.3413697699647595
-0.341124578792665
-0.3407102806260362
-0.3400089535901871
-0.3388194361070833
-0.33679861882872647
-0.33336670070050944
-0.32754395596441527
-0.3177651529398064
-0.3014235493759726
-0.2755375155846803
-0.23421834155226184
-0.1837309081585508
-0.11083229817846191
0.10203405684927816
0.24225491929643705
-0.04823179989017881
-0.0932864898874812
-0.10805847597544878
-0.11796239355692736
-0.125110179097067
-0.13025338788743573
-0.1337203034288777
-0.13599081758367643
-0.13743761072137303
-0.13834533692149087
-0.13890835469790735
-0.1392550382425187
-0.13946742030412118
-0.13959701845635747
-0.13967574746096362
-0.1397231706951768
-0.13975112734017126
-0.13976660959334317
-0.13977349043435575
-0.13977349043486526
-0.13976660959348336
-0.1397511273394244
-0.1397231706956209
-0.13967574746084516
-0.13959701845556338
-0.13946742030455309
-0.1392550382427095
-0.13890835469705068
-0.13834533692172218
-0.13743761072173724
-0.13599081758322953
-0.1337203034286622
-0.1302533878875086
-0.12511017909748579
-0.11796239355687299
-0.10805847597543404
-0.09328648988741416
-0.04823179988988609
0.24225491929589
0.1878706854071211
-0.03200357666272745
-0.05570790599857835
-0.0543535077676613
-0.0513848375273809
-0.05031794015590438
-0.05018290334959739
-0.05044766937106142
-0.050797732508126275
-0.0511113512762152
-0.051354456939177874
-0.051529304480263084
-0.05164953793788123
-0.051729800936924156
-0.051782255483708836
-0.05181594078869381
-0.051837164171079905
-0.05185012767534186
-0.05185749712067209
-0.05186082598907402
-0.05186082598939832
-0.05185749712072531
-0.05185012767502512
-0.05183716417176916
-0.051815940788621805
-0.05178225548318826
-0.0517298009375602
-0.051649537938191235
-0.05152930447943671
-0.051354456939494884
-0.05111135127666849
-0.05079773250771051
-0.050447669370889014
-0.05018290334974953
-0.05031794015581664
-0.05138483752724442
-0.0543535077675677
-0.055707905998623686
-0.03200357666271429
0.18787068540689417
0.1569849737516742
-0.02879225347599141
-0.04465564952278493
-0.036819139576917355
-0.028815856633732005
-0.024305916861410457
-0.02181620779411421
-0.020553634358165283
-0.019929943826595912
-0.01963594705488103
-0.019504552291797993
-0.019450898851696916
-0.019432644626941994
-0.019429386381588462
-0.019431658152258776
-0.01943531581362923
-0.019438709877352196
-0.019441298127850556
-0.019442982340781338
-0.01944380226024671
-0.01944380226013597
-0.01944298234056582
-0.019441298127978877
-0.01943870987751739
-0.019435315813218224
-0.019431658152071755
-0.019429386381948507
-0.01943264462689653
-0.019450898851361646
-0.019504552292006986
-0.019635947055031723
-0.01992994382660941
-0.020553634358084563
-0.021816207794218834
-0.024305916861390723
-0.028815856633645262
-0.036819139576891924
-0.04465564952273024
-0.028792253475964542
0.15698497375188986
0.14492140186662023
-0.02816544544978819
-0.041400722541798836
-0.03110737988672553
-0.021191765797234974
-0.015289660948441128
-0.01179590502837518
-0.009843223020012695
-0.008755003888406138
-0.008155848471044037
-0.007827259023809877
-0.007647969262538551
-0.007550530356428536
-0.007497804296846317
-0.007469404603226831
-0.007454192847192721
-0.007446110415232583
-0.007441885374576538
-0.007439778517341768
-0.007438908979732105
-0.007438908979733875
-0.007439778517305842
-0.007441885374695349
-0.007446110415337821
-0.007454192847281453
-0.007469404603331514
-0.007497804296819677
-0.007550530356604792
-0.007647969262704447
-0.007827259023570395
-0.008155848471043663
-0.00875500388861929
-0.00984322301992234
-0.011795905028303117
-0.01528966094855714
-0.021191765797124097
-0.031107379886796682
-0.041400722541759694
-0.0281654454497305
0.14492140186671554
0.14058129818933257
-0.028035717323223963
-0.04038750827695017
-0.02918592654563281
-0.01855273919956501
-0.012099913849452668
-0.008190548357803482
-0.005937704339124909
-0.004637658421116221
-0.003892834659235357
-0.0034659683252287435
-0.0032214861237999334
-0.003081392433811152
-0.0030010858914285123
-0.0029550398701063832
-0.002928660375351209
-0.002913614298212852
-0.0029051673211671746
-0.002900672761821285
-0.0028987280171343466
-0.0028987280176073294
-0.0029006727619701194
-0.0029051673208096195
-0.002913614298678798
-0.0029286603758283992
-0.0029550398697675085
-0.0030010858914480175
-0.003081392434473037
-0.0032214861236364322
-0.0034659683248214612
-0.0038928346597246494
-0.00463765842097782
-0.0059377043388965526
-0.008190548358038561
-0.012099913849466942
-0.018552739199363115
-0.029185926545613958
-0.04038750827691116
-0.028035717323118686
0.1405812981891874
0.13904885228874808
-0.028004014226094595
-0.04005132233727649
-0.028516154740837688
-0.01761416454175395
-0.010945941254566723
-0.006867619064327702
-0.004487504269360265
-0.0030938941526782553
-0.0022820889469146715
-0.0018082568910023629
-0.0015314540724387584
-0.0013694678665772523
-0.00127453918603898
-0.001218852437871087
-0.001186201959719004
-0.0011671488698255378
-0.0011562214798446833
-0.0011503012633819632
-0.0011477078255559224
-0.001147707825790152
-0.0011503012631954163
-0.001156221479613822
-0.0011671488703376993
-0.0011862019595598019
-0.0012188524372476624
-0.0012745391865776748
-0.0013694678669496942
-0.0015314540716553744
-0.0018082568909658227
-0.0022820889474622656
-0.003093894152225542
-0.0044875042691183906
-0.006867619064915441
-0.010945941254408356
-0.01761416454148216
-0.028516154741075536
-0.04005132233735509
-0.028004014225954735
0.13904885228875385
0.13850701962646728
-0.02799371426618116
-0.03993310333388325
-0.02827502515645148
-0.01727192705990807
-0.010519818283465151
-0.0063735001903222266
-0.003940304207902375
-0.0025062700886877855
-0.0016644909360059529
-0.001168910994189058
-0.0008766391287593667
-0.0007038386241140721
-0.0006014674335977805
-0.0005407339490170404
-0.0005047146024981309
-0.000483458248806152
-0.00047113962189909855
-0.0004644072818075385
-0.0004614406148570901
-0.0004614406146476209
-0.00046440728155870535
-0.0004711396221924382
-0.0004834582488965996
-0.0005047146019557195
-0.0005407339488643975
-0.0006014674340754755
-0.0007038386239336008
-0.0008766391281282332
-0.0011689109945712288
-0.0016644909362005926
-0.002506270088233042
-0.003940304207867123
-0.0063735001907447185
-0.010519818283404318
-0.017271927059893624
-0.028275025156623772
-0.039933103333844436
-0.02799371426607044
0.13850701962642412
0.13831382410740833
-0.027989364313136277
-0.03988949862656088
-0.02818577404352568
-0.017144374787131822
-0.010359591283296537
-0.006186039425316247
-0.0037309300612788448
-0.002279692577739335
-0.0014247604206819196
-0.0009193446342504817
-0.0006198669727399656
-0.00044188302295880067
-0.0003358456012088342
-0.000272560877755972
-0.00023479703030040194
-0.0002123747245250173
-0.0001993060375328481
-0.000192129453044565
-0.00018895671112049726
-0.00018895671124141494
-0.00019212945302936834
-0.0001993060372159965
-0.00021237472458010423
-0.0002347970305113439
-0.000272560877607967
-0.00033584560121244586
-0.0004418830231996116
-0.0006198669725870086
-0.0009193446342781561
-0.0014247604207369804
-0.0022796925774935693
-0.0037309300613193232
-0.006186039425448918
-0.010359591283257537
-0.017144374787193002
-0.02818577404339668
-0.03988949862657555
-0.027989364313408607
0.1383138241074383
0.13824419524913228
-0.027987279440272263
-0.03987280781299241
-0.028151961130508996
-0.017095929965445466
-0.010298382173091421
-0.0061139371891769404
-0.003649834719037869
-0.002191349478119698
-0.0013307259894063852
-0.0008209393833063534
-0.0005181742876766032
-0.0003377640132606358
-0.00022996733434752783
-0.00016542908228656968
-0.0001267889312418669
-0.00010376910058347254
-0.00009030936220115975
-0.00008289804343440842
-0.00007961547701560398
-0.0000796154778375917
-0.00008289804367274528
-0.00009030936128788777
-0.00010376910112355512
-0.0001267889318514761
-0.00016542908162254746
-0.00022996733452166281
-0.0003377640140991469
-0.000518174287319293
-0.0008209393830200849
-0.0013307259898792893
-0.0021913494780018052
-0.0036498347187293575
-0.006113937189334692
-0.010298382172936143
-0.017095929965305692
-0.028151961130553533
-0.039872807813077976
-0.027987279440582474
0.1382441952494705
0.13821881809509162
-0.027986251301972916
-0.039866238221200195
-0.028138900485340783
-0.01707722981242874
-0.010274673397988415
-0.006085867461613976
-0.0036180851681891796
-0.002156566326763802
-0.0012935045500057493
-0.0007818009339642534
-0.00047755986373059726
-0.00029603484303267506
-0.00018741156517360205
-0.00012227153704678247
-0.00008320213284344354
-0.000059884201900021995
-0.000046226282379714434
-0.00003869454091352217
-0.000035355191075918904
-0.00003535519135708422
-0.000038694540858848464
-0.00004622628236772808
-0.00005988420244507233
-0.00008320213284233663
-0.00012227153649415677
-0.00018741156579527485
-0.00029603484343828095
-0.0004775598629473481
-0.0007818009341217238
-0.0012935045506353281
-0.0021565663262978992
-0.003618085167761017
-0.006085867462023464
-0.010274673397842663
-0.017077229812317282
-0.02813890048545245
-0.039866238221258336
-0.02798625130191739
0.13821881809516437
0.1382094677224891
-0.027985749021614506
-0.03986359819240573
-0.02813377369907987
-0.017069910206346434
-0.01026537803146423
-0.006074822249664135
-0.0036055356441760536
-0.0021427521162152496
-0.0012786529413200036
-0.0007661166611350714
-0.00046122102145329026
-0.0002791913245041236
-0.00017018618592932504
-0.00010476269852673453
-0.0000654873641698044
-0.00004202402366365329
-0.00002826804833633233
-0.00002067606212390934
-0.000017308100770885066
-0.000017308100146380268
-0.000020676061690967167
-0.00002826804911288337
-0.0000420240235316166
-0.00006548736346575996
-0.00010476269860356264
-0.00017018618638889874
-0.000279191324020839
-0.0004612210210351237
-0.0007661166615059733
-0.0012786529413949146
-0.0021427521156877054
-0.0036055356440900226
-0.006074822250104809
-0.010265378031316401
-0.0170699102062396
-0.028133773699072016
-0.039863598192675154
-0.027985749021560063
0.13820946772233156
0.13820598684134727
-0.02798550816801745
-0.039862520785794456
-0.028131733997350097
-0.017067010614949318
-0.010261694642165222
-0.006070434528633588
-0.0036005326911365395
-0.0021372230617046043
-0.00127268458505917
-0.0007597892036052866
-0.0004546060009783038
-0.0002723504611628499
-0.00016317130884183675
-0.00009761636202399698
-0.00005824392930937181
-0.000034710988869272794
-0.000020907473008002275
-0.000013285984530563804
-9.903922178856899e-6
-9.90392214549415e-6
-0.000013285984551108308
-0.00002090747288556743
-0.000034710988570728124
-0.00005824392910338539
-0.0000976163619099719
-0.00016317130854614327
-0.00027235046096912494
-0.0004546060010601142
-0.0007597892034488657
-0.0012726845850358965
-0.002137223061884212
-0.0036005326910086254
-0.006070434528739016
-0.010261694642396239
-0.017067010614909714
-0.02813173399737473
-0.039862520786034056
-0.027985508168092296
0.1382059868415035
0.13820467847224918
-0.027985394775717605
-0.03986207598806691
-0.028130913300721157
-0.01706585000891503
-0.010260221307110413
-0.006068676661827793
-0.00359852286287488
-0.002134994564331084
-0.0012702706247287822
-0.0007572211729536058
-0.00045191254690293066
-0.00026955686545705276
-0.0001602992855240638
-0.0000946841449948686
-0.000055266584799521914
-0.00003170085833478118
-0.00001787468578021449
-0.000010239009921641294
-6.850130579697334e-6
-6.850131197030921e-6
-0.000010239010336472873
-0.000017874684613476175
-0.00003170085880516222
-0.00005526658548624623
-0.00009468414429056538
-0.0001602992852821416
-0.0002695568663045044
-0.00045191254662130004
-0.0007572211725652623
-0.0012702706251136908
-0.002134994564494645
-0.003598522862660929
-0.006068676661946864
-0.010260221307612137
-0.017065850008621115
-0.0281309133006188
-0.03986207598828606
-0.02798539477599943
0.13820467847225631
0.13820418226297485
-0.0279853422335828
-0.039861890771348926
-0.028130579961270517
-0.01706538129728456
-0.010259627113475053
-0.006067967079856567
-0.003597709891200945
-0.0021340907007033477
-0.0012692886078474485
-0.0007561732977524624
-0.00045081026972816835
-0.00026841050799311715
-0.00015911789657524532
-0.00009347548503121195
-0.00005403720554182937
-0.000030456241758670047
-0.00001661942877022988
-8.977037974687568e-6
-5.584916223568053e-6
-5.584916381876956e-6
-8.977038078551931e-6
-0.000016619428431162825
-0.000030456242497957
-0.00005403720549684958
-0.00009347548462042598
-0.00015911789725765168
-0.00026841050841951565
-0.0004508102689533465
-0.000756173298072266
-0.00126928860814333
-0.0021340907001965344
-0.003597709891093325
-0.006067967079996114
-0.010259627113377714
-0.017065381296948363
-0.028130579961168994
-0.039861890771488856
-0.027985342233755088
0.13820418226321995
0.1382039925270881
-0.02798531822682786
-0.03986181319176049
-0.02813044356120922
-0.017065190627636496
-0.010259385836785862
-0.0060676788404739265
-0.003597379143985709
-0.002133722162323151
-0.00126888718104577
-0.000755743805383054
-0.0004503572923288978
-0.00026793824888515067
-0.00015863011209763344
-0.00009297546253414894
-0.000053527772849510826
-0.000029939811412766962
-0.000016098068322897755
-8.452545498069522e-6
-5.0589023301392e-6
-5.058901820097474e-6
-8.452545201744343e-6
-0.000016098069148208193
-0.000029939811661932285
-0.00005352777205632443
-0.00009297546294954789
-0.0001586301128938994
-0.0002679382482128896
-0.0004503572918962435
-0.0007557438061658157
-0.001268887180750665
-0.0021337221619603178
-0.003597379144112813
-0.006067678840607401
-0.010259385836355661
-0.01706519062760029
-0.028130443561247092
-0.03986181319174062
-0.027985318226733443
0.13820399252699225
0.13820391956608194
-0.027985307430346915
-0.039861780666825074
-0.028130387572032074
-0.01706511280724493
-0.010259287560695218
-0.006067561434377025
-0.0035972442718579228
-0.002133571610128485
-0.001268722839604699
-0.0007555675675818995
-0.0004501709851452569
-0.0002677435780549027
-0.000158428630877776
-0.00009276855262211711
-0.0000533166428737442
-0.000029725514458014825
-0.000015881523440752988
-8.234562232860504e-6
-4.8402168065827e-6
-4.840216859803003e-6
-8.2345620733017e-6
-0.0000158815232702023
-0.000029725514437753346
-0.00005331664298488434
-0.00009276855241540226
-0.00015842863083900347
-0.000267743578157409
-0.0004501709851093165
-0.0007555675675580693
-0.001268722839439655
-0.0021335716102587835
-0.0035972442718864442
-0.0060675614344018886
-0.010259287560703208
-0.01706511280739954
-0.028130387571943635
-0.0398617806668117
-0.027985307430305167
0.1382039195656719
0.13820389177113923
-0.027985302740232164
-0.03986176728593516
-0.02813036494669381
-0.017065081520078275
-0.010259248127136853
-0.0060675143340155275
-0.003597190121175103
-0.0021335110784771903
-0.0012686566483791875
-0.000755496448619159
-0.00045009565394943493
-0.00026766471537849725
-0.0001583468655140532
-0.00009268444992433228
-0.00005323070777521128
-0.00002963819513038002
-0.00001579321324007357
-8.145613659356204e-6
-4.750957922805025e-6
-4.750958998729864e-6
-8.145613893389994e-6
-0.000015793211928454863
-0.000029638195410926237
-0.000053230708477227355
-0.00009268444880709103
-0.00015834686519064893
-0.0002676647161150246
-0.00045009565352984305
-0.0007554964478375421
-0.0012686566491223092
-0.0021335110786701054
-0.0035971901208283184
-0.006067514334224757
-0.01025924812734411
-0.017065081520068765
-0.028130364946928367
-0.03986176728611936
-0.027985302740465
0.1382038917712704
0.13820388234983466
-0.027985300994358964
-0.039861762482425754
-0.02813035692748273
-0.01706507047256109
-0.010259234224473286
-0.006067497731961494
-0.0035971710239769404
-0.0021334897108693665
-0.0012686332542303194
-0.0007554712773944847
-0.00045006895423617665
-0.0002676367262030169
-0.00015831780775914077
-0.00009265452597958116
-0.00005320010204917717
-0.000029607070892459766
-0.000015761714756033565
-8.113874531989226e-6
-4.7191024028568936e-6
-4.719102731727757e-6
-8.113874300438828e-6
-0.000015761714527997846
-0.000029607071348827667
-0.0000532001018661969
-0.0000926545256064065
-0.00015831780829341177
-0.0002676367262882951
-0.00045006895380696643
-0.0007554712772751
-0.001268633255036095
-0.0021334897102024512
-0.0035971710237633764
-0.006067497732466448
-0.010259234224276412
-0.017065070472278246
-0.028130356927863982
-0.039861762482334286
-0.02798530099397965
0.13820388234950792
0.13820388235030023
-0.02798530099455658
-0.039861762482497454
-0.0281303569275135
-0.01706507047262975
-0.01025923422469344
-0.0060674977318610265
-0.003597171023880713
-0.0021334897113392953
-0.0012686332542789173
-0.000755471276788644
-0.000450068954467194
-0.00026763672655697466
-0.00015831780698264696
-0.00009265452575418204
-0.000053200102780887654
-0.00002960707037155742
-0.00001576171409713086
-8.113875441016295e-6
-4.719102426684871e-6
-4.719101591441509e-6
-8.113874953140987e-6
-0.0000157617153251691
-0.000029607070439855584
-0.00005320010210354927
-0.00009265452662743996
-0.00015831780786110537
-0.0002676367259490859
-0.0004500689544277562
-0.0007554712775343472
-0.0012686332542527633
-0.002133489710425764
-0.003597171024140005
-0.006067497732061558
-0.010259234224136066
-0.017065070472424816
-0.028130356927521086
-0.03986176248213913
-0.02798530099375239
0.13820388234964354
0.13820389177070924
-0.02798530274021755
-0.03986176728591525
-0.02813036494671304
-0.017065081520210808
-0.010259248127405408
-0.006067514334004088
-0.003597190121111725
-0.0021335110788844136
-0.0012686566485082332
-0.0007554964479889896
-0.0004500956541223138
-0.0002676647157227715
-0.00015834686462318828
-0.00009268444970875229
-0.00005323070849539936
-0.000029638194463700368
-0.000015793212464579837
-8.145614402836153e-6
-4.7509578298006614e-6
-4.750958097548794e-6
-8.14561467639608e-6
-0.000015793212653929343
-0.000029638194673805738
-0.000053230708829863366
-0.00009268444980157825
-0.00015834686470912239
-0.0002676647157827806
-0.00045009565420459454
-0.0007554964480916351
-0.0012686566482510465
-0.002133511079016292
-0.0035971901209491215
-0.006067514333761876
-0.010259248127145635
-0.017065081520202245
-0.028130364946622022
-0.039861767285848254
-0.027985302740227865
0.13820389177076262
0.1382039195651157
-0.02798530743005567
-0.03986178066677893
-0.028130387572192588
-0.017065112807271708
-0.010259287560517864
-0.006067561434553289
-0.003597244272159965
-0.0021335716097754904
-0.0012687228395912103
-0.0007555675679570241
-0.0004501709846356524
-0.00026774357762005094
-0.00015842863167392558
-0.00009276855260139427
-0.000053316641923186795
-0.00002972551487329314
-0.000015881524126714864
-8.234561214377399e-6
-4.840216570798763e-6
-4.840218047671496e-6
-8.234561655717552e-6
-0.00001588152251257062
-0.000029725515541840366
-0.000053316642998797425
-0.00009276855139210051
-0.00015842863129685193
-0.0002677435788157278
-0.0004501709843711557
-0.0007555675675031101
-0.0012687228400509436
-0.0021335716100062585
-0.003597244271522551
-0.006067561434670278
-0.010259287560828414
-0.017065112807351606
-0.02813038757189961
-0.03986178066670188
-0.027985307430374966
0.13820391956491163
0.13820399252720283
-0.027985318226731427
-0.03986181319182165
-0.028130443561191005
-0.017065190627423767
-0.010259385836471471
-0.006067678840483528
-0.0035973791440177174
-0.002133722161876908
-0.0012688871809337179
-0.0007557438058230489
-0.000450357292040337
-0.00026793824858343
-0.00015863011293030204
-0.00009297546254804951
-0.00005352777219277001
-0.00002993981200053931
-0.000016098068913293472
-8.45254457723923e-6
-5.058902580322518e-6
-5.058902666579791e-6
-8.45254455800054e-6
-0.000016098068468914878
-0.000029939812486242293
-0.00005352777187337962
-0.00009297546191033132
-0.00015863011320985533
-0.0002679382487715521
-0.0004503572911663816
-0.0007557438061886201
-0.0012688871813766006
-0.002133722161401161
-0.0035973791440821468
-0.006067678840768573
-0.010259385836646758
-0.017065190627387747
-0.02813044356113879
-0.03986181319186018
-0.027985318226806943
0.13820399252703452
0.13820418226425052
-0.027985342233783638
-0.03986189077146963
-0.028130579961082064
-0.017065381297271687
-0.010259627113756702
-0.006067967079802655
-0.003597709891010764
-0.002134090701118535
-0.0012692886078309886
-0.000756173297178546
-0.00045081027014446295
-0.00026841050856765236
-0.00015911789591411266
-0.00009347548505708947
-0.000054037206559845344
-0.000030456241273304468
-0.00001661942805424957
-8.977039109485052e-6
-5.584916592135148e-6
-5.584915219258308e-6
-8.977038552038803e-6
-0.000016619429314349714
-0.00003045624141565918
-0.00005403720514535735
-0.00009347548564001294
-0.00015911789679088164
-0.00026841050766476056
-0.00045081026973958977
-0.0007561732980899366
-0.001269288607431536
-0.0021340907004143888
-0.003597709891272203
-0.006067967079682831
-0.010259627113536434
-0.017065381296942198
-0.028130579961256258
-0.039861890771501984
-0.02798534223335313
0.13820418226420728
0.13820467847290835
-0.027985394775980613
-0.039862075988249424
-0.028130913300730746
-0.01706585000911942
-0.010260221307472747
-0.006068676661744779
-0.0035985228628577144
-0.0021349945647220047
-0.0012702706245933905
-0.0007572211724893144
-0.00045191254703579427
-0.00026955686549010385
-0.00016029928466617944
-0.0000946841448142157
-0.00005526658523522928
-0.000031700857668433315
-0.000017874685212749536
-0.000010239010875450237
-6.850130362959641e-6
-6.8501303135928265e-6
-0.000010239010998025412
-0.000017874685548507707
-0.000031700857946378706
-0.00005526658567788984
-0.000094684145411452
-0.00016029928484421959
-0.0002695568658104968
-0.00045191254739207324
-0.0007572211724159545
-0.001270270624691884
-0.002134994564719049
-0.0035985228625437134
-0.0060686766617902435
-0.010260221307410923
-0.01706585000876231
-0.02813091330045788
-0.03986207598809899
-0.027985394775732045
0.1382046784724072
0.1382059868406109
-0.027985508168059295
-0.03986252078580351
-0.028131733997560002
-0.017067010615020944
-0.010261694642042778
-0.006070434528834143
-0.003600532691334327
-0.002137223061210053
-0.0012726845849275344
-0.0007597892040489528
-0.00045460600042308104
-0.00027235046045347665
-0.00016317130933616846
-0.00009761636193053313
-0.000058243928064779884
-0.00003471098928019699
-0.000020907473679980393
-0.00001328598336674786
-9.903921969831057e-6
-9.903923574584656e-6
-0.000013285984186958241
-0.000020907472275582616
-0.00003471098977543992
-0.00005824392975804084
-0.00009761636094904503
-0.00016317130901394208
-0.0002723504619986192
-0.00045460600028438697
-0.0007597892032883075
-0.0012726845856756493
-0.00213722306156731
-0.0036005326906382003
-0.006070434528885303
-0.010261694642174163
-0.017067010614840374
-0.028131733997298063
-0.03986252078609815
-0.02798550816798028
0.1382059868406515
0.13820946772251153
-0.027985749021575083
-0.03986359819220518
-0.02813377369920818
-0.0170699102063029
-0.010265378031339176
-0.006074822249726367
-0.003605535644107082
-0.0021427521158996184
-0.0012786529413833683
-0.0007661166613852314
-0.0004612210211126694
-0.0002791913242628225
-0.00017018618649524534
-0.00010476269836270859
-0.00006548736350660956
-0.000042024024336413394
-0.00002826804888176713
-0.0000206760613371374
-0.00001730810097399134
-0.000017308101179713534
-0.00002067606102229576
-0.00002826804830189215
-0.00004202402453202016
-0.00006548736336894955
-0.00010476269760664543
-0.00017018618696732827
-0.0002791913245187213
-0.00046122102023851214
-0.0007661166614262597
-0.0012786529418088771
-0.0021427521154746988
-0.003605535643956103
-0.006074822250228552
-0.010265378031175998
-0.017069910206023782
-0.02813377369931
-0.03986359819251423
-0.02798574902092866
0.13820946772174206
0.13821881809558212
-0.02798625130222635
-0.03986623822117215
-0.028138900485157648
-0.01707722981215319
-0.010274673398041806
-0.006085867461233416
-0.003618085167725754
-0.002156566327118261
-0.0012935045501009938
-0.0007818009334381959
-0.0004775598642436927
-0.0002960348437127219
-0.00018741156450860068
-0.00012227153703686249
-0.0000832021341207719
-0.00005988420148172846
-0.00004622628175444211
-0.00003869454214653724
-0.00003535519128867337
-0.00003535519001381133
-0.00003869454119751892
-0.0000462262829527412
-0.00005988420136178456
-0.00008320213231031362
-0.00012227153727968908
-0.00018741156522085556
-0.0002960348425588838
-0.00047755986349108485
-0.0007818009342211113
-0.0012935045500933082
-0.0021565663263264047
-0.0036180851682640403
-0.00608586746186986
-0.010274673397743154
-0.017077229812442946
-0.02813890048552514
-0.039866238220987095
-0.0279862513018419
0.13821881809497805
0.13824419524973508
-0.0279872794404113
-0.03987280781309173
-0.02815196113033401
-0.017095929965259937
-0.010298382172952427
-0.006113937188976553
-0.0036498347189917505
-0.002191349478312107
-0.0013307259892956587
-0.0008209393830198755
-0.0005181742881269927
-0.00033776401349865727
-0.000229967333854262
-0.00016542908265693694
-0.00012678893200891895
-0.00010376910002363673
-0.0000903093618878731
-0.00008289804433573962
-0.00007961547685090734
-0.00007961547699632357
-0.00008289804446626505
-0.00009030936177674019
-0.00010376909995774572
-0.00012678893180851204
-0.0001654290823580844
-0.00022996733401558304
-0.0003377640136764755
-0.0005181742877994851
-0.0008209393830868665
-0.0013307259896061757
-0.002191349478292105
-0.0036498347189852813
-0.006113937189062375
-0.010298382173181492
-0.017095929965562008
-0.02815196113041018
-0.03987280781311174
-0.027987279440652803
0.1382441952505325
0.1383138241073263
-0.027989364313092242
-0.039889498626654536
-0.028185774043697206
-0.01714437478713903
-0.010359591283082902
-0.006186039425569329
-0.003730930061597743
-0.002279692577218319
-0.0014247604204899334
-0.0009193446349147457
-0.0006198669723565039
-0.0004418830221081817
-0.0003358456019573688
-0.0002725608778778406
-0.00023479702911876835
-0.00021237472495701435
-0.0001993060382727998
-0.00019212945194781048
-0.00018895671074033795
-0.00018895671237209285
-0.00019212945253391413
-0.0001993060363880775
-0.00021237472578370246
-0.00023479703105905826
-0.0002725608767735885
-0.0003358456017783329
-0.00044188302399378624
-0.0006198669720932633
-0.0009193446341738004
-0.0014247604212606138
-0.0022796925773905475
-0.0037309300608160643
-0.006186039425766153
-0.010359591283435398
-0.01714437478674951
-0.028185774043455326
-0.039889498626839395
-0.027989364313331107
0.13831382410733517
0.138507019626864
-0.027993714265975134
-0.039933103334022474
-0.028275025156664555
-0.017271927060010954
-0.010519818283520936
-0.006373500190514013
-0.003940304208039381
-0.0025062700885346107
-0.0016644909360480553
-0.001168910994432491
-0.0008766391282345109
-0.0007038386239020674
-0.0006014674341478956
-0.0005407339487128492
-0.0005047146017498714
-0.0004834582493184156
-0.00047113962207359834
-0.000464407280897547
-0.00046144061507532783
-0.0004614406154341832
-0.00046440728096204824
-0.00047113962205474526
-0.00048345825006089135
-0.0005047146018676407
-0.0005407339483015549
-0.0006014674346557297
-0.0007038386242845126
-0.0008766391277439914
-0.001168910994560075
-0.00166449093666157
-0.0025062700879942452
-0.003940304207781544
-0.006373500191228218
-0.010519818283303051
-0.017271927059719333
-0.02827502515675192
-0.039933103333828726
-0.027993714266005876
0.13850701962658382
0.13904885228924957
-0.02800401422590989
-0.040051322337328596
-0.028516154740561243
-0.017614164541670058
-0.010945941254833249
-0.006867619064114212
-0.004487504269063634
-0.003093894153126793
-0.002282088947028938
-0.0018082568903166024
-0.0015314540728275905
-0.0013694678674906506
-0.0012745391853740576
-0.0012188524378664663
-0.0011862019611181124
-0.0011671488696982125
-0.0011562214790712076
-0.0011503012644952417
-0.0011477078260293129
-0.0011477078244758816
-0.0011503012635548228
-0.001156221480548066
-0.0011671488690598688
-0.001186201959002849
-0.0012188524384218868
-0.0012745391859901912
-0.0013694678660014694
-0.0015314540724745691
-0.0018082568912091276
-0.0022820889468213954
-0.0030938941522665507
-0.004487504269633744
-0.006867619064679156
-0.010945941254470855
-0.0176141645418957
-0.02851615474117329
-0.0400513223374047
-0.02800401422600258
0.13904885228973102
0.14058129818921777
-0.02803571732293015
-0.040387508276760985
-0.029185926545555886
-0.01855273919949311
-0.01209991384942363
-0.008190548357614564
-0.005937704338947682
-0.00463765842128307
-0.0038928346592865693
-0.003465968325037169
-0.0032214861242565182
-0.0030813924342075394
-0.003001085891250258
-0.0029550398706533866
-0.002928660376258507
-0.0029136142979528734
-0.0029051673210944936
-0.0029006727627356415
-0.0028987280169230504
-0.002898728016923909
-0.002900672762582204
-0.002905167320900004
-0.002913614297494438
-0.0029286603758744492
-0.002955039870077274
-0.00300108589052883
-0.003081392434062237
-0.0032214861243182423
-0.0034659683246363853
-0.0038928346590828555
-0.00463765842171778
-0.005937704339266905
-0.0081905483578355
-0.012099913849835362
-0.018552739199566022
-0.029185926545735458
-0.040387508276972454
-0.028035717323421375
0.14058129818927834
0.14492140186646738
-0.028165445449585293
-0.0414007225415486
-0.03110737988691446
-0.021191765797162393
-0.015289660948025592
-0.011795905028495644
-0.009843223020383717
-0.008755003887916779
-0.008155848470896957
-0.007827259024569756
-0.007647969262235873
-0.007550530355714505
-0.0074978042978136195
-0.007469404603524448
-0.007454192846045904
-0.007446110415697299
-0.0074418853757937916
-0.007439778516392367
-0.0074389089793234576
-0.007438908981140179
-0.007439778516963296
-0.0074418853734521395
-0.0074461104162102665
-0.00745419284754468
-0.007469404601967586
-0.007497804297307133
-0.0075505303573934835
-0.007647969261815868
-0.00782725902347916
-0.008155848471939151
-0.008755003888889674
-0.009843223019658207
-0.011795905028758954
-0.015289660948831954
-0.021191765797294017
-0.03110737988690048
-0.04140072254176341
-0.02816544545025724
0.14492140186678137
0.15698497375124215
-0.02879225347612508
-0.04465564952279533
-0.03681913957695517
-0.028815856633775262
-0.02430591686146301
-0.021816207794407107
-0.020553634358310577
-0.019929943826318852
-0.019635947055084743
-0.019504552292229638
-0.01945089885137347
-0.019432644626797044
-0.019429386382003158
-0.01943165815216142
-0.019435315813213644
-0.01943870987780604
-0.0194412981279345
-0.01944298233991893
-0.019443802260593467
-0.019443802260765967
-0.01944298233995951
-0.01944129812775856
-0.019438709878517202
-0.019435315813179956
-0.019431658151694797
-0.01942938638277738
-0.01943264462727908
-0.019450898850699096
-0.01950455229239988
-0.01963594705550717
-0.019929943826003882
-0.020553634357975505
-0.02181620779463181
-0.024305916861301333
-0.028815856633431898
-0.03681913957688039
-0.044655649522876
-0.028792253476041627
0.156984973751702
0.1878706854075863
-0.03200357666265277
-0.05570790599857886
-0.054353507767652215
-0.05138483752769304
-0.050317940156332376
-0.050182903349312254
-0.05044766937073357
-0.05079773250883854
-0.051111351276419845
-0.05135445693839337
-0.051529304480746885
-0.05164953793867591
-0.05172980093590339
-0.05178225548336424
-0.051815940789796726
-0.051837164170443234
-0.05185012767432245
-0.05185749712205602
-0.051860825989557505
-0.05186082598777045
-0.051857497121320775
-0.05185012767640606
-0.05183716417074079
-0.05181594078827789
-0.051782255484469866
-0.05172980093730198
-0.051649537937258586
-0.051529304480027675
-0.051354456939676066
-0.051111351276005204
-0.050797732507915805
-0.050447669371352095
-0.0501829033495718
-0.05031794015552432
-0.051384837526982266
-0.054353507767647094
-0.05570790599876676
-0.03200357666248083
0.18787068540776047
0.24225491929562093
-0.04823179989021792
-0.09328648988745847
-0.10805847597520427
-0.117962393556858
-0.12511017909720745
-0.13025338788716542
-0.1337203034288147
-0.13599081758401232
-0.1374376107210285
-0.13834533692143847
-0.13890835469867227
-0.13925503824245314
-0.13946742030337422
-0.13959701845701034
-0.1396757474618361
-0.13972317069430357
-0.13975112734035075
-0.13976660959490517
-0.13977349043361237
-0.13977349043362416
-0.13976660959504061
-0.13975112733981704
-0.13972317069377663
-0.13967574746163242
-0.13959701845676858
-0.13946742030305398
-0.1392550382423709
-0.13890835469845977
-0.13834533692124346
-0.13743761072104987
-0.13599081758412745
-0.13372030342889285
-0.13025338788723603
-0.12511017909715794
-0.11796239355696961
-0.10805847597582047
-0.09328648988786116
-0.04823179989058736
0.24225491929621806
0.10203405685116781
-0.11083229817833254
-0.18373090815826132
-0.23421834155319265
-0.27553751558504896
-0.3014235493745857
-0.3177651529395901
-0.32754395596496644
-0.33336670070056806
-0.33679861882799744
-0.3388194361070118
-0.3400089535912806
-0.3407102806252805
-0.3411245787920818
-0.3413697699666298
-0.3415149317918015
-0.34160051380681794
-0.34165009735108187
-0.3416772009906057
-0.3416891484655612
-0.3416891484671306
-0.3416772009918098
-0.3416500973477533
-0.3416005138056572
-0.34151493179309456
-0.34136976996584006
-0.3411245787902314
-0.34071028062650166
-0.34000895359227157
-0.3388194361056033
-0.33679861882751194
-0.3333667007024378
-0.3275439559647169
-0.31776515293916513
-0.30142354937575144
-0.275537515585268
-0.2342183415532536
-0.1837309081573667
-0.11083229817787196
0.1020340568501204
-2.772620046243527
0.6399049381184403
0.9776793640820685
0.8600591408283045
0.7361773420206605
0.6630296435218558
0.6201832215497731
0.5962644345573469
0.5827889845561347
0.5751935785404185
0.5708778418826685
0.5684099040516004
0.5669889050229021
0.5661658058262788
0.5656866160899934
0.5654068040373261
0.5652437211332146
0.5651501101259845
0.565099296580668
0.5650769962240314
0.5650769962326128
0.5650992965759837
0.565150110121165
0.5652437211353758
0.5654068040384912
0.5656866160766556
0.5661658058362937
0.5669889050269218
0.5684099040383868
0.5708778418852529
0.5751935785534927
0.5827889845499286
0.5962644345532041
0.6201832215602872
0.6630296435175962
0.7361773420195423
0.8600591408311558
0.9776793640820673
0.639904938116192
-2.7726200462468142