-56.46531192629737
1.851804818881505
2.6375107770240267
7.620076143572055
8.491318267042026
9.304006177729534
9.592010251660032
9.771708244107941
9.854066845849502
9.899166422099736
9.920679405238497
9.929747498310523
9.929747498310395
9.920679405238696
9.899166422099722
9.854066845850538
9.771708244106705
9.592010251661817
9.304006177729242
8.491318267042356
7.620076143570298
2.637510777026332
1.8518048188822234
-56.46531192629925
-11.481062845211714
-0.830472719477268
-1.666747558210924
-0.5420324388289433
-0.45056006018797357
-0.2546387010893588
-0.19260195107107117
-0.14527032907917548
-0.12345043296140445
-0.11048262723541427
-0.10416063247513574
-0.10140034212820415
-0.10140034212824331
-0.10416063247519164
-0.11048262723526456
-0.12345043296135608
-0.14527032907928092
-0.19260195107084965
-0.2546387010894013
-0.4505600601880089
-0.5420324388290945
-1.6667475582108424
-0.8304727194772696
-11.48106284521199
0.4838513380987214
-0.44288560067160176
-0.8786841271798446
-0.8384276338944271
-0.8923771567306835
-0.8802266667853689
-0.8821425801502325
-0.8777382351205683
-0.8759354853385475
-0.8742353791009869
-0.8733658464769508
-0.8729280043114047
-0.8729280043114427
-0.8733658464769856
-0.8742353791009412
-0.8759354853385
-0.8777382351205596
-0.8821425801501914
-0.8802266667853375
-0.8923771567306522
-0.8384276338944989
-0.8786841271798244
-0.4428856006715124
0.48385133809875275
4.882193674473891
-0.22453771549399032
-0.3777763541977888
-0.7762610058300252
-0.8645532345093143
-0.9274506336735789
-0.9525321883058815
-0.966044982472031
-0.9724652727694052
-0.9756818853051752
-0.9772139003901712
-0.9778273920146687
-0.9778273920146717
-0.9772139003901827
-0.9756818853051197
-0.9724652727693156
-0.9660449824720989
-0.9525321883057929
-0.9274506336735832
-0.864553234509221
-0.7762610058301851
-0.37777635419763533
-0.22453771549384124
4.882193674473755
6.698170539548208
-0.11891197947717438
-0.1330428328440823
-0.724878994543118
-0.8228534299990993
-0.9194938239763607
-0.9539325239367955
-0.9755309429336119
-0.98554611810817
-0.9910169782307967
-0.9936449925563478
-0.9947490405991168
-0.9947490405991604
-0.9936449925563919
-0.9910169782306988
-0.9855461181081042
-0.9755309429337382
-0.9539325239365872
-0.919493823976385
-0.8228534299990287
-0.7248789945433431
-0.13304283284386215
-0.11891197947706889
6.69817053954806
7.492183152140846
-0.06803215774198831
-0.016946116177190704
-0.6969764204457207
-0.7983102364476442
-0.910769987153531
-0.9493258050107466
-0.9747498975997286
-0.9864224866279121
-0.9929690453356868
-0.9961156856862095
-0.9974558581338807
-0.9974558581339346
-0.9961156856862288
-0.9929690453356468
-0.9864224866278557
-0.9747498975998616
-0.9493258050105693
-0.9107699871535926
-0.7983102364475623
-0.6969764204459633
-0.01694611617695947
-0.06803215774190965
7.492183152140714
7.85087406125249
-0.0434713587325717
0.03816123843330403
-0.6828699086130625
-0.7855818752767207
-0.905593724225829
-0.9460621777239897
-0.9733408988366312
-0.9858061844825875
-0.9928796599044191
-0.9962789140838617
-0.9977356005403529
-0.9977356005403639
-0.9962789140838446
-0.9928796599043826
-0.9858061844825533
-0.9733408988367805
-0.9460621777237928
-0.9055937242259002
-0.7855818752766749
-0.682869908613225
0.038161238433512754
-0.04347135873261652
7.850874061252398
8.016300430967885
-0.03158824874677596
0.06446165237605775
-0.6758721214360308
-0.7792081803741759
-0.9028561740341201
-0.9442396874098764
-0.9724268768615381
-0.985279009565122
-0.9926138370870304
-0.9961381732818273
-0.997653112934768
-0.9976531129347379
-0.9961381732817918
-0.9926138370870554
-0.9852790095651357
-0.9724268768616191
-0.9442396874097865
-0.9028561740341775
-0.7792081803741624
-0.6758721214361167
0.06446165237620927
-0.03158824874678999
8.016300430967839
8.093603901836964
-0.02583231101962758
0.07706907996710004
-0.6724254771661613
-0.7760577057098492
-0.9014627880841398
-0.9432900579828135
-0.9719234006897101
-0.9849658702455724
-0.9924306969009505
-0.9960173150124825
-0.9975614652101299
-0.9975614652101334
-0.9960173150124354
-0.9924306969010399
-0.9849658702456432
-0.9719234006897068
-0.9432900579828514
-0.9014627880841539
-0.7760577057099458
-0.6724254771661469
0.07706907996710083
-0.025832311019811472
8.093603901836971
8.129857349910406
-0.023057994823758827
0.08309859983538875
-0.6707436836095909
-0.7745184048131744
-0.9007692793020272
-0.9428117030056343
-0.9716627922889365
-0.9847985564514565
-0.9923275646633414
-0.9959450057087613
-0.9975036837553749
-0.9975036837553285
-0.9959450057087241
-0.9923275646634095
-0.9847985564515342
-0.9716627922889088
-0.942811703005749
-0.9007692793020409
-0.7745184048132681
-0.6707436836094389
0.08309859983528547
-0.023057994823992532
8.129857349910438
8.146440047900107
-0.02176294459156255
0.08589741412208143
-0.6699514828409632
-0.7737930030517784
-0.9004383877473728
-0.942581920173784
-0.9715356784044251
-0.984715637387513
-0.9922751906644272
-0.9959073399193494
-0.9974729734459344
-0.997472973445849
-0.9959073399193072
-0.9922751906644671
-0.984715637387632
-0.9715356784043377
-0.9425819201739456
-0.9004383877473714
-0.7737930030518413
-0.6699514828407553
0.08589741412189071
-0.02176294459171137
8.146440047900281
8.152900275379903
-0.021251788104732973
0.08699822685239371
-0.6696369763645127
-0.7735049799413263
-0.9003060116584907
-0.9424896568884759
-0.9714842098230169
-0.984681791911375
-0.9922535576712316
-0.9958915996460418
-0.9974600252379446
-0.9974600252379071
-0.9958915996460427
-0.9922535576712634
-0.9846817919114887
-0.9714842098228637
-0.942489656888607
-0.9003060116584427
-0.7735049799413989
-0.6696369763642582
0.08699822685212054
-0.021251788104844703
8.15290027538008
8.152900275380244
-0.021251788104886572
0.086998226852347
-0.669636976364484
-0.7735049799413674
-0.9003060116585286
-0.9424896568884804
-0.9714842098230706
-0.9846817919114044
-0.9922535576712384
-0.9958915996460016
-0.9974600252379395
-0.9974600252379049
-0.9958915996460127
-0.9922535576712728
-0.9846817919114843
-0.9714842098228984
-0.9424896568886263
-0.90030601165846
-0.7735049799413535
-0.6696369763643868
0.08699822685207587
-0.021251788104832026
8.152900275380325
8.146440047900082
-0.021762944591879253
0.08589741412212795
-0.6699514828409365
-0.7737930030518853
-0.9004383877474083
-0.9425819201737847
-0.971535678404499
-0.9847156373875408
-0.9922751906644469
-0.9959073399192928
-0.9974729734458879
-0.9974729734459218
-0.995907339919333
-0.9922751906644365
-0.9847156373874995
-0.971535678404374
-0.9425819201738388
-0.9004383877473147
-0.7737930030518052
-0.669951482840873
0.08589741412197317
-0.021762944591646766
8.146440047900093
8.129857349910832
-0.023057994824231383
0.08309859983542628
-0.6707436836095354
-0.7745184048132746
-0.9007692793020907
-0.9428117030056489
-0.9716627922890554
-0.9847985564515307
-0.9923275646633978
-0.995945005708661
-0.9975036837553728
-0.9975036837554314
-0.9959450057087129
-0.9923275646633161
-0.9847985564514035
-0.9716627922889578
-0.9428117030055969
-0.9007692793020299
-0.7745184048131817
-0.6707436836096076
0.08309859983540105
-0.023057994823877465
8.12985734991073
8.093603901837154
-0.025832311020115704
0.07706907996716092
-0.6724254771660629
-0.77605770570994
-0.9014627880841484
-0.9432900579828039
-0.9719234006897586
-0.9849658702456296
-0.9924306969009979
-0.9960173150123153
-0.9975614652101593
-0.9975614652101528
-0.996017315012436
-0.9924306969009384
-0.9849658702454753
-0.971923400689761
-0.9432900579827045
-0.9014627880841042
-0.7760577057098117
-0.6724254771662965
0.07706907996729329
-0.02583231101973306
8.0936039018369
8.016300430968009
-0.03158824874708456
0.06446165237605844
-0.675872121435978
-0.7792081803742275
-0.9028561740341657
-0.9442396874098961
-0.9724268768615951
-0.9852790095651329
-0.9926138370870592
-0.9961381732817063
-0.9976531129347292
-0.9976531129347816
-0.9961381732818243
-0.9926138370869948
-0.9852790095650323
-0.9724268768617085
-0.9442396874097008
-0.9028561740341041
-0.7792081803741501
-0.6758721214362318
0.06446165237632487
-0.03158824874680653
8.016300430967775
7.850874061252476
-0.04347135873260846
0.038161238433324585
-0.6828699086130512
-0.7855818752767424
-0.9055937242258681
-0.9460621777239815
-0.9733408988366605
-0.9858061844825715
-0.9928796599044136
-0.9962789140838092
-0.9977356005403748
-0.9977356005404169
-0.9962789140838051
-0.992879659904303
-0.9858061844824626
-0.973340898836749
-0.9460621777238272
-0.905593724225912
-0.7855818752766535
-0.6828699086133123
0.03816123843349671
-0.043471358732602314
7.850874061252187
7.492183152140523
-0.0680321577418282
-0.016946116177192383
-0.6969764204457418
-0.7983102364476001
-0.9107699871534525
-0.9493258050107267
-0.9747498975996842
-0.9864224866278553
-0.9929690453356848
-0.9961156856862768
-0.9974558581338755
-0.9974558581338762
-0.996115685686237
-0.9929690453356387
-0.9864224866278624
-0.9747498975998946
-0.949325805010574
-0.9107699871536226
-0.7983102364476027
-0.6969764204458946
-0.01694611617698233
-0.06803215774203242
7.492183152140371
6.698170539548007
-0.11891197947695914
-0.13304283284422708
-0.7248789945431917
-0.8228534299989982
-0.9194938239763636
-0.9539325239368148
-0.9755309429335632
-0.9855461181082081
-0.9910169782307203
-0.9936449925564479
-0.9947490405991555
-0.9947490405990871
-0.9936449925563964
-0.9910169782308375
-0.9855461181083107
-0.9755309429336826
-0.9539325239367604
-0.9194938239763872
-0.8228534299991279
-0.7248789945432845
-0.1330428328440827
-0.11891197947722684
6.698170539548144
4.882193674473224
-0.22453771549341922
-0.3777763541977251
-0.7762610058300565
-0.8645532345091811
-0.9274506336734933
-0.952532188305845
-0.9660449824719105
-0.972465272769273
-0.9756818853050686
-0.9772139003902838
-0.9778273920146041
-0.9778273920145797
-0.9772139003901674
-0.9756818853051816
-0.9724652727694404
-0.9660449824719984
-0.9525321883059803
-0.92745063367349
-0.8645532345093812
-0.776261005829984
-0.37777635419764904
-0.22453771549396281
4.882193674473431
0.48385133809872205
-0.44288560067119354
-0.8786841271800144
-0.838427633894492
-0.8923771567306291
-0.8802266667853784
-0.8821425801502438
-0.8777382351204772
-0.8759354853385297
-0.8742353791009789
-0.8733658464770524
-0.8729280043114348
-0.8729280043113743
-0.8733658464769545
-0.8742353791010657
-0.875935485338655
-0.8777382351205434
-0.8821425801503351
-0.8802266667854535
-0.8923771567307694
-0.8384276338943132
-0.8786841271800367
-0.4428856006717238
0.4838513380988825
-11.481062845212067
-0.8304727194771128
-1.6667475582109212
-0.5420324388290518
-0.4505600601879741
-0.2546387010893083
-0.19260195107095918
-0.14527032907911117
-0.12345043296135602
-0.11048262723532636
-0.10416063247520116
-0.10140034212815874
-0.10140034212810499
-0.10416063247514908
-0.11048262723536317
-0.12345043296138473
-0.14527032907919354
-0.19260195107104094
-0.25463870108933906
-0.45056006018796557
-0.5420324388292361
-1.66674755821089
-0.8304727194771636
-11.481062845212362
-56.46531192629737
1.8518048188814673
2.6375107770240556
7.620076143572044
8.491318267042056
9.304006177729535
9.592010251660094
9.771708244107895
9.854066845849516
9.899166422099805
9.920679405238438
9.929747498310498
9.929747498310425
9.920679405238694
9.89916642209974
9.854066845850443
9.771708244106746
9.592010251661726
9.304006177729281
8.491318267042377
7.620076143570159
2.6375107770263897
1.851804818882159
-56.46531192629894