298.472071743572
-4.828420344082599
1.4827359698808928
-18.8615638183739
-18.643124034517434
-20.465953739090466
-20.481405226379756
-20.661590234366507
-20.66761518813879
-20.68654353349104
-20.687741774480383
-20.689831328708294
-20.690035494323823
-20.690277209027357
-20.69031007236715
-20.690339374249415
-20.690344551359637
-20.690348275308757
-20.690349086133853
-20.690349580678426
-20.690349705013233
-20.690349764126047
-20.690349764085617
-20.690349705054963
-20.69034958064441
-20.690349086157035
-20.690348275317543
-20.69034455134033
-20.690339374291046
-20.690310072335315
-20.690277209064508
-20.690035494297668
-20.689831328735018
-20.68774177445978
-20.68654353348588
-20.667615188145867
-20.661590234342615
-20.4814052263838
-20.465953739083
-18.643124034532867
-18.861563818377018
1.4827359698672709
-4.828420344079149
298.4720717435764
40.87309936480062
0.6476271650545111
4.050056149503007
0.7074040217050881
1.0031742219881206
0.7332519453904774
0.7607100963755821
0.7392896594348233
0.7418625231627543
0.7402131870648788
0.7404460097307821
0.7403253302822856
0.7403441716046475
0.7403358768952583
0.7403369030168399
0.7403363274091842
0.740336264718145
0.7403362076682156
0.7403361701776511
0.740336159847642
0.740336150662504
0.7403361488084118
0.7403361488105393
0.7403361506603212
0.7403361598486116
0.7403361701771458
0.7403362076661932
0.74033626471918
0.7403363274053371
0.7403369030190484
0.7403358768918875
0.7403441716069186
0.7403253302790906
0.7404460097348697
0.7402131870631999
0.7418625231642404
0.7392896594353146
0.7607100963753637
0.7332519453909427
1.0031742219860984
0.7074040217054653
4.050056149500964
0.6476271650563041
40.87309936479876
0.8631408714617976
0.38551329448436517
1.4155382190328112
0.8968321620636455
1.0143783783800098
0.951563064124885
0.964811653659202
0.9585758922445429
0.9601180417077559
0.9595539266676429
0.9597395910216224
0.9596932655640773
0.9597164629667239
0.9597133326190566
0.959716350522122
0.9597162615617908
0.9597166705196702
0.9597166957994834
0.9597167533353854
0.9597167611122029
0.9597167693043933
0.959716770620864
0.9597167706219825
0.9597167693032203
0.9597167611132553
0.9597167533348108
0.959716695799089
0.9597166705200011
0.9597162615606085
0.9597163505224284
0.9597133326176841
0.9597164629672038
0.9596932655631636
0.959739591022716
0.959553926667471
0.9601180417083979
0.9585758922450136
0.9648116536593313
0.9515630641246281
1.0143783783798845
0.8968321620638053
1.415538219032598
0.38551329448569904
0.8631408714637411
-11.463171365651021
0.27569400248721854
0.3067013560769356
0.9140479121264136
0.9415811267818931
0.9829668094255106
0.9877418781995313
0.9910787389066028
0.9917968968636641
0.9921219715894749
0.9922260688442082
0.9922640796305866
0.9922790777857102
0.9922841707839218
0.9922863501213086
0.9922870917551824
0.9922874136089677
0.9922875267458275
0.9922875751999802
0.992287592860842
0.9922876001311942
0.9922876025033982
0.9922876025043774
0.9922876001304621
0.9922875928612207
0.9922875751995697
0.9922875267456219
0.9922874136090305
0.9922870917544868
0.9922863501216785
0.9922841707831531
0.9922790777861737
0.9922640796302884
0.9922260688442995
0.9921219715893496
0.9917968968642328
0.9910787389072141
0.9877418781988148
0.982966809425545
0.9415811267818368
0.9140479121269797
0.3067013560764351
0.27569400248761117
-11.463171365650421
-15.826667540494903
0.22745869127905127
-0.13591505592216918
0.9124514456477151
0.9009774594298372
0.988252191363943
0.9891772150771168
0.9971449318139246
0.9974757983824
0.9982598173085375
0.998324475819951
0.9984076116671049
0.9984185854152512
0.9984281029916358
0.9984298735231321
0.998431048496872
0.9984313291866747
0.9984314846700539
0.9984315290392797
0.9984315508063438
0.9984315576865976
0.9984315604132976
0.9984315604150005
0.9984315576849252
0.998431550807076
0.998431529038388
0.9984314846703162
0.9984313291867666
0.998431048496738
0.9984298735239601
0.9984281029910718
0.9984185854162642
0.9984076116664901
0.9983244758198909
0.9982598173083286
0.9974757983830029
0.9971449318146637
0.9891772150761496
0.9882521913646796
0.9009774594299953
0.9124514456488463
-0.13591505592237169
0.22745869127916135
-15.82666754049482
-17.461669186613257
0.2068834525837864
-0.3119978720003961
0.9100116117000485
0.8822305972279785
0.988970814640975
0.988235687303987
0.998321713003363
0.9984831439615154
0.999491325387377
0.9995384574813695
0.9996448538767131
0.9996539965358933
0.9996658973098673
0.99966747596855
0.9996688931480503
0.9996691537849303
0.9996693337536302
0.9996693760413774
0.9996694002712183
0.9996694069399947
0.9996694098889936
0.9996694098907991
0.9996694069379806
0.9996694002721944
0.9996693760401902
0.9996693337537195
0.999669153785007
0.999668893147424
0.9996674759692291
0.9996658973088007
0.9996539965369027
0.9996448538757253
0.9995384574820618
0.999491325387114
0.9984831439621247
0.9983217130037374
0.9882356873037406
0.9889708146416396
0.8822305972276312
0.9100116117008457
-0.3119978720010658
0.2068834525840249
-17.461669186613683
-18.09353671380979
0.19827175249924195
-0.3825019523504191
0.9086113948536638
0.8740881954310822
0.9889568800409311
0.9875195501080352
0.9985429512571878
0.9986325570751192
0.9997458376400282
0.999785588568665
0.9999034823673307
0.9999118557420568
0.9999249905694053
0.9999264879999452
0.9999280357744503
0.9999282877721066
0.9999284814165166
0.9999285227850175
0.9999285484335636
0.9999285550063868
0.999928558087338
0.9999285580884703
0.9999285550051917
0.9999285484343543
0.9999285227845658
0.9999284814162244
0.9999282877725875
0.9999280357735684
0.9999264880006759
0.9999249905685763
0.9999118557427451
0.9999034823665047
0.9997855885695911
0.9997458376399677
0.9986325570755387
0.9985429512575761
0.9875195501083854
0.9889568800410642
0.874088195431043
0.9086113948536281
-0.3825019523507423
0.19827175249960025
-18.093536713809236
-18.342524891356078
0.19469883094559975
-0.41094671468742466
0.9079421611918699
0.8706398178810266
0.988880560172553
0.9871487353534248
0.9985781130560167
0.9986377000934354
0.9997987325883427
0.9998354709072377
0.9999588432880859
0.9999669129596083
0.9999806626222849
0.9999821289346902
0.9999837444624924
0.9999839932114509
0.999984194212672
0.999984235237422
0.9999842616746002
0.9999842682110004
0.9999842713672219
0.9999842713680156
0.9999842682101616
0.9999842616751076
0.999984235237152
0.9999841942131049
0.9999839932115955
0.9999837444623224
0.9999821289347989
0.9999806626219918
0.9999669129594715
0.9999588432881368
0.999835470907116
0.9997987325886653
0.9986377000933389
0.9985781130567903
0.987148735352758
0.9888805601725745
0.8706398178808907
0.907942161191579
-0.410946714687739
0.19469883094615759
-18.342524891355914
-18.44195923458121
0.19322112545114212
-0.42250102418255653
0.9076436041865199
0.869195394972762
0.9888321178911075
0.9869772413691454
0.9985800753695966
0.9986271805969078
0.9998094155434639
0.9998449426140392
0.9999708500384721
0.9999788052231517
0.999992851297959
0.9999943068618002
0.999995956354114
0.9999962040830525
0.9999964089081593
0.9999964498342135
0.9999964766945246
0.9999964832216354
0.9999964864188122
0.9999964864203136
0.999996483220291
0.9999964766952736
0.999996449833473
0.9999964089086439
0.9999962040827882
0.9999959563535893
0.9999943068620745
0.9999928512972591
0.9999788052238228
0.9999708500385459
0.9998449426140144
0.9998094155432841
0.9986271805977509
0.998580075370415
0.9869772413681344
0.9888321178913753
0.8691953949726772
0.9076436041866952
-0.4225010241829763
0.19322112545120104
-18.4419592345809
-18.482058104407216
0.1926101699839018
-0.4272214993392577
0.9075145528303579
0.8685931152712782
0.9888078418592481
0.9869016157576587
0.998577945788244
0.9986198651097586
0.9998113603685788
0.9998464025779601
0.9999734564443321
0.9999813699109075
0.9999955550391827
0.9999970073472553
0.9999986733647737
0.9999989208723372
0.9999991276241205
0.9999991685389285
0.9999991956201304
0.9999992021466514
0.9999992053666866
0.9999992053672269
0.9999992021461875
0.999999195620322
0.9999991685390164
0.9999991276247164
0.9999989208722442
0.9999986733647389
0.9999970073471336
0.99999555503934
0.9999813699111604
0.9999734564445413
0.9998464025775697
0.9998113603686394
0.9986198651101722
0.9985779457882585
0.9869016157567414
0.9888078418592703
0.8685931152717226
0.9075145528306314
-0.427221499339077
0.19261016998383648
-18.48205810440843
-18.498349577290554
0.19235731149545907
-0.4291593467811743
0.9074596398814818
0.8683423421667693
0.9887966801788473
0.9868690265140191
0.9985763454696246
0.9986161077247263
0.9998116008401798
0.9998464485693763
0.9999740118570678
0.9999819104890914
0.9999961594150146
0.9999976109383215
0.9999992847943584
0.999999532313362
0.9999997400104227
0.9999997809370413
0.9999998081300172
0.999999814658578
0.9999998178907787
0.999999817890213
0.9999998146587289
0.9999998081297623
0.9999997809375138
0.9999997400101193
0.9999995323137638
0.9999992847945607
0.999997610938256
0.9999961594153656
0.999981910488962
0.999974011856974
0.9998464485694909
0.9998116008401237
0.998616107724666
0.9985763454691713
0.9868690265141761
0.9887966801784469
0.8683423421668091
0.9074596398811166
-0.42915934678161183
0.19235731149610855
-18.498349577291076
-18.505007483125155
0.19225248929173083
-0.4299580953670218
0.9074364606373875
0.8682379158209189
0.988791749992071
0.9868551491735206
0.9985754989229272
0.9986143623002217
0.9998115675495575
0.9998463368479902
0.9999741234982136
0.9999820169434525
0.9999962946202698
0.9999977460603959
0.9999994235558198
0.9999996711272978
0.9999998792769402
0.9999999202164033
0.9999999474645258
0.9999999539953182
0.9999999572330551
0.9999999572332298
0.9999999539952669
0.9999999474648227
0.9999999202165448
0.9999998792769843
0.9999996711277832
0.9999994235560434
0.9999977460606908
0.9999962946208456
0.9999820169435484
0.9999741234983215
0.9998463368483979
0.999811567549771
0.9986143623001718
0.9985754989232158
0.9868551491736705
0.9887917499920633
0.8682379158210026
0.9074364606370489
-0.4299580953667834
0.19225248929232086
-18.50500748312517
-18.507741358066518
0.19220895498572654
-0.4302884556829407
0.9074267157615508
0.8681943936676904
0.988789617266538
0.9868492768812679
0.9985750988426331
0.9986135868998363
0.999811521393345
0.999846258845118
0.9999741424583468
0.999982034109261
0.9999963245600161
0.9999977760622291
0.9999994552178708
0.9999997028315042
0.9999999111934293
0.9999999521418432
0.9999999794166284
0.9999999859492101
0.9999999891893889
0.9999999891899765
0.9999999859485121
0.9999999794166858
0.9999999521417348
0.9999999111933113
0.9999997028314686
0.9999994552174925
0.9999977760622973
0.9999963245596744
0.9999820341091086
0.9999741424584918
0.9998462588449295
0.9998115213930308
0.9986135868997065
0.9985750988431268
0.9868492768803405
0.9887896172664805
0.8681943936678667
0.9074267157608775
-0.43028845568245727
0.19220895498600793
-18.507741358066816
-18.5088683648421
0.19219084057547725
-0.43042549253357815
0.9074226263925715
0.868176233056501
0.9887887052221767
0.9868468000692181
0.9985749190454407
0.9986132500918249
0.9998114940637992
0.9998462184934059
0.9999741438889003
0.9999820349222718
0.99999633098471
0.9999977825504242
0.9999994624524278
0.9999997100919662
0.9999999185518047
0.9999999595058051
0.9999999867929239
0.9999999933269421
0.9999999965675548
0.9999999965692083
0.9999999933252934
0.9999999867933531
0.9999999595052327
0.9999999185514694
0.9999997100923563
0.9999994624516793
0.9999977825514517
0.9999963309834827
0.9999820349232627
0.9999741438882288
0.9998462184934496
0.9998114940627478
0.9986132500925688
0.9985749190456055
0.9868468000684143
0.988788705222029
0.8681762330563197
0.9074226263925448
-0.4304254925333794
0.1921908405752769
-18.508868364842566
-18.50933449998261
0.19218328960125858
-0.43048248082736507
0.9074209113597901
0.868168645054358
0.9887883177168268
0.9868457570329776
0.9985748403053338
0.998613105553982
0.9998114805570535
0.9998461996275987
0.9999741429299194
0.9999820337517081
0.99999633225754
0.9999977838645961
0.9999994640973202
0.999999711751463
0.9999999202548846
0.9999999612121928
0.9999999885050617
0.9999999950391987
0.9999999982811043
0.9999999982822738
0.9999999950380993
0.9999999885057589
0.999999961212163
0.99999992025504
0.9999997117513707
0.9999994640964993
0.9999977838651666
0.999996332256968
0.9999820337523091
0.9999741429296232
0.9998461996275918
0.9998114805572154
0.9986131055541699
0.9985748403057171
0.9868457570329023
0.9887883177174337
0.8681686450542325
0.9074209113606202
-0.4304824808270574
0.1921832896007731
-18.509334499983197
-18.509527842103786
0.19218013660855876
-0.4305062324299251
0.9074201920310692
0.8681654702952497
0.9887881536775712
0.9868453180476264
0.998574806312341
0.9986130439442956
0.9998114743473756
0.9998461911994644
0.9999741421471952
0.9999820328954552
0.9999963324587378
0.9999977840875991
0.9999994644661596
0.9999997121268562
0.9999999206509297
0.9999999616092347
0.9999999889047406
0.9999999954390887
0.9999999986815078
0.9999999986820312
0.9999999954384478
0.9999999889051678
0.999999961608899
0.9999999206495612
0.9999997121271174
0.9999994644650207
0.9999977840879979
0.999996332457951
0.9999820328958285
0.9999741421463806
0.9998461912000944
0.9998114743479325
0.9986130439444014
0.9985748063126415
0.9868453180478836
0.9887881536778633
0.868165470294749
0.9074201920307177
-0.4305062324309273
0.19218013660872632
-18.509527842102823
-18.509608232304586
0.19217881795419184
-0.4305161508311781
0.9074198901809507
0.8681641402614182
0.9887880843746273
0.9868451332952496
0.9985747917575019
0.9986130177822727
0.999811471589817
0.99984618751921
0.9999741417219021
0.9999820324446006
0.9999963324627794
0.9999977841025329
0.9999994645443733
0.9999997122088679
0.9999999207415351
0.9999999617012758
0.9999999889979039
0.999999995532914
0.9999999987747921
0.9999999987760575
0.9999999955314265
0.9999999889986035
0.9999999617005038
0.9999999207417811
0.9999997122095722
0.999999464543984
0.9999977841033743
0.999996332462018
0.9999820324449671
0.9999741417212482
0.9998461875195275
0.9998114715891724
0.998613017782146
0.9985747917571737
0.9868451332950333
0.9887880843746261
0.8681641402611824
0.9074198901801764
-0.43051615083111183
0.19217881795389657
-18.509608232305723
-18.50964172712679
0.1921782656945578
-0.4305202994563172
0.9074197634367469
0.868163582404974
0.9887880551270163
0.9868450555225898
0.9985747855563796
0.998613006697626
0.999811470388368
0.9998461859331196
0.999974141518362
0.9999820322328029
0.9999963324451557
0.9999977840907934
0.9999994645599494
0.9999997122265092
0.9999999207627267
0.9999999617221884
0.9999999890198915
0.9999999955539567
0.9999999987966673
0.9999999987975265
0.999999995553364
0.9999999890200613
0.9999999617217603
0.9999999207624821
0.9999997122260655
0.9999994645597949
0.9999977840908864
0.9999963324457151
0.9999820322320172
0.999974141519338
0.9998461859323781
0.9998114703884139
0.9986130066968968
0.9985747855571045
0.9868450555216969
0.9887880551273939
0.8681635824048195
0.90741976343745
-0.4305202994554943
0.19217826569558755
-18.50964172712748
-18.50965570119109
0.19217803422804375
-0.43052203636750813
0.9074197102065411
0.8681633482887113
0.9887880427963337
0.9868450227879093
0.9985747829242171
0.9986130020093409
0.9998114698716268
0.999846185254543
0.999974141426712
0.9999820321375468
0.9999963324339904
0.9999977840819205
0.9999994645629448
0.9999997122299524
0.999999920768032
0.9999999617272934
0.9999999890255169
0.9999999955588994
0.9999999988026276
0.9999999988021427
0.9999999955587694
0.9999999890248608
0.9999999617269444
0.9999999207672795
0.999999712229672
0.9999994645623835
0.999997784081419
0.9999963324337091
0.9999820321379396
0.9999741414274206
0.9998461852543583
0.9998114698710254
0.9986130020097399
0.9985747829238469
0.986845022788291
0.9887880427960887
0.8681633482893927
0.9074197102071091
-0.4305220363672728
0.1921780342285231
-18.509655701191235
-18.509661519933257
0.19217793744772205
-0.4305227619037118
0.9074196879138149
0.8681632502916885
0.9887880376163047
0.9868450090522392
0.9985747818120722
0.9986130000343085
0.9998114696499097
0.9998461849660092
0.9999741413847991
0.9999820320957133
0.9999963324261132
0.9999977840761671
0.9999994645614684
0.9999997122294675
0.9999999207680483
0.9999999617274646
0.9999999890262999
0.999999995559355
0.999999998804216
0.9999999988026221
0.9999999955607982
0.9999999890262021
0.9999999617289232
0.9999999207685972
0.999999712230057
0.999999464563001
0.9999977840757013
0.999996332428208
0.9999820320943805
0.9999741413857073
0.9998461849649396
0.9998114696500287
0.9986130000332643
0.9985747818112742
0.9868450090527822
0.9887880376151873
0.8681632502917389
0.9074196879133118
-0.43052276190379446
0.1921779374455362
-18.509661519934355
-18.50966389499284
0.1921778978027387
-0.430523058857719
0.9074196787702928
0.8681632101127461
0.9887880354867549
0.9868450034101308
0.9985747813536214
0.9986129992210167
0.999811469558556
0.9998461848473261
0.9999741413686148
0.9999820320795181
0.999996332424606
0.9999977840755877
0.9999994645623866
0.9999997122306474
0.999999920769227
0.9999999617283829
0.9999999890274538
0.9999999955594492
0.9999999988049828
0.9999999988026691
0.9999999955619643
0.9999999890263378
0.9999999617294526
0.9999999207689515
0.99999971222961
0.9999994645630828
0.9999977840729821
0.9999963324256831
0.9999820320771612
0.9999741413702434
0.9998461848468361
0.9998114695595585
0.9986129992210477
0.9985747813534223
0.9868450034106592
0.9887880354862608
0.8681632101130741
0.9074196787700127
-0.4305230588583293
0.19217789780298877
-18.509663894990958
-18.50966474197129
0.19217788362814003
-0.4305231649685827
0.9074196754974563
0.8681631957372103
0.9887880347234543
0.9868450013884993
0.9985747811889889
0.9986129989288359
0.9998114695256392
0.9998461848038477
0.9999741413622829
0.9999820320721671
0.9999963324229877
0.9999977840735386
0.999999464561534
0.9999997122298339
0.999999920768663
0.9999999617284061
0.999999989026976
0.9999999955602158
0.9999999988049245
0.9999999988036187
0.9999999955622679
0.9999999890263549
0.9999999617293068
0.9999999207690515
0.9999997122293194
0.9999994645628724
0.999997784071592
0.9999963324246393
0.9999820320711972
0.9999741413634949
0.9998461848038063
0.9998114695252751
0.9986129989290645
0.9985747811878695
0.9868450013887231
0.9887880347222431
0.8681631957382048
0.9074196754960104
-0.43052316496820575
0.19217788362802263
-18.50966474197046
-18.509664741966844
0.1921778836278352
-0.4305231649692893
0.9074196754961643
0.8681631957363428
0.98878803472275
0.9868450013876785
0.9985747811878385
0.9986129989286827
0.9998114695251521
0.9998461848038667
0.9999741413612162
0.9999820320718372
0.9999963324214942
0.9999977840729017
0.999999464560064
0.9999997122289284
0.9999999207675885
0.9999999617277873
0.9999999890266662
0.9999999955597287
0.9999999988046615
0.9999999988034952
0.9999999955611423
0.9999999890259765
0.9999999617287637
0.9999999207685867
0.9999997122291509
0.9999994645623491
0.9999977840716221
0.999996332424633
0.9999820320698547
0.9999741413635133
0.999846184801895
0.9998114695250194
0.9986129989275717
0.9985747811879215
0.9868450013872633
0.9887880347220479
0.8681631957368614
0.9074196754965141
-0.4305231649683843
0.19217788362657667
-18.509664741968855
-18.50966389498783
0.19217789780224248
-0.430523058858477
0.9074196787689089
0.868163210112351
0.9887880354869479
0.9868450034099787
0.998574781354135
0.998612999221574
0.9998114695592446
0.9998461848472595
0.9999741413692831
0.9999820320789852
0.9999963324249543
0.9999977840747363
0.9999994645621539
0.9999997122303639
0.9999999207694418
0.9999999617290016
0.9999999890275133
0.9999999955606823
0.9999999988051458
0.9999999988035696
0.9999999955612922
0.9999999890262913
0.9999999617286941
0.9999999207682281
0.999999712229491
0.9999994645620709
0.9999977840733827
0.999996332425539
0.9999820320780228
0.9999741413703838
0.999846184846811
0.9998114695593223
0.9986129992209527
0.9985747813529608
0.9868450034109233
0.9887880354861904
0.8681632101131863
0.9074196787697499
-0.4305230588587077
0.1921778978056119
-18.509663894987867
-18.50966151993456
0.19217793744756836
-0.4305227619042543
0.907419687913348
0.8681632502909792
0.9887880376158616
0.9868450090516783
0.998574781812042
0.9986130000334077
0.9998114696498757
0.999846184965374
0.9999741413850297
0.9999820320948152
0.9999963324265978
0.9999977840756737
0.9999994645616841
0.9999997122292311
0.9999999207682051
0.9999999617278191
0.9999999890263163
0.9999999955601493
0.999999998803947
0.9999999988032776
0.9999999955609133
0.9999999890261754
0.999999961728616
0.9999999207680618
0.9999997122299406
0.9999994645617095
0.999997784076198
0.9999963324273596
0.999982032094505
0.9999741413846214
0.9998461849649494
0.9998114696493553
0.9986130000329492
0.9985747818106656
0.9868450090525158
0.9887880376149069
0.8681632502917858
0.907419687913002
-0.4305227619035546
0.1921779374480302
-18.50966151993604
-18.50965570118997
0.19217803422800134
-0.43052203636713504
0.9074197102074837
0.8681633482893143
0.9887880427963072
0.9868450227880432
0.9985747829238358
0.9986130020088226
0.9998114698707616
0.999846185253928
0.9999741414256659
0.9999820321373105
0.9999963324333465
0.9999977840815613
0.9999994645619377
0.9999997122300067
0.9999999207674843
0.999999961728199
0.9999999890254809
0.9999999955598466
0.9999999988027953
0.9999999988033486
0.9999999955598871
0.9999999890256661
0.9999999617281747
0.999999920768101
0.9999997122302382
0.9999994645622994
0.9999977840819259
0.9999963324334395
0.999982032136574
0.9999741414262688
0.9998461852536664
0.9998114698708491
0.9986130020084842
0.9985747829244616
0.98684502278796
0.9887880427970619
0.868163348288931
0.9074197102076624
-0.4305220363684501
0.19217803422748136
-18.509655701190724
-18.509641727128173
0.19217826569501117
-0.43052029945591797
0.9074197634373578
0.8681635824057249
0.9887880551275016
0.9868450555229469
0.9985747855562486
0.9986130066971682
0.9998114703886137
0.9998461859327012
0.9999741415187018
0.9999820322326073
0.999996332446166
0.9999977840912672
0.9999994645607959
0.9999997122271349
0.9999999207634116
0.9999999617232626
0.9999999890198641
0.9999999955549685
0.9999999987967049
0.9999999987984795
0.999999995553688
0.9999999890206333
0.9999999617221369
0.9999999207622811
0.999999712226987
0.9999994645591493
0.9999977840915661
0.9999963324449934
0.999982032233383
0.9999741415179538
0.9998461859333738
0.9998114703888048
0.9986130066983742
0.9985747855576086
0.9868450555226171
0.9887880551281163
0.8681635824049077
0.9074197634374098
-0.43052029945677056
0.19217826569532398
-18.50964172712709
-18.509608232306263
0.1921788179541263
-0.4305161508317806
0.9074198901804832
0.8681641402609086
0.9887880843745388
0.9868451332946568
0.9985747917570569
0.9986130177819214
0.9998114715895912
0.9998461875183522
0.9999741417213566
0.9999820324438964
0.9999963324624139
0.9999977841019958
0.9999994645437512
0.9999997122083192
0.9999999207407984
0.9999999617008688
0.999999988997308
0.9999999955323617
0.999999998774354
0.9999999987759944
0.9999999955310592
0.9999999889981859
0.9999999617004809
0.999999920741319
0.9999997122093061
0.9999994645433263
0.9999977841029665
0.999996332462043
0.9999820324443118
0.9999741417205301
0.9998461875187022
0.9998114715893764
0.9986130177814301
0.9985747917569537
0.9868451332935864
0.9887880843750678
0.8681641402607589
0.907419890180351
-0.43051615083156874
0.1921788179550127
-18.509608232307336
-18.509527842101242
0.19218013660844901
-0.43050623242998676
0.9074201920303485
0.8681654702951188
0.9887881536774075
0.9868453180476986
0.9985748063124213
0.9986130439447978
0.9998114743478479
0.9998461911997734
0.9999741421473678
0.9999820328953777
0.9999963324589327
0.9999977840870533
0.9999994644658659
0.9999997121262388
0.9999999206511211
0.999999961608999
0.9999999889049974
0.9999999954391787
0.999999998681598
0.999999998682026
0.9999999954377972
0.9999999889046545
0.9999999616081587
0.9999999206494916
0.9999997121268764
0.9999994644646821
0.9999977840882877
0.9999963324581214
0.9999820328955908
0.9999741421466581
0.9998461912000965
0.9998114743479067
0.9986130439438154
0.9985748063124702
0.9868453180472376
0.9887881536783866
0.8681654702940949
0.9074201920312266
-0.4305062324312521
0.19218013660931998
-18.50952784210185
-18.50933449998437
0.1921832896018384
-0.4304824808274651
0.9074209113603424
0.8681686450544858
0.9887883177169324
0.9868457570332345
0.9985748403061792
0.9986131055543773
0.9998114805578848
0.9998461996281534
0.9999741429307292
0.9999820337519818
0.9999963322583574
0.9999977838650895
0.9999994640975804
0.9999997117518162
0.9999999202551515
0.9999999612121524
0.9999999885049005
0.9999999950392168
0.9999999982809262
0.9999999982815551
0.9999999950383403
0.9999999885054929
0.9999999612123004
0.9999999202553079
0.9999997117519057
0.9999994640962973
0.9999977838666573
0.9999963322570329
0.9999820337534001
0.9999741429299727
0.9998461996295624
0.9998114805576218
0.9986131055543027
0.9985748403055844
0.9868457570337792
0.988788317717535
0.8681686450547952
0.9074209113605367
-0.4304824808264974
0.19218328960236603
-18.509334499985076
-18.508868364841334
0.19219084057405184
-0.43042549253436785
0.9074226263927025
0.8681762330565164
0.9887887052219919
0.986846800069101
0.9985749190449036
0.9986132500917664
0.9998114940636125
0.9998462184935588
0.9999741438882481
0.9999820349222046
0.9999963309841242
0.9999977825507245
0.9999994624522285
0.9999997100921735
0.9999999185511337
0.9999999595057854
0.9999999867925704
0.9999999933264938
0.9999999965672096
0.9999999965683684
0.9999999933260926
0.9999999867931687
0.999999959505616
0.9999999185511763
0.9999997100928232
0.9999994624521954
0.9999977825517007
0.9999963309842226
0.9999820349229733
0.9999741438880796
0.9998462184935086
0.9998114940635541
0.9986132500918685
0.9985749190458861
0.9868468000690398
0.9887887052226069
0.8681762330564193
0.9074226263924599
-0.43042549253373197
0.1921908405739686
-18.50886836484183
-18.507741358063107
0.19220895498451993
-0.4302884556827894
0.9074267157620739
0.8681943936680329
0.9887896172669821
0.9868492768818913
0.9985750988428556
0.998613586900861
0.9998115213938845
0.9998462588458373
0.9999741424585673
0.9999820341102224
0.9999963245603547
0.9999977760629024
0.9999994552178342
0.9999997028312793
0.999999911192908
0.9999999521417586
0.9999999794165122
0.9999999859483871
0.9999999891889528
0.999999989189081
0.9999999859479328
0.9999999794159268
0.9999999521414323
0.9999999111929654
0.9999997028318257
0.9999994552174225
0.9999977760625656
0.9999963245596908
0.9999820341094945
0.9999741424581687
0.9998462588459568
0.9998115213932597
0.9986135869003947
0.9985750988422801
0.9868492768811423
0.9887896172664215
0.868194393667287
0.9074267157610008
-0.4302884556834914
0.19220895498560903
-18.50774135806352
-18.50500748312815
0.1922524892943669
-0.42995809536649576
0.9074364606373155
0.8682379158208241
0.9887917499921939
0.9868551491736912
0.9985754989229643
0.9986143623002826
0.9998115675492054
0.9998463368477584
0.9999741234979429
0.9999820169429989
0.9999962946200548
0.9999977460603142
0.9999994235556835
0.9999996711270513
0.9999998792764206
0.9999999202160228
0.999999947464053
0.9999999539947692
0.9999999572327081
0.9999999572325728
0.9999999539953419
0.9999999474644683
0.9999999202166072
0.9999998792760889
0.99999967112728
0.9999994235555746
0.9999977460597742
0.9999962946203331
0.9999820169430498
0.9999741234980775
0.9998463368479632
0.9998115675496546
0.9986143622997601
0.9985754989227142
0.9868551491735669
0.9887917499927221
0.8682379158211182
0.9074364606373937
-0.42995809536703444
0.19225248929399924
-18.505007483128047
-18.49834957729299
0.192357311496948
-0.42915934678116485
0.9074596398813819
0.8683423421667257
0.9887966801783447
0.9868690265137121
0.998576345468934
0.9986161077240017
0.9998116008394785
0.9998464485689385
0.9999740118567371
0.9999819104887719
0.9999961594146427
0.9999976109378323
0.9999992847942217
0.9999995323134048
0.9999997400101714
0.9999997809363271
0.9999998081296544
0.9999998146583038
0.9999998178900542
0.9999998178901539
0.9999998146583582
0.9999998081298154
0.9999997809369341
0.999999740009857
0.9999995323137099
0.9999992847944895
0.9999976109382502
0.9999961594150846
0.999981910488436
0.9999740118571749
0.9998464485686365
0.9998116008401514
0.9986161077240929
0.9985763454690235
0.9868690265136133
0.98879668017902
0.8683423421659562
0.9074596398805423
-0.4291593467810141
0.1923573114972123
-18.498349577291982
-18.48205810440677
0.1926101699836052
-0.4272214993394242
0.9075145528304971
0.8685931152717351
0.9888078418595554
0.9869016157579555
0.9985779457881097
0.9986198651091214
0.9998113603679669
0.9998464025775531
0.9999734564435497
0.9999813699100473
0.9999955550381163
0.999997007346774
0.9999986733641627
0.9999989208723884
0.9999991276230283
0.9999991685395324
0.999999195620549
0.9999992021477957
0.9999992053668167
0.9999992053679916
0.9999992021465209
0.9999991956211607
0.9999991685396868
0.9999991276242164
0.999998920872326
0.9999986733641906
0.9999970073476017
0.9999955550376479
0.9999813699104865
0.9999734564429847
0.999846402577484
0.9998113603680406
0.9986198651090923
0.9985779457880115
0.9869016157574553
0.988807841860358
0.8685931152708704
0.9075145528299813
-0.4272214993376269
0.19261016998304342
-18.482058104407482
-18.4419592345801
0.19322112544992928
-0.42250102418370405
0.9076436041852385
0.8691953949723845
0.9888321178905355
0.9869772413687856
0.9985800753681607
0.998627180596388
0.9998094155429764
0.999844942613964
0.9999708500370925
0.9999788052230395
0.9999928512972206
0.9999943068622644
0.999995956353835
0.9999962040830442
0.999996408907398
0.9999964498344689
0.9999964766942044
0.9999964832212604
0.9999964864180138
0.9999964864197648
0.99999648322016
0.9999964766951144
0.9999964498333207
0.9999964089065674
0.9999962040827752
0.999995956353442
0.9999943068620145
0.9999928512965202
0.9999788052234777
0.9999708500382509
0.9998449426132947
0.9998094155436423
0.9986271805969819
0.9985800753697022
0.9869772413682207
0.9888321178919373
0.8691953949716469
0.90764360418645
-0.42250102418250873
0.1932211254496235
-18.441959234579915
-18.342524891348734
0.19469883094512552
-0.4109467146881083
0.9079421611909828
0.8706398178806418
0.9888805601723358
0.9871487353535967
0.9985781130554359
0.99863770009434
0.9997987325885317
0.9998354709073349
0.999958843288235
0.9999669129596636
0.9999806626221358
0.9999821289342765
0.9999837444624586
0.9999839932112803
0.9999841942119885
0.9999842352379475
0.9999842616750642
0.9999842682111166
0.999984271367147
0.9999842713681111
0.9999842682101443
0.9999842616747816
0.9999842352366363
0.9999841942116598
0.9999839932115375
0.9999837444620872
0.9999821289351707
0.9999806626213398
0.9999669129603534
0.9999588432878361
0.9998354709078563
0.9997987325884488
0.9986377000932489
0.9985781130553852
0.9871487353535163
0.9888805601729556
0.8706398178803655
0.907942161190982
-0.41094671468858757
0.19469883094570123
-18.34252489135077
-18.093536713808188
0.19827175249913898
-0.3825019523503961
0.9086113948527608
0.8740881954307761
0.9889568800401161
0.9875195501077996
0.9985429512563868
0.9986325570750161
0.9997458376392246
0.999785588568332
0.9999034823666098
0.9999118557408466
0.999924990567707
0.999926487998497
0.9999280357732412
0.999928287770617
0.9999284814157298
0.9999285227846337
0.9999285484337167
0.9999285550062726
0.9999285580874407
0.9999285580883899
0.9999285550047867
0.9999285484341419
0.9999285227842776
0.9999284814155561
0.9999282877724063
0.9999280357734768
0.9999264880005048
0.9999249905674887
0.9999118557422881
0.9999034823653619
0.9997855885681829
0.9997458376389017
0.9986325570742705
0.9985429512568902
0.9875195501075933
0.9889568800411115
0.8740881954299412
0.9086113948530605
-0.3825019523505186
0.1982717524985174
-18.093536713807406
-17.461669186615158
0.20688345258408683
-0.31199787199963325
0.9100116116997744
0.8822305972279246
0.9889708146407525
0.9882356873044515
0.9983217130034474
0.9984831439613355
0.9994913253869915
0.999538457481958
0.9996448538771266
0.9996539965370327
0.9996658973109235
0.9996674759703907
0.9996688931491413
0.9996691537866104
0.9996693337540796
0.9996693760414295
0.9996694002713142
0.999669406939328
0.999669409888881
0.9996694098896457
0.999669406938611
0.9996694002719173
0.9996693760412299
0.9996693337536151
0.9996691537851286
0.999668893147327
0.9996674759691444
0.999665897308547
0.9996539965371298
0.9996448538765678
0.9995384574821831
0.9994913253878193
0.998483143962476
0.9983217130034386
0.9882356873041602
0.9889708146417158
0.8822305972276232
0.9100116116999708
-0.3119978719997497
0.20688345258323132
-17.461669186613904
-15.826667540500681
0.22745869127775808
-0.13591505592133807
0.9124514456487272
0.9009774594313134
0.9882521913651329
0.9891772150779798
0.9971449318143615
0.9974757983829592
0.9982598173091262
0.9983244758201585
0.9984076116670912
0.9984185854154761
0.9984281029917315
0.9984298735233423
0.9984310484980379
0.998431329186815
0.9984314846702349
0.9984315290390533
0.9984315508072192
0.9984315576860214
0.9984315604136855
0.9984315604148275
0.998431557686184
0.9984315508077004
0.9984315290401793
0.9984314846703772
0.99843132918804
0.9984310484975276
0.998429873525257
0.9984281029910088
0.998418585416509
0.9984076116664673
0.9983244758205623
0.9982598173090056
0.9974757983838973
0.9971449318145528
0.9891772150781685
0.9882521913656738
0.9009774594303952
0.9124514456483857
-0.13591505592107414
0.2274586912765884
-15.826667540498564
-11.46317136564901
0.27569400248490217
0.3067013560765765
0.9140479121257288
0.941581126782087
0.9829668094253088
0.9877418781992595
0.9910787389057425
0.9917968968639428
0.9921219715893629
0.9922260688445816
0.9922640796302564
0.9922790777859513
0.9922841707838201
0.992286350121947
0.9922870917553475
0.9922874136084815
0.9922875267449267
0.992287575199415
0.9922875928606689
0.9922876001290287
0.9922876025026615
0.9922876025029304
0.9922876001299943
0.9922875928609438
0.9922875751994773
0.992287526745146
0.9922874136088713
0.9922870917551176
0.9922863501212873
0.9922841707820622
0.9922790777858256
0.9922640796298942
0.9922260688441629
0.9921219715892948
0.9917968968634774
0.9910787389062339
0.9877418781991842
0.9829668094264735
0.941581126780312
0.9140479121263598
0.3067013560750701
0.27569400248329134
-11.463171365648469
0.8631408714685508
0.38551329448558636
1.4155382190333434
0.8968321620624817
1.0143783783801736
0.9515630641246418
0.96481165365975
0.958575892244394
0.9601180417091848
0.9595539266688404
0.9597395910230105
0.9596932655648823
0.9597164629684958
0.9597133326201931
0.9597163505231612
0.959716261562793
0.9597166705204236
0.959716695800282
0.9597167533355193
0.9597167611129345
0.9597167693035982
0.9597167706219011
0.9597167706208909
0.9597167693043445
0.9597167611116071
0.9597167533348654
0.9597166957968359
0.9597166705202457
0.9597162615610279
0.9597163505233235
0.9597133326192733
0.9597164629693891
0.9596932655659597
0.9597395910248254
0.9595539266691303
0.9601180417093409
0.9585758922455018
0.964811653660973
0.9515630641246303
1.0143783783790743
0.8968321620634409
1.415538219032416
0.385513294484186
0.8631408714691353
40.87309936479767
0.6476271650547184
4.050056149501253
0.7074040217041231
1.0031742219869708
0.7332519453891219
0.760710096375445
0.7392896594352998
0.7418625231627962
0.7402131870644773
0.7404460097303909
0.740325330281804
0.7403441716053749
0.7403358768927106
0.7403369030167648
0.7403363274063547
0.7403362647182815
0.7403362076665465
0.740336170176146
0.7403361598480465
0.7403361506633115
0.7403361488091064
0.7403361488098844
0.7403361506591263
0.7403361598479448
0.7403361701748463
0.7403362076654101
0.7403362647184373
0.7403363274058039
0.7403369030193285
0.7403358768927162
0.7403441716059267
0.7403253302819051
0.7404460097316503
0.7402131870656132
0.7418625231591982
0.7392896594343576
0.7607100963737707
0.7332519453894738
1.0031742219866433
0.707404021705544
4.050056149504048
0.6476271650568779
40.87309936480099
298.47207174358067
-4.828420344082382
1.4827359698815623
-18.86156381837315
-18.643124034518024
-20.46595373908974
-20.481405226381376
-20.661590234364397
-20.66761518814167
-20.686543533487793
-20.687741774485467
-20.689831328703924
-20.69003549432726
-20.690277209024156
-20.690310072372263
-20.690339374246474
-20.690344551361182
-20.690348275308338
-20.69034908613455
-20.690349580680788
-20.69034970501
-20.690349764129884
-20.690349764081617
-20.690349705060964
-20.690349580639445
-20.690349086160168
-20.690348275318527
-20.690344551340065
-20.690339374293167
-20.69031007233182
-20.690277209070196
-20.69003549429057
-20.689831328741747
-20.687741774453027
-20.68654353349276
-20.667615188141614
-20.66159023434844
-20.4814052263772
-20.465953739088498
-18.643124034529507
-18.861563818377945
1.4827359698707432
-4.828420344084615
298.47207174357686