107.91537943014814
0.49477139795519454
-0.24416488063641378
-9.422315758372164
-10.920344853889148
-12.41213639848684
-12.927570583112445
-13.258277882387087
-13.409286655429183
-13.494531231829235
-13.5377571577672
-13.56131095768642
-13.573701500233245
-13.58030453388198
-13.583635303084783
-13.585033200275793
-13.585033200279923
-13.583635303081442
-13.580304533878063
-13.57370150023472
-13.561310957690255
-13.537757157760755
-13.494531231834147
-13.409286655428177
-13.25827788238802
-12.927570583105506
-12.41213639850108
-10.92034485388487
-9.422315758369193
-0.2441648806312603
0.4947713979587284
107.91537943014141
24.564212045824735
1.5386505577988294
3.14892203242084
0.7505033285386215
0.5480909450882716
0.1321573476719644
0.0019808026042497577
-0.09793323808428525
-0.14384020362091576
-0.17178498131312378
-0.18633898423045153
-0.19461413068808137
-0.19908270303285786
-0.20153050632235753
-0.20278859390286263
-0.20332399295936757
-0.2033239929595323
-0.20278859390212428
-0.20153050632215297
-0.1990827030326055
-0.19461413068859643
-0.18633898423004588
-0.17178498131349246
-0.1438402036205116
-0.09793323808454606
0.0019808026049252707
0.1321573476705132
0.5480909450878511
0.7505033285387215
3.148922032421541
1.5386505577992953
24.56421204582395
2.7302755275033395
0.5680535826193511
1.3780581377295258
0.9382698493318951
0.9816726401174296
0.8961115964187611
0.8780515819657082
0.8551351464219156
0.8449304546618168
0.8376441629806255
0.8337099152771923
0.8312879478158678
0.8299236168379611
0.8291390967521985
0.8287232287203536
0.828541973695742
0.8285419736957089
0.8287232287204801
0.8291390967520414
0.829923616838022
0.8312879478158299
0.8337099152771927
0.8376441629807572
0.84493045466179
0.8551351464219532
0.8780515819655026
0.8961115964189654
0.9816726401166169
0.9382698493324735
1.3780581377294303
0.5680535826196267
2.7302755275029167
-5.278474765465303
0.1291015729031042
0.4114066017751803
0.7729455480942962
0.8758521792079235
0.9280365233251391
0.9518472638569981
0.9619600609887358
0.9669038655277005
0.9689369484351218
0.9698788195677567
0.9702450955576012
0.9703930016372858
0.970439609958227
0.970452038881261
0.9704533047198876
0.9704533047200572
0.9704520388810971
0.9704396099580745
0.970393001637406
0.9702450955576278
0.9698788195675614
0.9689369484352837
0.9669038655277653
0.961960060988733
0.9518472638566793
0.9280365233255234
0.8758521792073923
0.7729455480948092
0.41140660177548394
0.12910157290282293
-5.278474765465312
-8.581728736958176
-0.07315685733435304
-0.047150497068536475
0.6684512409851687
0.7886397822018405
0.9032334136316804
0.9443102052175869
0.9695475170187517
0.9812663226652912
0.9876693099382392
0.9909091098638346
0.9926271112353879
0.9935184197783884
0.9939818576330376
0.9942118383596789
0.9943068297262958
0.9943068297261861
0.994211838359859
0.9939818576329732
0.9935184197784788
0.9926271112352921
0.9909091098640361
0.9876693099382026
0.9812663226649516
0.9695475170190265
0.9443102052173709
0.9032334136319456
0.7886397822013647
0.6684512409858847
-0.04715049706886457
-0.07315685733459885
-8.581728736957821
-10.024066780911205
-0.16880320201605226
-0.2622209012205966
0.6147735761328726
0.7411252616995392
0.8849930715392964
0.933742103710435
0.9661636437993675
0.9810401123653172
0.9895482643911317
0.9938948041596993
0.9962770286931286
0.9975364003768556
0.9982091558852567
0.9985492546484267
0.9986920598298645
0.9986920598297734
0.9985492546484578
0.998209155885297
0.9975364003768961
0.9962770286930366
0.9938948041596944
0.9895482643911877
0.9810401123651106
0.966163643799621
0.9337421037103597
0.8849930715394132
0.7411252616995437
0.6147735761331231
-0.26222090122124786
-0.16880320201629598
-10.024066780910802
-10.67445136990803
-0.21452514985507765
-0.3636465100450798
0.5882353634261637
0.7171619569935779
0.8749730303880174
0.9272959730371086
0.9631946054291364
0.9795851541551772
0.9891254571675183
0.9940146392176961
0.9967272859933267
0.9981706458410206
0.998949121144663
0.9993451298825535
0.9995123513527944
0.9995123513528876
0.9993451298824368
0.9989491211447815
0.998170645840952
0.9967272859933173
0.9940146392175814
0.989125457167628
0.979585154155131
0.9631946054292391
0.9272959730370495
0.874973030388137
0.7171619569935466
0.588235363426144
-0.3636465100451426
-0.21452514985517357
-10.674451369907777
-10.97381850950855
-0.2365065112674355
-0.411833192578415
0.575227501024913
0.70533116776146
0.8698357954498448
0.9238675956295812
0.9614635614690512
0.9785920209630957
0.9886429125444982
0.9938010545347931
0.9966792673579858
0.9982152177883001
0.9990473287701667
0.9994718214844396
0.9996515389040982
0.9996515389040489
0.9994718214843171
0.9990473287702966
0.9982152177881713
0.9966792673579308
0.9938010545349539
0.9886429125444369
0.9785920209630182
0.9614635614691378
0.9238675956295728
0.8698357954498627
0.7053311677614251
0.5752275010250023
-0.4118331925784372
-0.23650651126744932
-10.973818509508472
-11.113608315319581
-0.24711858422249494
-0.4348808542371787
0.5688605145027424
0.6995258194404492
0.8672601043835932
0.9221203059511722
0.9605480190100937
0.9780391405969548
0.9883435013458038
0.9936356339510558
0.9965970250104967
0.9981796953726666
0.9990390514083485
0.9994780677551008
0.9996641810059617
0.9996641810060263
0.9994780677549011
0.999039051408509
0.9981796953725572
0.9965970250106035
0.9936356339510222
0.9883435013457924
0.9780391405970312
0.9605480190100939
0.9221203059512975
0.8672601043836103
0.6995258194407026
0.5688605145024163
-0.4348808542371053
-0.24711858422265326
-11.113608315320018
-11.179582673921324
-0.25226025354397263
-0.44596763694786257
0.5657419929073275
0.6966803936901854
0.865979167693131
0.9212439139499746
0.9600800248206116
0.9777501226137834
0.9881804297852044
0.9935394304577823
0.9965426048156335
0.9981488464592863
0.9990220248034958
0.9994684353560798
0.9996578153132203
0.9996578153132751
0.9994684353561984
0.9990220248034107
0.9981488464593282
0.99654260481565
0.9935394304577507
0.9881804297851396
0.9777501226137382
0.960080024820437
0.9212439139503614
0.8659791676929263
0.6966803936902939
0.5657419929070805
-0.4459676369473613
-0.25226025354389014
-11.179582673921695
-11.210975929493088
-0.25475931847138145
-0.451326134897562
0.5642126674477941
0.6952849495151009
0.8653441015790575
0.9208072231149009
0.9598441261298138
0.9776027285442269
0.9880956129094083
0.9934879883556255
0.996512124741501
0.9981302406783368
0.9990104142248416
0.9994605788244944
0.9996516217615417
0.9996516217612512
0.9994605788248383
0.9990104142247054
0.9981302406784458
0.9965121247411682
0.9934879883560133
0.9880956129090988
0.9776027285442626
0.9598441261297254
0.920807223115524
0.8653441015785099
0.6952849495153384
0.5642126674475805
-0.45132613489751916
-0.25475931847080685
-11.21097592949298
-11.226007633456629
-0.25597701741731826
-0.45392556373158666
0.5634618733125237
0.69460000824124
0.8650296843459944
0.9205903026760965
0.9597260068739419
0.9775284086001667
0.9880523659226684
0.993461386230861
0.9964960192693422
0.9981201037110063
0.9990038066128581
0.999455870669902
0.999647756905907
0.999647756905912
0.9994558706698886
0.9990038066127918
0.9981201037110928
0.9964960192690895
0.9934613862308891
0.9880523659225038
0.9775284086006615
0.9597260068738038
0.9205903026765818
0.8650296843456325
0.6946000082416202
0.5634618733117323
-0.453925563731564
-0.2559770174167404
-11.226007633456236
-11.233231431181032
-0.2565707980113675
-0.4551886130590044
0.5630934337213713
0.6942639597830774
0.8648743345476244
0.9204828695336751
0.9596671538827329
0.9774912059726104
0.988030560862907
0.993447862215094
0.9964877342100013
0.9981148075807358
0.9990002833651961
0.9994533039284987
0.9996456155947417
0.9996456155951536
0.9994533039284879
0.9990002833652243
0.9981148075808206
0.9964877342101818
0.9934478622149516
0.9880305608629412
0.9774912059728655
0.9596671538822423
0.9204828695341468
0.8648743345473205
0.6942639597829802
0.5630934337211737
-0.45518861305763036
-0.2565707980122485
-11.233231431181409
-11.236691461550937
-0.25685866349131103
-0.4557992043135154
0.5629138598220673
0.6941002048395093
0.8647981968552525
0.9204301212296612
0.9596381219172967
0.9774727928326362
0.9880197136557918
0.99344109834442
0.9964835601615212
0.998112115336978
0.9989984722263557
0.9994519691584283
0.9996444930108506
0.9996444930108097
0.9994519691585184
0.9989984722262717
0.9981121153369974
0.9964835601616753
0.9934410983449524
0.9880197136555133
0.9774727928322242
0.9596381219171535
0.9204301212300023
0.8647981968546954
0.6941002048395366
0.5629138598227432
-0.4557992043130023
-0.2568586634931541
-11.23669146155018
-11.238298604501033
-0.25699365680911745
-0.45608491703439913
0.5628292919226059
0.6940230976883504
0.8647621847146676
0.9204051383379763
0.9596243224425733
0.97746401966414
0.9880145265611198
0.9934378521704453
0.9964815473507267
0.9981108098456357
0.9989975881134019
0.9994513132427594
0.9996439388514733
0.9996439388511142
0.9994513132424194
0.9989975881133659
0.9981108098454227
0.9964815473505445
0.9934378521709228
0.9880145265608824
0.9774640196639699
0.9596243224426425
0.920405138338287
0.864762184714071
0.694023097689341
0.562829291922591
-0.4560849170356267
-0.2569936568109086
-11.238298604498816
-11.238930791302469
-0.257047098833156
-0.4561978661554914
0.5627957171998821
0.6939924876222746
0.8647478459402971
0.9203951822968146
0.9596188102653446
0.9774605098873845
0.988012446647685
0.9934365476485352
0.996480736163149
0.998110282020761
0.998997229307053
0.9994510460695207
0.999643712567853
0.9996437125682649
0.9994510460691696
0.9989972293070499
0.9981102820207701
0.9964807361634846
0.9934365476480036
0.9880124466477105
0.9774605098876963
0.9596188102649534
0.920395182297314
0.8647478459401576
0.6939924876227612
0.5627957171989078
-0.45619786615485625
-0.25704709883421545
-11.238930791301861
-11.2389307913011
-0.2570470988353396
-0.4561978661569098
0.5627957172004707
0.6939924876223182
0.8647478459403823
0.9203951822965624
0.9596188102655421
0.9774605098870288
0.988012446648256
0.9934365476483559
0.9964807361630126
0.9981102820206743
0.9989972293071094
0.9994510460686913
0.9996437125677996
0.9996437125684201
0.9994510460691765
0.9989972293072198
0.99811028202093
0.996480736163303
0.9934365476481024
0.9880124466480258
0.9774605098870417
0.9596188102651944
0.9203951822973611
0.8647478459398998
0.6939924876220194
0.5627957171998252
-0.4561978661550434
-0.2570470988345833
-11.238930791302575
-11.238298604497125
-0.25699365681345043
-0.4560849170351129
0.5628292919234745
0.6940230976885873
0.864762184714907
0.9204051383376797
0.9596243224426588
0.9774640196637804
0.9880145265616538
0.9934378521703207
0.9964815473508495
0.9981108098454339
0.9989975881133264
0.999451313242102
0.9996439388517007
0.9996439388512992
0.9994513132427523
0.9989975881134565
0.9981108098454147
0.9964815473503168
0.9934378521709443
0.9880145265610436
0.9774640196640116
0.9596243224427907
0.9204051383383152
0.8647621847138376
0.6940230976890387
0.5628292919229745
-0.45608491703534565
-0.2569936568111622
-11.238298604497942
-11.236691461548457
-0.25685866349379266
-0.455799204311917
0.5629138598223025
0.6941002048394302
0.8647981968553333
0.9204301212295742
0.9596381219169381
0.9774727928327388
0.9880197136553583
0.9934410983445919
0.9964835601618287
0.9981121153367625
0.9989984722262516
0.999451969158834
0.9996444930109372
0.999644493010635
0.9994519691588231
0.9989984722259415
0.9981121153368444
0.996483560161469
0.993441098344757
0.9880197136552124
0.9774727928331899
0.9596381219166813
0.9204301212299528
0.864798196854648
0.6941002048401438
0.562913859821679
-0.45579920431225546
-0.25685866349313324
-11.236691461548519
-11.233231431181881
-0.2565707980108703
-0.455188613059204
0.563093433721068
0.6942639597830234
0.86487433454765
0.9204828695337929
0.9596671538829018
0.9774912059726429
0.9880305608629183
0.9934478622150719
0.9964877342098529
0.99811480758083
0.9990002833653279
0.9994533039284221
0.9996456155946636
0.9996456155951201
0.9994533039282911
0.999000283365133
0.9981148075808277
0.9964877342102116
0.9934478622148866
0.9880305608630553
0.9774912059725991
0.9596671538821537
0.920482869534105
0.8648743345474691
0.6942639597829349
0.5630934337214131
-0.45518861305778613
-0.256570798012548
-11.233231431182269
-11.226007633457929
-0.2559770174152797
-0.45392556373259785
0.5634618733122965
0.694600008241214
0.8650296843460151
0.9205903026762395
0.9597260068742703
0.9775284086001368
0.988052365922923
0.9934613862306467
0.996496019269081
0.9981201037112055
0.9990038066129214
0.999455870669693
0.9996477569058788
0.9996477569061406
0.9994558706696497
0.9990038066130575
0.9981201037111781
0.9964960192694252
0.9934613862309322
0.9880523659227483
0.9775284085997282
0.9597260068740554
0.9205903026764153
0.865029684345934
0.6946000082414101
0.5634618733126184
-0.4539255637322902
-0.2559770174171032
-11.226007633457382
-11.210975929493657
-0.2547593184697823
-0.45132613489707135
0.5642126674475749
0.6952849495149924
0.8653441015789483
0.9208072231150812
0.9598441261297788
0.9776027285443871
0.9880956129091634
0.9934879883556731
0.9965121247414181
0.9981302406783551
0.9990104142245342
0.9994605788247988
0.9996516217614111
0.9996516217611784
0.9994605788248361
0.9990104142248324
0.9981302406782688
0.9965121247412851
0.9934879883557843
0.988095612908893
0.977602728544365
0.9598441261297505
0.920807223115278
0.8653441015788481
0.6952849495155127
0.5642126674471613
-0.4513261348978084
-0.25475931847048405
-11.210975929492474
-11.179582673923122
-0.2522602535433581
-0.445967636947593
0.5657419929072385
0.6966803936904082
0.8659791676931854
0.9212439139501558
0.9600800248206898
0.9777501226138088
0.9881804297851536
0.993539430457822
0.9965426048156083
0.9981488464592112
0.9990220248034041
0.9994684353560865
0.9996578153132862
0.9996578153134186
0.9994684353562444
0.9990220248033557
0.9981488464592602
0.9965426048155475
0.9935394304576702
0.9881804297851859
0.9777501226139413
0.960080024820607
0.9212439139502979
0.8659791676931141
0.6966803936901835
0.565741992907181
-0.44596763694717684
-0.2522602535435936
-11.179582673922205
-11.113608315321402
-0.24711858422237615
-0.4348808542371073
0.5688605145030561
0.6995258194404494
0.8672601043837314
0.9221203059512105
0.9605480190101026
0.9780391405969902
0.9883435013459434
0.9936356339510504
0.9965970250104572
0.9981796953725686
0.9990390514083587
0.9994780677549792
0.9996641810059691
0.9996641810061939
0.9994780677547557
0.9990390514085268
0.9981796953725961
0.9965970250104506
0.9936356339510988
0.9883435013459941
0.9780391405967397
0.9605480190102457
0.9221203059511532
0.8672601043836279
0.6995258194404537
0.5688605145029226
-0.4348808542370888
-0.24711858422241237
-11.113608315321397
-10.973818509507272
-0.2365065112672645
-0.4118331925784521
0.5752275010250856
0.7053311677615577
0.8698357954498782
0.9238675956297504
0.9614635614691793
0.978592020963144
0.988642912544396
0.9938010545348082
0.9966792673578024
0.998215217788363
0.9990473287700947
0.999471821484547
0.9996515389041016
0.9996515389038556
0.9994718214843776
0.9990473287703187
0.9982152177883059
0.9966792673579905
0.9938010545348763
0.9886429125443967
0.9785920209630365
0.961463561469267
0.9238675956295402
0.8698357954501608
0.7053311677615958
0.5752275010251214
-0.41183319257850504
-0.2365065112670771
-10.973818509508328
-10.674451369907665
-0.214525149856857
-0.3636465100460675
0.5882353634266362
0.7171619569936324
0.8749730303882257
0.9272959730370762
0.9631946054293896
0.9795851541550356
0.9891254571677104
0.9940146392176836
0.9967272859932269
0.9981706458410055
0.9989491211448008
0.999345129882408
0.9995123513527621
0.9995123513527626
0.9993451298824967
0.998949121144711
0.9981706458411372
0.9967272859933235
0.9940146392176381
0.9891254571678428
0.9795851541547749
0.9631946054292531
0.9272959730370613
0.8749730303882465
0.7171619569932564
0.5882353634265673
-0.3636465100452688
-0.2145251498554508
-10.674451369908834
-10.024066780909948
-0.16880320201903842
-0.26222090122037733
0.6147735761333379
0.7411252616995184
0.8849930715395626
0.933742103710371
0.9661636437993453
0.9810401123652741
0.9895482643912941
0.9938948041595168
0.9962770286934024
0.9975364003767395
0.9982091558853545
0.9985492546482683
0.9986920598301747
0.9986920598296487
0.9985492546488293
0.9982091558852271
0.997536400376876
0.9962770286929017
0.9938948041600073
0.9895482643908973
0.9810401123652267
0.9661636437997958
0.9337421037102569
0.884993071539319
0.7411252616994224
0.6147735761331181
-0.26222090122093866
-0.16880320201668264
-10.024066780910488
-8.58172873695581
-0.07315685733626394
-0.047150497067122626
0.6684512409856664
0.7886397822017893
0.9032334136316935
0.9443102052175847
0.9695475170184646
0.9812663226655152
0.9876693099379565
0.9909091098639025
0.9926271112356764
0.9935184197782199
0.9939818576328199
0.9942118383599091
0.994306829726411
0.9943068297259634
0.9942118383602949
0.9939818576327284
0.9935184197783717
0.9926271112349998
0.990909109864016
0.9876693099377285
0.9812663226658853
0.9695475170188825
0.9443102052173313
0.9032334136320157
0.7886397822016007
0.6684512409851258
-0.04715049706838314
-0.0731568573345909
-8.581728736956173
-5.278474765466093
0.12910157290382346
0.4114066017740545
0.7729455480948435
0.8758521792079828
0.9280365233250031
0.9518472638569091
0.9619600609889538
0.9669038655275948
0.9689369484353141
0.9698788195678774
0.9702450955573252
0.9703930016372373
0.9704396099581558
0.9704520388811646
0.9704533047196846
0.9704533047203505
0.9704520388809799
0.9704396099583875
0.9703930016374309
0.9702450955577743
0.9698788195673362
0.9689369484359368
0.9669038655272149
0.9619600609888328
0.9518472638565656
0.9280365233256951
0.8758521792068958
0.772945548095594
0.411406601775352
0.12910157290226815
-5.278474765466626
2.7302755275001798
0.5680535826226849
1.378058137728543
0.9382698493315296
0.9816726401172965
0.8961115964186057
0.8780515819661192
0.8551351464223003
0.8449304546618568
0.8376441629807758
0.8337099152769392
0.8312879478156769
0.8299236168381898
0.8291390967522319
0.8287232287201292
0.828541973695879
0.8285419736958777
0.8287232287202184
0.8291390967520296
0.8299236168379149
0.8312879478158973
0.8337099152773215
0.8376441629807005
0.8449304546611188
0.8551351464224132
0.8780515819654795
0.8961115964190612
0.981672640116682
0.9382698493334967
1.3780581377289243
0.568053582619065
2.7302755275013624
24.564212045822373
1.5386505578017315
3.1489220324235996
0.7505033285380496
0.5480909450877569
0.13215734767175508
0.0019808026046445847
-0.09793323808475315
-0.1438402036202528
-0.1717849813142125
-0.1863389842309665
-0.19461413068738587
-0.19908270303288395
-0.20153050632279546
-0.20278859390172976
-0.2033239929579761
-0.2033239929607008
-0.20278859390170048
-0.20153050632279124
-0.19908270303348385
-0.19461413068924283
-0.1863389842295602
-0.17178498131553932
-0.14384020361921063
-0.09793323808402626
0.0019808026041632587
0.1321573476705148
0.5480909450902417
0.750503328538503
3.1489220324211726
1.538650557799388
24.56421204582493
107.91537943014708
0.4947713979544768
-0.24416488063642058
-9.422315758371983
-10.92034485388886
-12.41213639848656
-12.927570583112757
-13.258277882387066
-13.409286655428414
-13.494531231828947
-13.53775715776883
-13.561310957685944
-13.573701500234005
-13.580304533881122
-13.58363530308577
-13.585033200274076
-13.585033200280801
-13.583635303078882
-13.58030453387968
-13.573701500235092
-13.5613109576902
-13.53775715775786
-13.494531231837273
-13.409286655428204
-13.258277882388317
-12.927570583104687
-12.412136398502263
-10.920344853883815
-9.422315758369407
-0.2441648806286027
0.49477139795922437
107.91537943014117