79.52349265717848
-5.792383102089768
-4.622859493419259
-10.254939217853046
-10.261906756136955
-10.76062730147454
-10.773160684813464
-10.82212635661877
-10.824851729611032
-10.829983160302927
-10.830448826857708
-10.830952452125032
-10.830952452126123
-10.830448826857559
-10.829983160304755
-10.824851729611233
-10.822126356618629
-10.773160684812009
-10.76062730147428
-10.261906756137966
-10.254939217852908
-4.622859493420476
-5.792383102089781
79.52349265717919
7.5936673193345925
0.5716677597901187
1.4490331029637415
0.8205655134795671
0.8996659735182193
0.8531959181067041
0.8607745842055
0.8577155538187812
0.8584455727997333
0.8582873941156733
0.8583541221244806
0.8583513498921976
0.858351349892193
0.8583541221243035
0.8582873941156964
0.8584455727997158
0.8577155538188076
0.8607745842055945
0.85319591810687
0.8996659735183258
0.8205655134797535
1.449033102963567
0.5716677597899689
7.593667319334637
-3.9967523641043554
0.5574582830111978
0.7500103480913523
0.9311840825955144
0.9605617282250576
0.9722199218857408
0.9761299667683181
0.9772635834163955
0.977785902345842
0.9779300650378204
0.9780002287085781
0.9780178116330065
0.9780178116329716
0.9780002287085696
0.9779300650377654
0.9777859023458491
0.9772635834164004
0.9761299667684612
0.9722199218858305
0.9605617282251058
0.9311840825956317
0.7500103480913127
0.5574582830111936
-3.9967523641043767
-7.566245952467913
0.5348459844507942
0.43983005452131185
0.9443524877573788
0.9484956522203959
0.9895940062998492
0.9912209596762271
0.9949993250141057
0.995310547464038
0.99569349090152
0.9957441444319419
0.9957816128023904
0.995781612802422
0.9957441444319355
0.9956934909015278
0.9953105474640361
0.9949993250141052
0.9912209596762398
0.9895940062998752
0.9484956522203756
0.9443524877574634
0.4398300545212863
0.5348459844509392
-7.56624595246811
-8.82867017801189
0.523207903622997
0.3144151782213511
0.9455278530029853
0.9385951709250622
0.9926964344482658
0.9932600786984768
0.9983266886579206
0.9985352483102121
0.999042613882317
0.9990835247734788
0.9991317108991385
0.9991317108992208
0.9990835247735737
0.9990426138824431
0.9985352483102614
0.9983266886578623
0.9932600786983239
0.9926964344482672
0.9385951709250049
0.9455278530030927
0.3144151782214707
0.5232079036232083
-8.828670178011851
-9.301384754244292
0.5179606712854311
0.2642461861063291
0.9452007012832948
0.9335993303987906
0.9932288852468278
0.9933256296598383
0.998984913364952
0.999147250367879
0.9997159817105976
0.9997524011089781
0.9998061631392272
0.9998061631393711
0.9997524011090262
0.9997159817107308
0.9991472503679001
0.9989849133649308
0.9933256296596465
0.99322888524685
0.9335993303987258
0.9452007012833915
0.2642461861064942
0.5179606712854716
-9.301384754244124
-9.484003062380992
0.5157054278108575
0.2441000225158511
0.9448953803610564
0.9313541691641817
0.993296592048196
0.9931933623945323
0.9991160455889104
0.999258339548334
0.9998560548298661
0.9998905199508832
0.9999470541254609
0.9999470541255111
0.999890519950877
0.9998560548298656
0.9992583395483132
0.9991160455889124
0.9931933623944671
0.9932965920482548
0.9313541691641437
0.944895380361151
0.24410002251574284
0.5157054278107531
-9.48400306238087
-9.555954669836826
0.5147552865089124
0.2359575474150358
0.9447312184755237
0.9303881076434858
0.9932915674452685
0.9931037886202667
0.9991409341370416
0.9992747086710453
0.9998856663027818
0.99991931056343
0.9999771699157791
0.9999771699156607
0.9999193105634043
0.9998856663026903
0.9992747086709819
0.999140934137003
0.993103788620376
0.993291567445361
0.9303881076435028
0.9447312184755929
0.23595754741492087
0.5147552865087841
-9.555954669836819
-9.584680978140007
0.5143584364702097
0.23264705194195767
0.9446543799704485
0.929980230501751
0.9932819555470271
0.9930586886251643
0.999144850390465
0.9992750419275906
0.9998919017450234
0.9999252077744856
0.9999836808685187
0.9999836808684304
0.9999252077743968
0.9998919017449123
0.9992750419275517
0.9991448503904982
0.9930586886253252
0.9932819555470969
0.9299802305017786
0.944654379970447
0.23264705194185598
0.5143584364700722
-9.58468097814
-9.596229706328902
0.5141936931399027
0.23129786214967776
0.9446204536543406
0.929809960045564
0.9932761985645642
0.9930381368933089
0.9991450340009433
0.9992737310391594
0.9998931666043305
0.999926334842836
0.9999850843328678
0.9999850843329122
0.999926334842749
0.9998931666043522
0.9992737310390893
0.9991450340009781
0.9930381368933636
0.9932761985645888
0.9298099600455703
0.9446204536543327
0.23129786214972045
0.5141936931399818
-9.596229706329169
-9.600816361958769
0.5141267282463702
0.23075648231769583
0.9446061633543412
0.9297405620976592
0.9932734412725119
0.9930293483799733
0.999144787399646
0.9992728752467868
0.9998933967572365
0.9999265100700435
0.9999853789664848
0.9999853789664666
0.9999265100701586
0.9998933967573256
0.9992728752468529
0.9991447873995647
0.9930293483798553
0.9932734412724409
0.929740562097634
0.9446061633544107
0.2307564823177216
0.5141267282466468
-9.600816361958852
-9.602421949039162
0.5141029277530076
0.23056565717540115
0.9446009839185419
0.9297158713968217
0.9932723806096135
0.9930261408916832
0.9991446408290278
0.9992725118907935
0.9998934284163418
0.9999265225087086
0.9999854355503153
0.9999854355502589
0.9999265225088941
0.9998934284164064
0.999272511890837
0.9991446408289626
0.9930261408915664
0.9932723806095116
0.9297158713967799
0.9446009839186538
0.2305656571755001
0.5141029277530645
-9.602421949039195
-9.602421949039112
0.5141029277530935
0.2305656571755189
0.9446009839187139
0.9297158713969504
0.9932723806096798
0.9930261408917483
0.9991446408289868
0.9992725118908556
0.9998934284163794
0.9999265225088443
0.9999854355504447
0.9999854355504638
0.9999265225088605
0.9998934284163923
0.9992725118908181
0.999144640829025
0.993026140891689
0.9932723806097177
0.9297158713969986
0.9446009839187236
0.2305656571755425
0.514102927752838
-9.60242194903914
-9.60081636195854
0.5141267282464721
0.2307564823179118
0.9446061633545108
0.92974056209785
0.9932734412726101
0.9930293483799879
0.9991447873995629
0.9992728752469091
0.999893396757333
0.9999265100702872
0.9999853789667315
0.9999853789666211
0.999926510070156
0.9998933967572665
0.9992728752467885
0.9991447873995831
0.9930293483800599
0.9932734412727011
0.9297405620978968
0.9446061633545375
0.2307564823177555
0.5141267282462818
-9.600816361958456
-9.59622970632958
0.514193693140079
0.23129786214973969
0.9446204536544192
0.9298099600456355
0.9932761985646463
0.9930381368933772
0.9991450340009933
0.9992737310391879
0.9998931666044422
0.9999263348429542
0.9999850843330278
0.9999850843329368
0.9999263348428495
0.9998931666043341
0.9992737310390971
0.9991450340010001
0.9930381368934944
0.9932761985647907
0.9298099600456773
0.9446204536543806
0.2312978621496532
0.5141936931401363
-9.59622970632983
-9.584680978140184
0.5143584364700131
0.23264705194182878
0.9446543799703211
0.9299802305015413
0.993281955546951
0.9930586886251073
0.9991448503904756
0.999275041927534
0.9998919017449519
0.9999252077743601
0.9999836808682672
0.9999836808682606
0.9999252077743398
0.9998919017449583
0.9992750419275563
0.9991448503905467
0.9930586886251141
0.9932819555469418
0.9299802305014697
0.9446543799704048
0.23264705194169996
0.5143584364702842
-9.5846809781407
-9.555954669837174
0.5147552865085712
0.2359575474147213
0.9447312184753284
0.9303881076433052
0.9932915674451266
0.9931037886202831
0.9991409341370419
0.9992747086710557
0.9998856663026319
0.9999193105632682
0.9999771699154423
0.9999771699156046
0.9999193105633242
0.9998856663028347
0.999274708671064
0.9991409341370141
0.9931037886201792
0.993291567445121
0.9303881076432412
0.9447312184754713
0.23595754741491326
0.5147552865089252
-9.555954669837456
-9.484003062381273
0.5157054278106914
0.2441000225156822
0.944895380360984
0.9313541691641911
0.9932965920482058
0.9931933623945507
0.9991160455889108
0.999258339548337
0.9998560548297653
0.9998905199508241
0.9999470541253757
0.9999470541255434
0.9998905199508294
0.9998560548298936
0.9992583395482806
0.9991160455889029
0.993193362394356
0.9932965920482282
0.9313541691640925
0.9448953803610622
0.24410002251582097
0.5157054278106439
-9.484003062381209
-9.301384754244026
0.5179606712854427
0.264246186106604
0.945200701283528
0.9335993303990717
0.9932288852470437
0.9933256296599323
0.9989849133650193
0.999147250367963
0.9997159817107548
0.9997524011091328
0.9998061631394966
0.99980616313958
0.9997524011091075
0.9997159817107246
0.9991472503679371
0.9989849133650285
0.9933256296598394
0.9932288852471596
0.9335993303990526
0.9452007012836428
0.264246186106434
0.5179606712850346
-9.301384754243815
-8.82867017801191
0.523207903623056
0.31441517822161336
0.9455278530031783
0.9385951709253368
0.9926964344484039
0.9932600786985728
0.9983266886578664
0.9985352483102243
0.9990426138823391
0.9990835247737291
0.9991317108994503
0.9991317108994078
0.9990835247736141
0.999042613882406
0.9985352483102983
0.9983266886577786
0.9932600786986083
0.9926964344485317
0.938595170925385
0.9455278530032041
0.3144151782215109
0.5232079036227997
-8.828670178011418
-7.566245952468482
0.5348459844512967
0.43983005452126345
0.9443524877574005
0.948495652220428
0.9895940062998188
0.9912209596763046
0.994999325014116
0.9953105474641195
0.99569349090165
0.9957441444320403
0.9957816128024288
0.9957816128023451
0.995744144431944
0.9956934909014938
0.9953105474640185
0.9949993250140651
0.9912209596764789
0.9895940062999276
0.9484956522205221
0.9443524877573664
0.4398300545211926
0.5348459844511477
-7.566245952468645
-3.9967523641037443
0.5574582830109933
0.750010348091011
0.9311840825953177
0.9605617282247734
0.9722199218856109
0.9761299667681862
0.9772635834163972
0.9777859023457875
0.9779300650377676
0.9780002287083617
0.9780178116328125
0.9780178116327947
0.9780002287083095
0.9779300650375904
0.9777859023457978
0.9772635834165273
0.9761299667683696
0.9722199218856982
0.9605617282248224
0.9311840825953326
0.7500103480909642
0.5574582830113142
-3.9967523641041103
7.593667319335594
0.5716677597894875
1.4490331029634353
0.8205655134794169
0.8996659735180663
0.8531959181066051
0.8607745842053223
0.857715553818875
0.85844557279969
0.8582873941157179
0.8583541221243015
0.8583513498921003
0.8583513498919851
0.8583541221240646
0.8582873941155975
0.8584455727997733
0.857715553819016
0.8607745842056068
0.8531959181068424
0.8996659735181372
0.8205655134796133
1.4490331029632242
0.5716677597898396
7.593667319335287
79.5234926571792
-5.792383102089772
-4.622859493419201
-10.254939217853039
-10.26190675613708
-10.760627301474404
-10.773160684813712
-10.82212635661868
-10.824851729611167
-10.829983160302637
-10.83044882685811
-10.830952452124532
-10.8309524521264
-10.830448826857813
-10.82998316030461
-10.824851729611444
-10.822126356618355
-10.773160684811934
-10.760627301474003
-10.261906756138487
-10.254939217852478
-4.622859493420698
-5.792383102089806
79.5234926571787