194.1343844361764
-5.927671583529241
-2.1392857047142773
-15.502195817707864
-15.400466160936707
-16.59404819514353
-16.609303597147978
-16.727079275984288
-16.731683861689994
-16.74405500025953
-16.744927336594337
-16.74629573569452
-16.746441618725747
-16.746600608480144
-16.7466239054542
-16.746643271905093
-16.74664685397089
-16.746649010637654
-16.746649010630964
-16.746646853971985
-16.74664327190623
-16.746623905451038
-16.74660060848754
-16.746441618720823
-16.74629573569665
-16.744927336599368
-16.744055000252786
-16.731683861702095
-16.727079275974575
-16.609303597148198
-16.594048195148545
-15.400466160922232
-15.502195817719215
-2.139285704702376
-5.927671583533556
194.13438443617275
24.521952205670544
0.5790748654648676
2.7645356059247588
0.7496915922600624
0.9410466405585429
0.7810996308267124
0.7989663367632098
0.7866667336441844
0.7883479100811248
0.7874472238171495
0.7875994166750739
0.7875387752221885
0.7875509503472037
0.7875473484942389
0.7875479592469119
0.7875477615056243
0.7875477091449454
0.7875476949831625
0.787547694982978
0.7875477091452531
0.7875477615053088
0.7875479592465795
0.787547348494992
0.7875509503464284
0.7875387752226157
0.787599416675529
0.7874472238161419
0.7883479100830509
0.7866667336427755
0.798966336763878
0.7810996308267673
0.94104664055641
0.7496915922619805
2.7645356059247046
0.5790748654648379
24.52195220567492
-2.0729858863125106
0.4418687369993191
1.0518451452165904
0.909041868849604
0.9830704131247561
0.9596730014156787
0.9683599953483908
0.9660345072475716
0.9670832516492693
0.9668995112375599
0.9670303631250224
0.9670207369132886
0.9670376863642485
0.9670380724397455
0.9670403586862111
0.9670406004573843
0.9670409152988839
0.967040960575622
0.9670409605754406
0.9670409152992194
0.9670406004571764
0.967040358686059
0.9670380724398913
0.9670376863639626
0.9670207369135686
0.9670303631249877
0.9668995112373626
0.9670832516497303
0.9660345072471285
0.9683599953487723
0.9596730014158339
0.9830704131237337
0.9090418688508037
1.0518451452151325
0.4418687369996473
-2.0729858863111623
-10.265489936529177
0.3743961602870639
0.32142744914629606
0.9253956090968822
0.9400972699083197
0.9855141381159885
0.9886716809614542
0.9926319310952179
0.9931494636748022
0.9935455578713266
0.9936245200248885
0.9936694580246276
0.9936812590021917
0.9936869229760645
0.9936886877716617
0.993689459196226
0.9936897203153869
0.9936898155728049
0.9936898155728884
0.9936897203155751
0.9936894591960044
0.9936886877720723
0.9936869229758221
0.9936812590022188
0.9936694580247214
0.9936245200248217
0.9935455578713186
0.9931494636747962
0.9926319310950285
0.9886716809615977
0.985514138115951
0.9400972699084769
0.9253956090966695
0.321427449145992
0.3743961602878346
-10.265489936530205
-13.164873417307195
0.3437376800806241
0.028908616555443252
0.9253178435993894
0.9142255465442787
0.9899703896464676
0.9905997051790847
0.997606310824233
0.9978719348505306
0.9985681595728569
0.9986217721782646
0.9986960108041159
0.9987052617289629
0.9987137745143209
0.9987152849511117
0.9987163321617395
0.9987165686051935
0.998716687878646
0.9987166878784102
0.9987165686053998
0.9987163321613746
0.9987152849513585
0.9987137745142594
0.9987052617288872
0.9986960108043641
0.9986217721779822
0.9985681595729636
0.9978719348507754
0.9976063108239772
0.9905997051791853
0.9899703896465823
0.9142255465439684
0.9253178435997484
0.028908616555066456
0.3437376800806797
-13.164873417307657
-14.251049249238717
0.3304909540203718
-0.08762446264903499
0.9239242941758761
0.9020258674771651
0.9906427438563872
0.9901768227321934
0.9985789593810133
0.9987335728144708
0.9995767560833925
0.9996189947578156
0.9997083912000118
0.9997164684247393
0.9997265229276127
0.9997279123963657
0.9997291146930987
0.999729338940395
0.9997294721649498
0.999729472164691
0.9997293389406415
0.9997291146928249
0.9997279123966203
0.9997265229273606
0.9997164684248456
0.9997083912001639
0.9996189947574587
0.9995767560836589
0.998733572814611
0.9985789593807506
0.9901768227323484
0.9906427438564467
0.9020258674768044
0.9239242941761613
-0.08762446264927867
0.33049095402035994
-14.251049249238434
-14.670752667817215
0.32491164106286763
-0.13431740537807507
0.9230540419594364
0.8966821672852578
0.9906766014546038
0.9897459275176377
0.9987662704670306
0.9988735505540808
0.9997857658262348
0.9998231729904474
0.9999200828790376
0.9999276615367996
0.9999385174213603
0.99993985503729
0.9999411413584866
0.9999413602921268
0.9999415013288464
0.9999415013287761
0.9999413602923218
0.9999411413581554
0.9999398550377363
0.9999385174209884
0.9999276615371757
0.9999200828789481
0.9998231729902847
0.9997857658264648
0.9988735505538182
0.9987662704669631
0.9897459275175745
0.9906766014544928
0.896682167285491
0.923054041959012
-0.1343174053782754
0.3249116410637011
-14.670752667817162
-14.836119203323275
0.32258845013735493
-0.15316306162925913
0.9226272193402332
0.8944100579680144
0.9906361699266917
0.9895101734329381
0.9987984845924622
0.9988858948252513
0.99982952013083
0.999864940442925
0.9999654383348258
0.9999728180157096
0.9999840743777572
0.9999853918682224
0.9999867219515901
0.9999869388648279
0.9999870841099427
0.9999870841097974
0.9999869388649558
0.9999867219514209
0.9999853918684942
0.9999840743776189
0.9999728180157648
0.9999654383350647
0.9998649404426472
0.9998295201310023
0.9988858948252631
0.9987984845925935
0.9895101734329488
0.9906361699270019
0.8944100579676433
0.9226272193403819
-0.1531630616292173
0.32258845013687193
-14.83611920332272
-14.902153757431286
0.32162535994861124
-0.16082010304670435
0.9224346607987478
0.8934563679937416
0.9906066480818714
0.989398930958377
0.9988018102325955
0.9988809327488432
0.9998385203677993
0.9998731367937366
0.999975297760392
0.9999826016033563
0.9999940514968648
0.9999953619257164
0.999996714014856
0.9999969302843892
0.9999970777171459
0.9999970777172336
0.9999969302843628
0.9999967140148889
0.9999953619259152
0.9999940514965515
0.9999826016035428
0.9999752977604459
0.9998731367935536
0.9998385203679587
0.9988809327484911
0.9988018102328649
0.9893989309584157
0.9906066480817431
0.8934563679939653
0.9224346607985207
-0.16082010304655586
0.3216253599485479
-14.90215375743119
-14.928782101458918
0.32122650729870084
-0.16394891075465653
0.9223509411622672
0.8930582415254711
0.990591274399179
0.9893494284677337
0.9988008790034006
0.9988765509870189
0.9998402423994792
0.9998745354097632
0.9999774495190146
0.999984725410606
0.9999962662683284
0.9999975745079559
0.999998937330953
0.9999991534556056
0.9999993019902975
0.9999993019904565
0.9999991534555523
0.9999989373309057
0.9999975745081642
0.9999962662682876
0.9999847254108162
0.9999774495188001
0.9998745354097434
0.9998402423996513
0.9988765509864979
0.998800879003849
0.9893494284675094
0.9905912743990055
0.8930582415260138
0.9223509411615967
-0.16394891075435408
0.3212265072983535
-14.9287821014589
-14.939600446342592
0.3210612214440226
-0.16523352966723087
0.922315194464465
0.8928923515910622
0.9905840922595304
0.9893279983439187
0.9987999382396682
0.9988741731111634
0.999840501706907
0.999874664504544
0.9999779136569509
0.999985179489747
0.9999967621477939
0.999998069834347
0.9999994377584059
0.999999653886473
0.9999998029608924
0.9999998029608467
0.9999996538864384
0.9999994377585715
0.9999980698341064
0.9999967621479317
0.9999851794895553
0.9999779136570488
0.9998746645044745
0.9998405017069358
0.9988741731113053
0.9987999382399018
0.9893279983438239
0.9905840922598061
0.892892351590767
0.9223151944644472
-0.16523352966648786
0.3210612214420692
-14.939600446341895
-14.9440216453405
0.3209926304933025
-0.16576309952723878
0.9223000710658937
0.8928232374413292
0.9905808944889871
0.9893188497540308
0.9987994090063821
0.998873044562262
0.9998405033283585
0.999874613475675
0.999978009676646
0.9999852719476201
0.9999968734687725
0.99999818107923
0.9999995513755765
0.9999997675348009
0.9999999168668847
0.9999999168669407
0.9999997675345035
0.9999995513757917
0.9999981810790053
0.9999968734687927
0.9999852719476137
0.9999780096766371
0.9998746134755667
0.9998405033286011
0.9988730445622744
0.9987994090063201
0.9893188497535723
0.9905808944889976
0.8928232374418354
0.9223000710651306
-0.16576309952623394
0.3209926304925161
-14.944021645340307
-14.94583715208551
0.3209641176141619
-0.1659821592734222
0.9222937023828075
0.8927944213809496
0.9905795049223449
0.9893149726232691
0.9987991529008289
0.9988725381218857
0.9998404785432444
0.9998745672774373
0.9999780273667469
0.9999852883893856
0.9999968983003681
0.999998205942046
0.9999995773219479
0.999999793506638
0.9999999429595328
0.9999999429596043
0.9999997935063416
0.9999995773223447
0.9999982059417081
0.9999968983005654
0.9999852883893656
0.9999780273667945
0.9998745672774385
0.999840478543525
0.9988725381216808
0.9987991529009848
0.9893149726232882
0.9905795049223811
0.8927944213812931
0.9222937023817029
-0.16598215927227117
0.3209641176128001
-14.945837152085346
-14.946585585739054
0.3209522443333045
-0.16607303633295822
0.9222910263933958
0.8927823940262762
0.9905789090203341
0.9893133358313928
0.998799036505408
0.998872316995637
0.9998404619174511
0.99987454188904
0.9999780295271532
0.9999852901142401
0.9999969037142921
0.999998211393347
0.9999995832604678
0.9999997994610073
0.9999999489694215
0.9999999489693723
0.9999997994608056
0.9999995832606787
0.9999982113926837
0.9999969037145877
0.9999852901140973
0.9999780295271004
0.9998745418891308
0.9998404619174823
0.9988723169957128
0.9987990365054631
0.989313335831419
0.9905789090202949
0.8927823940265276
0.9222910263927675
-0.1660730363323084
0.32095224433208525
-14.946585585737797
-14.946894995677964
0.32094729396119603
-0.16611081256721222
0.9222899034826835
0.8927773702313353
0.9905786554824414
0.9893126464981661
0.9987989852511625
0.9988722218837622
0.9998404533742284
0.9998745297412674
0.999978029186001
0.9999852896210422
0.9999969048282342
0.999998212531565
0.99999958461521
0.9999998008245674
0.9999999503578487
0.9999999503581521
0.9999998008244009
0.9999995846155635
0.9999982125313827
0.9999969048283159
0.9999852896211412
0.9999780291856433
0.9998745297415093
0.9998404533741367
0.9988722218834698
0.9987989852515904
0.9893126464979921
0.9905786554825701
0.8927773702320652
0.9222899034811783
-0.16611081256639243
0.3209472939618957
-14.946894995677733
-14.94702283232359
0.32094523378174045
-0.16612649514960098
0.9222894339541909
0.8927752764901709
0.9905785484418819
0.9893123574535532
0.9987989631399921
0.9988721814476964
0.9998404493957493
0.9998745242780207
0.9999780287432631
0.9999852891255496
0.9999969050246652
0.9999982127419333
0.9999995849203515
0.999999801134076
0.9999999506788333
0.9999999506789155
0.9999998011339148
0.9999995849206278
0.9999982127415813
0.999996905025116
0.9999852891253075
0.9999780287432776
0.999874524278201
0.9998404493954947
0.9988721814477888
0.9987989631401688
0.9893123574532544
0.9905785484421225
0.8927752764902508
0.9222894339534525
-0.16612649514898142
0.3209452337814017
-14.947022832323254
-14.947074679228987
0.3209443931679984
-0.1661328812105312
0.9222892417121982
0.8927744212689963
0.990578504319293
0.9893122388597648
0.9987989538984978
0.9988721647038772
0.9998404476632067
0.9998745219437
0.9999780284916631
0.9999852888554139
0.9999969050449196
0.9999982127686133
0.999999584986952
0.9999998012030025
0.9999999507524326
0.9999999507521691
0.9999998012028338
0.9999995849872559
0.9999982127681792
0.9999969050449504
0.9999852888553126
0.9999780284915596
0.9998745219436398
0.9998404476628825
0.9988721647041247
0.9987989538983157
0.9893122388595792
0.9905785043198694
0.8927744212686155
0.9222892417122401
-0.1661328812104175
0.3209443931689083
-14.947074679228438
-14.947093085697324
0.32094409343518626
-0.16613515494518888
0.9222891730111156
0.8927741161204424
0.9905784884851812
0.989312196421252
0.9987989505545609
0.998872158678962
0.9998404470224203
0.9998745210894773
0.999978028387916
0.9999852887461587
0.9999969050408208
0.9999982127669107
0.9999995850005052
0.9999998012169367
0.9999999507682933
0.9999999507681614
0.9999998012169351
0.9999995850005774
0.999998212766747
0.9999969050407851
0.9999852887462617
0.9999780283875621
0.9998745210895164
0.9998404470224072
0.9988721586786375
0.9987989505548733
0.9893121964210705
0.990578488485502
0.8927741161203387
0.9222891730114401
-0.16613515494529602
0.32094409343602803
-14.947093085698548
-14.94709308570128
0.3209440934370472
-0.16613515494494874
0.9222891730104226
0.8927741161204874
0.990578488485502
0.9893121964212074
0.9987989505545611
0.998872158678964
0.999840447022335
0.9998745210893115
0.9999780283878201
0.9999852887460952
0.9999969050404014
0.9999982127669755
0.9999995850004741
0.999999801216981
0.9999999507683346
0.9999999507682245
0.9999998012169571
0.9999995850004324
0.9999982127668111
0.999996905041024
0.9999852887459251
0.9999780283877848
0.9998745210896707
0.999840447022197
0.9988721586793807
0.998798950554755
0.9893121964210759
0.9905784884857618
0.8927741161199736
0.9222891730111796
-0.16613515494476616
0.32094409343668784
-14.947093085702164
-14.947074679228121
0.3209443931680046
-0.16613288121064756
0.9222892417119772
0.8927744212690489
0.9905785043194626
0.9893122388597346
0.9987989538982802
0.998872164703873
0.9998404476631761
0.9998745219436753
0.9999780284917679
0.9999852888553467
0.9999969050452279
0.9999982127684224
0.9999995849870933
0.9999998012029008
0.9999999507522072
0.9999999507522939
0.9999998012029101
0.9999995849869954
0.999998212768524
0.9999969050447521
0.9999852888552722
0.999978028491765
0.9998745219436549
0.9998404476628311
0.9988721647042573
0.998798953898249
0.9893122388599429
0.990578504319787
0.8927744212685345
0.9222892417123676
-0.16613288121082048
0.3209443931685231
-14.947074679228859
-14.947022832318634
0.32094523378012985
-0.1661264951496597
0.9222894339541369
0.892775276490096
0.990578548442054
0.9893123574534946
0.9987989631401388
0.9988721814475193
0.9998404493958873
0.9998745242779838
0.9999780287432891
0.9999852891255617
0.9999969050250397
0.9999982127416627
0.9999995849207
0.9999998011340293
0.9999999506787418
0.9999999506789847
0.9999998011337459
0.9999995849202886
0.9999982127419059
0.9999969050247365
0.9999852891256052
0.9999780287431947
0.9998745242779858
0.9998404493959641
0.9988721814475795
0.9987989631401777
0.9893123574534526
0.9905785484417238
0.892775276490259
0.9222894339546305
-0.1661264951494941
0.320945233779653
-14.947022832320357
-14.946894995681937
0.3209472939622146
-0.16611081256611537
0.9222899034816836
0.8927773702316004
0.9905786554828409
0.9893126464981461
0.9987989852514394
0.9988722218838053
0.9998404533742351
0.9998745297413093
0.9999780291857003
0.9999852896211059
0.9999969048280276
0.9999982125313918
0.9999995846153499
0.9999998008242715
0.999999950358077
0.9999999503582102
0.9999998008243639
0.9999995846154394
0.9999982125314917
0.9999969048280863
0.9999852896210621
0.9999780291859413
0.9998745297413074
0.999840453374371
0.9988722218838126
0.9987989852514626
0.9893126464983858
0.9905786554828859
0.8927773702310802
0.9222899034819758
-0.16611081256621532
0.320947293962381
-14.946894995682115
-14.946585585736436
0.3209522443319345
-0.16607303633280476
0.9222910263930479
0.8927823940257736
0.9905789090203785
0.9893133358313414
0.9987990365054016
0.9988723169955382
0.9998404619174905
0.9998745418889076
0.9999780295273493
0.9999852901141637
0.9999969037146224
0.99999821139299
0.999999583260663
0.9999997994609265
0.9999999489695168
0.9999999489694129
0.9999997994609924
0.9999995832602566
0.9999982113932167
0.9999969037143526
0.9999852901141262
0.999978029527238
0.999874541888787
0.9998404619176451
0.9988723169954831
0.9987990365054176
0.9893133358309383
0.9905789090202164
0.892782394026103
0.9222910263937926
-0.1660730363331792
0.3209522443324221
-14.94658558573625
-14.94583715208477
0.32096411761062815
-0.16598215927263096
0.9222937023826654
0.8927944213806284
0.9905795049226381
0.9893149726230773
0.9987991529010147
0.9988725381219397
0.9998404785433214
0.9998745672775098
0.9999780273667627
0.9999852883894362
0.999996898300394
0.9999982059417938
0.9999995773220891
0.9999997935063502
0.9999999429595298
0.9999999429595288
0.9999997935064271
0.9999995773219492
0.9999982059421613
0.9999968983002843
0.9999852883894683
0.9999780273668144
0.9998745672773682
0.9998404785435474
0.9988725381217844
0.998799152901286
0.9893149726232308
0.9905795049228939
0.8927944213805329
0.9222937023829396
-0.16598215927314197
0.3209641176106903
-14.945837152084351
-14.944021645342112
0.3209926304924561
-0.16576309952569981
0.922300071065422
0.8928232374414432
0.9905808944892716
0.9893188497539444
0.9987994090065082
0.9988730445622076
0.9998405033283523
0.9998746134757368
0.9999780096763797
0.9999852719477129
0.9999968734686533
0.9999981810791124
0.9999995513756976
0.9999997675345867
0.9999999168670006
0.9999999168667872
0.9999997675346719
0.9999995513755044
0.9999981810793873
0.9999968734684805
0.9999852719476975
0.9999780096767434
0.9998746134755452
0.9998405033285214
0.9988730445623006
0.9987994090063176
0.9893188497538539
0.9905808944894947
0.8928232374408211
0.9223000710660691
-0.16576309952718288
0.3209926304931504
-14.944021645339872
-14.939600446336321
0.321061221442034
-0.16523352966718996
0.9223151944642243
0.8928923515906388
0.9905840922594777
0.9893279983438258
0.9987999382393924
0.9988741731108728
0.9998405017069731
0.9998746645045533
0.999977913656976
0.9999851794899128
0.9999967621482095
0.9999980698341684
0.999999437758468
0.9999996538865705
0.999999802960666
0.9999998029607406
0.9999996538866653
0.9999994377583126
0.9999980698346091
0.999996762147675
0.9999851794901513
0.999977913656874
0.9998746645044947
0.9998405017073322
0.9988741731105167
0.9987999382398074
0.9893279983439186
0.9905840922592045
0.8928923515907932
0.9223151944651806
-0.165233529668128
0.3210612214420161
-14.939600446335984
-14.928782101460872
0.3212265072959555
-0.163948910753261
0.9223509411620623
0.8930582415256081
0.9905912743996801
0.9893494284679161
0.9988008790033924
0.9988765509872637
0.999840242399503
0.9998745354097878
0.999977449518801
0.9999847254109191
0.9999962662679145
0.999997574508272
0.9999989373310829
0.9999991534553576
0.9999993019903972
0.9999993019904408
0.9999991534555012
0.999998937330838
0.9999975745083046
0.9999962662680877
0.9999847254107805
0.9999774495187339
0.9998745354101668
0.9998402423992516
0.9988765509868978
0.9988008790038716
0.9893494284679409
0.9905912743992931
0.8930582415258099
0.9223509411623825
-0.16394891075427193
0.32122650729471425
-14.928782101458921
-14.902153757431247
0.3216253599487261
-0.16082010304593508
0.9224346607982202
0.8934563679935799
0.9906066480820824
0.9893989309583737
0.9988018102325538
0.9988809327487704
0.9998385203678003
0.999873136793581
0.9999752977605658
0.9999826016034477
0.9999940514967032
0.9999953619259591
0.9999967140146762
0.9999969302843792
0.9999970777172789
0.9999970777171976
0.9999969302843976
0.9999967140147077
0.9999953619258388
0.9999940514965122
0.9999826016033186
0.9999752977604922
0.9998731367936056
0.9998385203676566
0.9988809327490341
0.9988018102323294
0.9893989309583859
0.9906066480818523
0.8934563679934295
0.9224346607991191
-0.16082010304678016
0.32162535994744135
-14.902153757430138
-14.836119203317304
0.3225884501377767
-0.15316306162883456
0.9226272193395645
0.8944100579679231
0.9906361699266204
0.9895101734326768
0.9987984845924213
0.9988858948250989
0.999829520130969
0.9998649404430315
0.9999654383349871
0.999972818015734
0.99998407437798
0.999985391868222
0.9999867219514875
0.9999869388649246
0.9999870841096585
0.9999870841099
0.9999869388646863
0.9999867219517351
0.9999853918682966
0.9999840743777277
0.9999728180159944
0.9999654383348695
0.9998649404428379
0.9998295201311602
0.9988858948251125
0.9987984845922343
0.9895101734334492
0.9906361699260835
0.8944100579682579
0.9226272193404353
-0.15316306162896254
0.32258845013621396
-14.836119203318148
-14.67075266781929
0.3249116410609043
-0.13431740537715417
0.9230540419589266
0.8966821672853851
0.9906766014549377
0.9897459275178895
0.9987662704672348
0.9988735505540348
0.9997857658262266
0.9998231729902104
0.9999200828786716
0.9999276615368753
0.9999385174207647
0.9999398550373169
0.9999411413584802
0.9999413602920162
0.9999415013289887
0.9999415013288401
0.99994136029184
0.9999411413585472
0.9999398550370646
0.9999385174215225
0.9999276615367285
0.9999200828787793
0.9998231729903817
0.9997857658261287
0.9988735505541206
0.9987662704670006
0.9897459275180791
0.9906766014544048
0.896682167285514
0.9230540419596284
-0.13431740537738915
0.32491164105980563
-14.670752667819194
-14.251049249235605
0.330490954021069
-0.08762446264954632
0.9239242941757473
0.9020258674769133
0.9906427438564432
0.9901768227321772
0.9985789593807128
0.9987335728143396
0.9995767560838182
0.9996189947576979
0.9997083912004839
0.9997164684247691
0.9997265229277237
0.9997279123967524
0.9997291146929143
0.999729338940619
0.9997294721647805
0.9997294721646923
0.9997293389408611
0.9997291146933909
0.9997279123962668
0.9997265229280655
0.9997164684243871
0.9997083912004832
0.9996189947577286
0.9995767560835049
0.998733572814552
0.9985789593806212
0.9901768227324037
0.9906427438561962
0.9020258674771052
0.923924294175793
-0.08762446264929322
0.3304909540203806
-14.251049249235681
-13.164873417308156
0.3437376800815627
0.028908616555947945
0.9253178435987217
0.9142255465439723
0.989970389646774
0.9905997051791728
0.9976063108240807
0.9978719348506871
0.9985681595727283
0.998621772178153
0.9986960108041494
0.9987052617288017
0.9987137745142469
0.9987152849512289
0.9987163321614918
0.9987165686053624
0.9987166878783202
0.9987166878785008
0.9987165686051873
0.9987163321615236
0.9987152849510565
0.9987137745147228
0.9987052617284524
0.9986960108042503
0.99862177217813
0.9985681595727091
0.9978719348503899
0.9976063108240012
0.9905997051791864
0.9899703896463965
0.9142255465446745
0.9253178435985382
0.028908616555603867
0.343737680082418
-13.164873417308737
-10.265489936529967
0.37439616028505696
0.321427449147309
0.9253956090971327
0.940097269908802
0.985514138116192
0.9886716809615093
0.9926319310954134
0.9931494636748999
0.9935455578712461
0.9936245200250966
0.9936694580242194
0.9936812590024952
0.9936869229755372
0.9936886877718475
0.9936894591959082
0.9936897203154966
0.993689815572891
0.9936898155730091
0.9936897203154053
0.9936894591964353
0.9936886877716409
0.9936869229759706
0.9936812590019939
0.9936694580247266
0.9936245200249612
0.9935455578715231
0.9931494636750542
0.9926319310954489
0.9886716809622706
0.9855141381165214
0.9400972699085051
0.9253956090967539
0.3214274491468042
0.3743961602870854
-10.265489936529857
-2.0729858863069968
0.4418687370013129
1.0518451452157012
0.9090418688491486
0.9830704131242256
0.9596730014153825
0.96835999534831
0.9660345072470966
0.9670832516490369
0.9668995112374059
0.967030363124958
0.9670207369134083
0.9670376863642309
0.9670380724399819
0.9670403586867067
0.9670406004572247
0.9670409152991419
0.967040960575429
0.9670409605753896
0.9670409152991408
0.9670406004570178
0.9670403586861074
0.9670380724401042
0.967037686364199
0.9670207369136392
0.9670303631253307
0.9668995112371361
0.9670832516494341
0.9660345072465784
0.9683599953482775
0.9596730014147781
0.9830704131244496
0.909041868848748
1.051845145215288
0.4418687370027712
-2.072985886307622
24.521952205662437
0.5790748654674815
2.7645356059251887
0.7496915922598614
0.94104664055802
0.7810996308274876
0.7989663367631885
0.7866667336442932
0.7883479100821669
0.7874472238167236
0.7875994166751625
0.78753877522229
0.7875509503465088
0.7875473484941306
0.7875479592467263
0.7875477615051483
0.7875477091457143
0.7875476949828308
0.787547694983082
0.787547709145226
0.7875477615056212
0.7875479592462826
0.7875473484947597
0.787550950346771
0.787538775222223
0.7875994166758296
0.7874472238171045
0.7883479100810995
0.786666733644102
0.7989663367626263
0.7810996308268694
0.9410466405586115
0.7496915922588848
2.7645356059262456
0.5790748654708417
24.521952205665038
194.13438443617912
-5.927671583529402
-2.13928570471393
-15.502195817707353
-15.400466160936697
-16.594048195143262
-16.60930359714819
-16.72707927598409
-16.731683861689273
-16.74405500025985
-16.744927336594394
-16.74629573569428
-16.746441618726067
-16.746600608480094
-16.746623905454676
-16.746643271906244
-16.74664685396997
-16.746649010637842
-16.74664901063047
-16.746646853972955
-16.74664327190594
-16.74662390545033
-16.746600608486467
-16.746441618721448
-16.74629573569618
-16.74492733659963
-16.744055000251045
-16.73168386170375
-16.72707927597473
-16.609303597149164
-16.59404819514795
-15.400466160921702
-15.502195817720144
-2.1392857047035516
-5.92767158352765
194.1343844361673