359.01883975059906
-3.9219846790646478
3.883510994008165
-20.499603891259103
-20.209542077593433
-22.39678203765589
-22.41184209566947
-22.628191738557362
-22.634974098912522
-22.6577024265016
-22.659080733504723
-22.66158795737406
-22.66182469264551
-22.66211425405204
-22.66215249265631
-22.66218750477899
-22.66219353602228
-22.662197970300596
-22.66219891506453
-22.662199502929663
-22.662199651083213
-22.662199732247416
-22.662199755059795
-22.66219976505532
-22.662199765049074
-22.662199755065597
-22.6621997322498
-22.66219965108803
-22.662199502934183
-22.66219891505916
-22.66219797029671
-22.66219353601536
-22.66218750478745
-22.66215249266298
-22.66211425405674
-22.661824692637662
-22.66158795736874
-22.65908073349566
-22.657702426514458
-22.634974098919415
-22.628191738556165
-22.411842095665875
-22.396782037658113
-20.209542077583222
-20.499603891274596
3.883510994031021
-3.9219846790694897
359.01883975057956
50.56815929837686
0.7009883188247896
4.815360108093805
0.6877515113998958
1.0446030346297237
0.7093952690102352
0.7424695253962706
0.7155992992992946
0.7186956244330238
0.7165951605323551
0.7168756137029035
0.7167183945516673
0.7167412354367866
0.7167300665244951
0.7167313549066828
0.7167305552658295
0.7167304933297773
0.7167304167717241
0.7167303746322048
0.7167303617084828
0.7167303508549503
0.7167303480061753
0.7167303457891615
0.7167303452883513
0.7167303452858671
0.7167303457897491
0.7167303480061318
0.7167303508549252
0.7167303617083068
0.7167303746326146
0.7167304167722484
0.7167304933302607
0.7167305552647436
0.7167313549076257
0.7167300665231766
0.7167412354363786
0.7167183945515624
0.7168756137019963
0.716595160532947
0.7186956244331941
0.7155992993000877
0.7424695253943083
0.7093952690124543
1.0446030346309736
0.6877515113990006
4.815360108092811
0.7009883188246626
50.56815929837633
2.827268863781143
0.3635454934602208
1.6461239154518401
0.891491471588137
1.0349214470984718
0.9475828938132251
0.9635249937410566
0.9548529486875492
0.9566843007235544
0.9558816453914902
0.9560991756932796
0.9560295870993141
0.9560563842539782
0.9560509883653575
0.956054424038402
0.9560541151168247
0.9560545739450605
0.9560545780794405
0.9560546417313681
0.9560546475801344
0.956054656701935
0.9560546581301776
0.9560546594450896
0.9560546596731561
0.9560546596726147
0.9560546594453109
0.9560546581303533
0.956054656702326
0.9560546475797371
0.956054641731904
0.9560545780793777
0.9560545739452866
0.9560541151168036
0.9560544240380331
0.9560509883655202
0.9560563842538843
0.9560295870991427
0.9560991756929309
0.9558816453916972
0.9566843007234207
0.9548529486877968
0.9635249937397184
0.9475828938140791
1.0349214470987376
0.8914914715883914
1.6461239154518301
0.36354549345987036
2.8272688637835133
-11.881395084343755
0.2288228239907774
0.3186082727136807
0.9087601848492828
0.9444473645869969
0.9817434106053831
0.9875060360254271
0.9903078072057572
0.9911449435900186
0.9914107780541698
0.9915294238190377
0.9915614686744232
0.9915782786333673
0.9915828232623574
0.9915852329646283
0.9915859310125162
0.9915862828620041
0.991586393667413
0.9915864461539514
0.9915864639808802
0.9915864719778134
0.9915864748550127
0.9915864760687498
0.9915864764626703
0.9915864764627247
0.9915864760688426
0.9915864748551038
0.9915864719777487
0.9915864639808744
0.9915864461538599
0.991586393667403
0.9915862828621453
0.9915859310123585
0.9915852329645373
0.9915828232625766
0.9915782786331856
0.991561468674154
0.9915294238189057
0.9914107780545433
0.9911449435900479
0.9903078072057885
0.9875060360247192
0.9817434106060686
0.9444473645870108
0.9087601848494484
0.3186082727133369
0.22882282399089127
-11.881395084343755
-17.088741430779613
0.1703312485140817
-0.2106607969717017
0.9061996181228076
0.8952527931738957
0.9874213810284634
0.9885694185899829
0.9969180510424216
0.9972893783236705
0.9981061242893431
0.998177134629977
0.9982634858647312
0.9982754111237641
0.9982852961816203
0.9982872069080074
0.9982884297311538
0.998288731002797
0.9982888932956631
0.9982889407142048
0.9982889635685446
0.9982889710671236
0.9982889744289343
0.9982889755956152
0.9982889760311942
0.9982889760310145
0.9982889755958606
0.9982889744285881
0.9982889710671022
0.9982889635686594
0.9982889407141888
0.9982888932954712
0.9982887310032424
0.9982884297307436
0.998287206908492
0.9982852961813035
0.9982754111237941
0.9982634858649029
0.9981771346300539
0.9981061242894098
0.9972893783235779
0.9969180510421667
0.9885694185898768
0.9874213810284369
0.8952527931743517
0.9061996181228096
-0.21066079697165346
0.1703312485140459
-17.088741430780274
-19.04008282794163
0.14549379250972344
-0.4211077414058696
0.903136188209815
0.872709213019004
0.9881490725051492
0.9873106569379989
0.998195260301467
0.9983633368115117
0.9994489215607573
0.9994988353005729
0.9996131437546499
0.9996228554227924
0.999635612226162
0.9996372898053859
0.9996388053479366
0.9996390821050775
0.9996392740916182
0.9996393189448758
0.9996393448023339
0.999639352034497
0.9996393556988171
0.9996393568384246
0.9996393573014362
0.9996393573012261
0.9996393568385352
0.9996393556985677
0.9996393520345669
0.9996393448023155
0.9996393189450787
0.9996392740913549
0.9996390821053485
0.9996388053478904
0.9996372898056873
0.9996356122257566
0.9996228554226814
0.9996131437549169
0.9994988353009362
0.999448921560369
0.9983633368116662
0.9981952603006137
0.9873106569382963
0.9881490725049755
0.8727092130193752
0.9031361882099509
-0.42110774140546703
0.1454937925095015
-19.04008282794223
-19.79424654172363
0.13512143822240857
-0.5053495301456655
0.9014250871549785
0.8629477380530594
0.9881036976968389
0.9864260584425659
0.9984324122576378
0.9985145125373156
0.9997260562590067
0.9997671129434686
0.9998952262101377
0.9999040115752117
0.9999182533644262
0.9999198326915599
0.999921505791288
0.9999217720381692
0.999921980574261
0.9999220243008098
0.9999220518837839
0.9999220589952039
0.9999220628380792
0.9999220639654357
0.999922064444671
0.9999220644446729
0.9999220639654511
0.9999220628383891
0.9999220589951503
0.9999220518838343
0.9999220243005851
0.9999219805744769
0.99992177203816
0.9999215057915017
0.9999198326915717
0.9999182533641076
0.9999040115750106
0.99989522621034
0.999767112943645
0.9997260562593366
0.9985145125372415
0.9984324122574366
0.986426058442801
0.9881036976969633
0.8629477380534871
0.9014250871549985
-0.50534953014523
0.1351214382228928
-19.7942465417229
-20.09143808157242
0.13082361645336044
-0.5393318124365901
0.9006145219773887
0.8588196689495278
0.9880057642205414
0.9859764391187625
0.9984684735000087
0.9985146988384775
0.9997834420390965
0.999820893674475
0.9999555798136914
0.999964000938415
0.9999789817746345
0.999980523648583
0.9999822783732135
0.9999825406888978
0.9999827581125351
0.9999828014192705
0.999982829958786
0.9999828370250738
0.9999828409702303
0.9999828420924908
0.9999828425813643
0.9999828425814853
0.9999828420924922
0.999982840970316
0.9999828370251332
0.9999828299589152
0.9999828014189649
0.9999827581128432
0.9999825406886598
0.9999822783731906
0.9999805236482912
0.9999789817745516
0.9999640009378576
0.9999555798137502
0.9998208936742474
0.9997834420395588
0.9985146988384037
0.9984684735000005
0.985976439118754
0.9880057642209981
0.858819668949607
0.9006145219777116
-0.5393318124367906
0.1308236164540163
-20.091438081572562
-20.210126323656333
0.12904760048766892
-0.5531342313801204
0.9002543434552417
0.8570918538393886
0.9879461756507768
0.9857699734371577
0.9984694673397354
0.9985007931024965
0.9997949230383123
0.9998309286079792
0.999968654249282
0.999976938627873
0.9999922754505053
0.9999938044678979
0.9999956000637582
0.9999958611546058
0.9999960831910681
0.9999961263777555
0.9999961554306624
0.999996162484893
0.9999961664865747
0.9999961676070761
0.9999961681019005
0.9999961681017293
0.9999961676072995
0.9999961664862165
0.9999961624847826
0.9999961554306019
0.9999961263776962
0.9999960831910989
0.9999958611543791
0.9999956000636646
0.9999938044680192
0.9999922754507227
0.9999769386276737
0.9999686542493318
0.9998309286082248
0.999794923038612
0.9985007931027062
0.9984694673395119
0.985769973437417
0.9879461756509484
0.857091853839125
0.9002543434552983
-0.5531342313809156
0.12904760048730934
-20.210126323656624
-20.257990846388054
0.12831374733557535
-0.5587728222944032
0.9000989792080527
0.8563717168975913
0.9879166998650443
0.9856792233957754
0.9984666032918372
0.9984917434063645
0.9997969574271282
0.9998323852228734
0.9999714847525559
0.9999797195159467
0.9999952232242075
0.9999967483834494
0.9999985638473354
0.9999988246775166
0.9999990490352995
0.9999990922090298
0.9999991215288135
0.9999991285828367
0.9999991326144348
0.9999991337353066
0.9999991342325969
0.9999991342330039
0.9999991337349874
0.9999991326142053
0.999999128582818
0.9999991215284876
0.9999990922090249
0.9999990490352422
0.9999988246770743
0.9999985638479486
0.9999967483837342
0.9999952232240592
0.9999797195160084
0.9999714847526722
0.9998323852235813
0.9997969574266292
0.9984917434064737
0.9984666032916543
0.9856792233960749
0.9879166998644867
0.856371716897369
0.9000989792077931
-0.5587728222944244
0.12831374733546308
-20.257990846387727
-20.277437721357785
0.12801016204002758
-0.5610874716829706
0.9000329509075001
0.8560719493206325
0.9879032229933947
0.9856401816969897
0.9984646116860578
0.9984871801380815
0.9997971780315562
0.9998323744069422
0.9999720841702524
0.9999803013718924
0.9999958816042066
0.9999974058522128
0.999999230733248
0.9999994915804824
0.9999997170764199
0.9999997602644727
0.9999997897189102
0.9999997967758827
0.9999998008232026
0.9999998019445063
0.9999998024436569
0.9999998024436157
0.9999998019446543
0.999999800823177
0.9999997967759363
0.9999997897187756
0.9999997602641861
0.999999717076313
0.9999994915808229
0.9999992307334296
0.9999974058519694
0.9999958816037556
0.999980301372029
0.9999720841701641
0.9998323744069114
0.9997971780311642
0.998487180138307
0.9984646116860326
0.9856401816969909
0.9879032229928737
0.8560719493206184
0.9000329509077696
-0.5610874716817996
0.1280101620408341
-20.277437721357252
-20.285385266166795
0.12788435641975987
-0.5620414984763533
0.9000051020499347
0.8559471420993232
0.9878972869499543
0.9856235719016937
0.9984635791905335
0.9984850762966324
0.9997971224601696
0.9998322255995832
0.9999722028343713
0.9999804139263175
0.9999960286279094
0.9999975527911854
0.9999993820415853
0.9999996429546365
0.9999998689946088
0.99999991219814
0.9999999417192135
0.9999999487790756
0.9999999528345476
0.9999999539561193
0.9999999544564089
0.9999999544563479
0.9999999539565096
0.999999952834465
0.99999994877938
0.9999999417191661
0.9999999121983302
0.9999998689945404
0.9999996429547475
0.9999993820413833
0.9999975527909909
0.9999960286278289
0.9999804139261399
0.9999722028342687
0.9998322255995192
0.9997971224603708
0.9984850762968862
0.9984635791902368
0.9856235719016152
0.987897286950385
0.8559471420994369
0.9000051020501834
-0.5620414984766269
0.12788435641925208
-20.285385266167786
-20.28864872314599
0.1278321229778151
-0.5624360696356736
0.8999934006206152
0.8558951319980168
0.9878947231828819
0.9856165471046918
0.9984630952063236
0.9984841450438049
0.9997970634442156
0.9998321287499579
0.9999722220603475
0.9999804310500425
0.999996061058938
0.99999758530535
0.9999994165475894
0.9999996775125594
0.9999999038072025
0.9999999470221336
0.9999999765756913
0.999999983637206
0.999999987696382
0.9999999888185342
0.9999999893189706
0.9999999893187044
0.99999998881862
0.9999999876961942
0.9999999836370264
0.9999999765753954
0.9999999470227467
0.9999999038070233
0.9999996775124406
0.9999994165474266
0.9999975853060108
0.999996061058992
0.9999804310501711
0.9999722220599705
0.9998321287504441
0.9997970634441724
0.9984841450438976
0.9984630952056894
0.9856165471051543
0.9878947231831399
0.8558951319982846
0.8999934006202146
-0.5624360696361579
0.127832122976988
-20.288648723146544
-20.28999404843085
0.1278103944906638
-0.5625997371068697
0.8999884923076564
0.8558734316079453
0.9878936278822834
0.9856135851832477
0.9984628785661008
0.9984837413046179
0.9997970298020304
0.9998320796430589
0.9999722229579502
0.9999804312288965
0.9999960679602367
0.9999975922867033
0.9999994244232515
0.9999996854201334
0.999999911831974
0.9999999550542475
0.9999999846223689
0.9999999916850948
0.9999999957460497
0.9999999968683992
0.9999999973691374
0.9999999973686448
0.9999999968684359
0.9999999957457868
0.9999999916850267
0.9999999846224285
0.999999955054055
0.9999999118318321
0.9999996854204527
0.9999994244236385
0.9999975922875598
0.9999960679597703
0.9999804312289717
0.9999722229581136
0.9998320796431898
0.9997970298019442
0.9984837413042704
0.9984628785658387
0.985613585183502
0.9878936278819166
0.8558734316081507
0.8999884923075007
-0.5625997371062399
0.12781039448999243
-20.289994048430017
-20.290550478643766
0.127801339081361
-0.5626677978875281
0.8999864345395472
0.8558643653080383
0.9878931628237975
0.9856123381433544
0.9984627838954923
0.9984835682280049
0.9997970133983274
0.9998320568752304
0.9999722216167405
0.9999804296417154
0.9999960693001506
0.9999975936767989
0.9999994262102267
0.9999996872245625
0.9999999136898401
0.9999999569152898
0.9999999864904852
0.999999993553847
0.9999999976157035
0.9999999987386697
0.9999999992386863
0.9999999992392459
0.9999999987378978
0.9999999976163056
0.9999999935535313
0.9999999864906316
0.9999999569148268
0.9999999136899648
0.999999687224151
0.9999994262106815
0.9999975936759006
0.9999960693004888
0.9999804296414275
0.9999722216171678
0.9998320568745921
0.9997970133987599
0.99848356822728
0.9984627838960238
0.9856123381425301
0.9878931628240575
0.8558643653076906
0.899986434539829
-0.5626677978875287
0.12780133908187885
-20.29055047864344
-20.290781269463004
0.12779755871484294
-0.5626961631847653
0.8999855717210973
0.8558605723279954
0.9878929660502416
0.9856118133886341
0.9984627430770137
0.9984834945000467
0.999797005901427
0.9998320467441446
0.999972220631897
0.9999804285725709
0.9999960694969501
0.9999975938997989
0.9999994266081087
0.9999996876310604
0.9999999141203727
0.9999999573469934
0.9999999869257863
0.9999999939892725
0.9999999980521999
0.9999999991742157
0.9999999996751018
0.9999999996753048
0.9999999991746105
0.9999999980522902
0.9999999939893001
0.9999999869263975
0.9999999573472962
0.9999999141206914
0.999999687630688
0.9999994266083274
0.9999975938995563
0.9999960694971413
0.9999804285721321
0.9999722206319169
0.9998320467435522
0.9997970059020351
0.9984834944994339
0.9984627430776205
0.9856118133883197
0.9878929660512104
0.8558605723278321
0.8999855717212486
-0.5626961631859169
0.12779755871544468
-20.29078126946291
-20.29087722841303
0.1277959780058939
-0.5627080077203531
0.89998520975841
0.8558589834102108
0.9878928829508495
0.9856115925703333
0.9984627256143322
0.9984834632053431
0.9997970025832978
0.9998320423307918
0.9999722201112945
0.999980428023356
0.9999960694917633
0.9999975939085738
0.9999994266929446
0.9999996877197515
0.999999914219518
0.9999999574474387
0.9999999870278026
0.9999999940913263
0.9999999981543479
0.9999999992765763
0.9999999997775053
0.9999999997776232
0.999999999276806
0.9999999981541481
0.9999999940916307
0.9999999870278158
0.9999999574479366
0.9999999142192815
0.9999996877194337
0.9999994266927916
0.9999975939083254
0.9999960694919519
0.9999804280230644
0.9999722201112677
0.999832042330891
0.9997970025834515
0.9984834632054947
0.998462725615083
0.9856115925709746
0.9878928829516811
0.8558589834103693
0.8999852097592934
-0.5627080077204611
0.12779597800551043
-20.290877228413265
-20.290917211746518
0.127795316081469
-0.5627129621488149
0.8999850578039472
0.855858316966145
0.9878928478908761
0.9856114996201502
0.9984627181786991
0.9984834499485808
0.9997970011404422
0.9998320404304506
0.9999722198648557
0.999980427766646
0.9999960694684777
0.99999759389167
0.9999994267091561
0.9999996877381467
0.9999999142427164
0.999999957471156
0.9999999870517946
0.9999999941157693
0.999999998178684
0.9999999993010026
0.9999999998018373
0.9999999998019496
0.999999999300834
0.9999999981787746
0.9999999941159963
0.9999999870516306
0.9999999574712262
0.9999999142423364
0.9999996877382756
0.9999994267092682
0.9999975938924048
0.999996069468589
0.9999804277668606
0.999972219864725
0.9998320404307075
0.9997970011404759
0.9984834499491579
0.9984627181787396
0.9856114996201402
0.9878928478907363
0.8558583169657694
0.8999850578034301
-0.5627129621486103
0.12779531608208086
-20.29091721174619
-20.290933902932117
0.12779503852571567
-0.5627150376875792
0.8999849939599605
0.8558580371114134
0.9878928331037123
0.9856114604738936
0.9984627150209242
0.9984834443387196
0.9997970005192376
0.9998320396173059
0.9999722197535119
0.9999804276517388
0.9999960694534185
0.9999975938799606
0.9999994267114707
0.9999996877413454
0.9999999142478271
0.9999999574765046
0.9999999870573332
0.9999999941213653
0.9999999981841812
0.9999999993068847
0.9999999998074414
0.9999999998075255
0.9999999993061675
0.9999999981843959
0.9999999941208804
0.9999999870572024
0.9999999574763418
0.9999999142477694
0.9999996877412387
0.9999994267114707
0.9999975938801736
0.9999960694533674
0.9999804276519815
0.9999722197536169
0.9998320396172692
0.9997970005187794
0.998483444339006
0.9984627150200387
0.9856114604738861
0.9878928331029627
0.8558580371112781
0.899984993959444
-0.5627150376875123
0.12779503852688268
-20.290933902932906
-20.29094088183393
0.12779492200756884
-0.562715908306558
0.8999849671151945
0.8558579194762785
0.9878928268668284
0.9856114439788642
0.9984627136821331
0.998483441965801
0.9997970002533083
0.9998320392705761
0.9999722197046608
0.9999804276015898
0.9999960694459814
0.9999975938735519
0.999999426710851
0.9999996877411437
0.9999999142489393
0.999999957477173
0.999999987058398
0.999999994122488
0.9999999981854064
0.9999999993078059
0.9999999998086968
0.9999999998085416
0.9999999993081561
0.999999998185386
0.999999994122638
0.9999999870583469
0.9999999574772976
0.999999914248958
0.9999996877412645
0.9999994267108104
0.9999975938730581
0.9999960694458967
0.9999804276016714
0.999972219704421
0.9998320392704874
0.999797000253285
0.9984834419661182
0.9984627136818116
0.9856114439793102
0.9878928268667297
0.8558579194763227
0.8999849671157505
-0.5627159083062261
0.1277949220078874
-20.290940881835418
-20.29094380248126
0.12779487306658982
-0.5627162737319541
0.8999849558243447
0.8558578700092954
0.9878928242375072
0.985611437029039
0.998462713115431
0.9984834409633154
0.9997970001394738
0.9998320391229885
0.9999722196837566
0.999980427580351
0.9999960694426329
0.9999975938704635
0.999999426710561
0.9999996877413652
0.9999999142486191
0.9999999574775238
0.9999999870588503
0.9999999941229087
0.999999998185792
0.9999999993080575
0.9999999998091927
0.9999999998091158
0.9999999993081268
0.9999999981859621
0.9999999941228297
0.99999998705947
0.9999999574777934
0.999999914249183
0.999999687740853
0.9999994267108051
0.9999975938705016
0.9999960694428123
0.9999804275798907
0.999972219683735
0.9998320391236437
0.9997970001401233
0.9984834409633216
0.9984627131161331
0.9856114370289186
0.9878928242385627
0.8558578700095354
0.8999849558254761
-0.5627162737330698
0.12779487306552603
-20.290943802481205
-20.290945021928394
0.12779485256416706
-0.5627164267158449
0.8999849510901731
0.8558578492662785
0.9878928231329311
0.9856114341095983
0.9984627128769332
0.9984834405409749
0.9997970000914245
0.9998320390610121
0.9999722196746783
0.9999804275707445
0.9999960694404977
0.9999975938687625
0.9999994267102337
0.9999996877410076
0.9999999142489033
0.9999999574779079
0.9999999870592393
0.9999999941228501
0.9999999981858285
0.9999999993080344
0.9999999998091287
0.9999999998089959
0.9999999993080897
0.9999999981856013
0.9999999941229964
0.9999999870588989
0.9999999574778995
0.9999999142487412
0.9999996877410026
0.9999994267109311
0.9999975938696968
0.9999960694407524
0.9999804275707013
0.9999722196747264
0.9998320390611923
0.9997970000913798
0.9984834405410641
0.9984627128768411
0.9856114341091
0.9878928231332186
0.8558578492657494
0.8999849510894917
-0.5627164267168978
0.12779485256344825
-20.29094502192589
-20.29094552080221
0.12779484415328474
-0.5627164894472599
0.8999849491456082
0.8558578407486435
0.9878928226792174
0.9856114329090782
0.9984627127789674
0.9984834403676863
0.9997970000728186
0.9998320390357682
0.9999722196709362
0.9999804275662885
0.999996069440208
0.9999975938687812
0.99999942671071
0.9999996877412098
0.9999999142496784
0.9999999574785252
0.9999999870592609
0.9999999941232021
0.9999999981863349
0.9999999993088275
0.9999999998096748
0.9999999998096125
0.9999999993082398
0.9999999981861051
0.9999999941227422
0.9999999870589951
0.9999999574776208
0.9999999142493208
0.9999996877415125
0.99999942671087
0.9999975938679564
0.9999960694404209
0.9999804275665749
0.99997221967126
0.9998320390346823
0.9997970000718459
0.9984834403665507
0.9984627127781048
0.9856114329082849
0.9878928226782495
0.8558578407483091
0.899984949145054
-0.5627164894477328
0.12779484415252068
-20.290945520803955
-20.290945699000005
0.12779484114116987
-0.5627165118937754
0.8999849484489151
0.8558578376975186
0.9878928225156962
0.9856114324783685
0.9984627127431359
0.9984834403046527
0.9997970000650115
0.9998320390258681
0.9999722196694141
0.9999804275652984
0.9999960694401339
0.9999975938683141
0.9999994267102817
0.9999996877410702
0.9999999142492966
0.9999999574774157
0.9999999870591232
0.9999999941227065
0.9999999981861653
0.999999999307994
0.999999999809016
0.9999999998091464
0.999999999308092
0.9999999981856955
0.9999999941227389
0.9999999870589555
0.9999999574780559
0.9999999142496518
0.9999996877410995
0.9999994267101469
0.9999975938675457
0.9999960694413677
0.9999804275649112
0.9999722196692591
0.9998320390256263
0.9997970000650735
0.9984834403039793
0.9984627127432582
0.9856114324776395
0.9878928225163219
0.8558578376973673
0.8999849484493105
-0.562716511894493
0.12779484114131662
-20.29094569900052
-20.290945699001142
0.1277948411396138
-0.5627165118946533
0.899984948448521
0.8558578376969894
0.9878928225148603
0.9856114324779304
0.9984627127422376
0.9984834403037985
0.9997970000637526
0.9998320390253346
0.9999722196693582
0.9999804275657582
0.9999960694398831
0.999997593867793
0.9999994267102768
0.9999996877405386
0.9999999142485964
0.9999999574771612
0.9999999870588403
0.9999999941225319
0.9999999981853014
0.9999999993074887
0.9999999998088847
0.9999999998089517
0.9999999993081025
0.9999999981855913
0.9999999941230712
0.999999987059231
0.9999999574781298
0.9999999142489777
0.9999996877401947
0.9999994267100203
0.9999975938684356
0.9999960694402779
0.9999804275646906
0.999972219669407
0.9998320390258404
0.999797000064975
0.9984834403046992
0.9984627127436025
0.9856114324786667
0.9878928225165778
0.8558578376976047
0.8999849484492872
-0.5627165118950559
0.12779484114086417
-20.290945698999895
-20.29094552080005
0.1277948441508383
-0.5627164894486927
0.8999849491445564
0.8558578407479596
0.9878928226784319
0.9856114329085794
0.9984627127783041
0.9984834403671562
0.9997970000721493
0.9998320390355053
0.9999722196710401
0.9999804275670123
0.9999960694403102
0.9999975938689506
0.9999994267105989
0.9999996877412369
0.9999999142490789
0.9999999574781927
0.999999987058789
0.999999994123073
0.9999999981858592
0.9999999993090756
0.9999999998096246
0.9999999998097548
0.9999999993083889
0.999999998186451
0.9999999941232932
0.9999999870593711
0.9999999574780132
0.9999999142488524
0.999999687740768
0.9999994267109784
0.99999759386867
0.9999960694395664
0.9999804275666315
0.9999722196712966
0.9998320390355963
0.9997970000721277
0.9984834403672969
0.9984627127788559
0.9856114329088743
0.9878928226787763
0.855857840748041
0.8999849491449146
-0.5627164894480775
0.1277948441523135
-20.290945520804147
-20.290945021925246
0.12779485256319628
-0.5627164267165883
0.8999849510902529
0.8558578492661957
0.9878928231331632
0.9856114341092725
0.9984627128769927
0.9984834405410493
0.9997970000921685
0.9998320390615331
0.9999722196743518
0.999980427570361
0.9999960694405896
0.9999975938690662
0.9999994267104699
0.9999996877410158
0.9999999142495232
0.9999999574779724
0.9999999870587948
0.9999999941230096
0.9999999981858739
0.9999999993083706
0.9999999998092022
0.9999999998093174
0.9999999993077431
0.999999998185745
0.9999999941226754
0.9999999870590275
0.9999999574769991
0.99999991424952
0.9999996877411763
0.9999994267107795
0.9999975938685121
0.9999960694408401
0.9999804275711877
0.9999722196743088
0.9998320390609345
0.9997970000914689
0.9984834405409242
0.9984627128765624
0.9856114341084634
0.9878928231323338
0.8558578492654193
0.8999849510898174
-0.5627164267163236
0.12779485256565015
-20.290945021925594
-20.290943802482108
0.12779487306663406
-0.5627162737314451
0.8999849558247823
0.8558578700096471
0.9878928242376783
0.9856114370290929
0.9984627131156069
0.9984834409633982
0.9997970001395708
0.9998320391230333
0.9999722196832614
0.9999804275799695
0.9999960694423007
0.9999975938703081
0.9999994267106986
0.99999968774163
0.9999999142486233
0.9999999574779388
0.9999999870588523
0.9999999941230655
0.9999999981860588
0.9999999993082384
0.9999999998092097
0.9999999998089091
0.9999999993073159
0.9999999981858877
0.9999999941225309
0.9999999870588001
0.9999999574777234
0.999999914249126
0.9999996877408273
0.9999994267101755
0.9999975938706476
0.9999960694430696
0.9999804275799189
0.9999722196834033
0.9998320391229569
0.9997970001399596
0.9984834409634383
0.9984627131154784
0.985611437029019
0.9878928242378524
0.8558578700098856
0.8999849558249946
-0.5627162737336998
0.12779487306652687
-20.290943802481593
-20.2909408818399
0.12779492200731687
-0.5627159083059723
0.899984967115045
0.855857919476692
0.9878928268664291
0.9856114439791781
0.998462713681902
0.9984834419658053
0.9997970002529595
0.99983203927059
0.9999722197049689
0.9999804276021245
0.9999960694460375
0.9999975938735666
0.9999994267109795
0.9999996877412607
0.9999999142486851
0.999999957477373
0.9999999870584784
0.9999999941225923
0.9999999981854653
0.9999999993076367
0.9999999998087312
0.9999999998087584
0.9999999993079562
0.9999999981863898
0.9999999941230091
0.9999999870592265
0.9999999574777234
0.9999999142489482
0.9999996877412378
0.9999994267111993
0.9999975938742534
0.9999960694458816
0.9999804276017599
0.9999722197045282
0.9998320392708058
0.9997970002536873
0.998483441966497
0.9984627136822846
0.9856114439800299
0.9878928268673455
0.8558579194769206
0.899984967115337
-0.5627159083066509
0.12779492200739367
-20.290940881839195
-20.290933902927954
0.1277950385239379
-0.5627150376874405
0.8999849939591034
0.855858037110956
0.9878928331030269
0.9856114604733233
0.9984627150206676
0.9984834443386084
0.9997970005187633
0.9998320396170535
0.9999722197537009
0.9999804276522009
0.9999960694533555
0.9999975938800763
0.999999426710783
0.9999996877415287
0.9999999142470554
0.9999999574762464
0.9999999870566492
0.9999999941208779
0.9999999981836711
0.9999999993064168
0.9999999998071045
0.9999999998073645
0.9999999993059286
0.9999999981842247
0.9999999941205354
0.9999999870570362
0.9999999574759324
0.9999999142472518
0.9999996877405397
0.9999994267113252
0.9999975938794167
0.9999960694527079
0.9999804276516361
0.9999722197533393
0.9998320396172172
0.9997970005188522
0.9984834443381625
0.9984627150208099
0.9856114604739585
0.9878928331027902
0.8558580371108044
0.8999849939594713
-0.5627150376886181
0.1277950385249398
-20.290933902929833
-20.290917211741835
0.1277953160803162
-0.5627129621481936
0.8999850578047168
0.8558583169664473
0.9878928478916841
0.9856114996203376
0.9984627181789538
0.998483449948623
0.9997970011409762
0.99983204043043
0.9999722198650098
0.9999804277663049
0.9999960694685364
0.9999975938917576
0.9999994267092258
0.9999996877382595
0.9999999142430762
0.9999999574713543
0.9999999870520103
0.9999999941160833
0.9999999981789165
0.9999999993013657
0.9999999998019342
0.9999999998021365
0.9999999993012528
0.999999998178573
0.9999999941156772
0.9999999870521277
0.9999999574709995
0.9999999142429392
0.9999996877383952
0.999999426709687
0.9999975938916827
0.9999960694688842
0.9999804277667348
0.9999722198653068
0.9998320404301536
0.9997970011404389
0.9984834499481694
0.9984627181784408
0.985611499619405
0.9878928478900701
0.8558583169651941
0.8999850578036479
-0.5627129621483571
0.12779531608204914
-20.290917211742872
-20.29087722841389
0.12779597800693943
-0.5627080077210449
0.8999852097591841
0.8558589834104919
0.9878928829523119
0.985611592571149
0.9984627256146792
0.9984834632055776
0.999797002583749
0.9998320423308324
0.999972220110916
0.9999804280228728
0.999996069491423
0.9999975939086895
0.9999994266927646
0.9999996877197541
0.9999999142195413
0.9999999574477251
0.9999999870279537
0.9999999940919574
0.9999999981542149
0.9999999992770698
0.9999999997772643
0.9999999997772648
0.9999999992763344
0.9999999981541785
0.9999999940911642
0.9999999870277383
0.9999999574472476
0.9999999142204934
0.9999996877193928
0.9999994266930756
0.9999975939081001
0.9999960694926643
0.9999804280233187
0.9999722201118515
0.9998320423300117
0.999797002583821
0.9984834632049389
0.998462725615277
0.9856115925699895
0.9878928829513915
0.8558589834107602
0.8999852097598261
-0.5627080077198552
0.12779597800655024
-20.29087722841665
-20.290781269467523
0.12779755871567094
-0.5626961631854068
0.8999855717211254
0.8558605723275187
0.9878929660502579
0.9856118133884997
0.9984627430772917
0.9984834944999876
0.9997970059010399
0.999832046743887
0.999972220631848
0.9999804285728814
0.9999960694968417
0.9999975938995522
0.9999994266079513
0.9999996876307916
0.9999999141204108
0.9999999573468875
0.9999999869260672
0.9999999939893927
0.9999999980520637
0.9999999991740178
0.9999999996750535
0.9999999996751843
0.9999999991742063
0.9999999980517262
0.9999999939897903
0.9999999869259559
0.9999999573478386
0.9999999141199896
0.9999996876308166
0.9999994266087233
0.9999975939004073
0.9999960694973968
0.9999804285723444
0.9999722206311402
0.9998320467441246
0.9997970059016195
0.9984834945001904
0.9984627430770566
0.9856118133889928
0.9878929660516635
0.855860572328298
0.8999855717212661
-0.5626961631856002
0.1277975587166976
-20.290781269469953
-20.290550478640206
0.12780133907982805
-0.5626677978872618
0.8999864345390687
0.8558643653076061
0.9878931628226689
0.9856123381427944
0.9984627838955907
0.9984835682281303
0.9997970133979164
0.9998320568755328
0.9999722216171711
0.999980429642185
0.9999960693001357
0.9999975936768575
0.9999994262106016
0.9999996872248129
0.9999999136894364
0.9999999569151927
0.9999999864901505
0.9999999935539391
0.999999997615528
0.9999999987385919
0.9999999992397901
0.9999999992391655
0.9999999987387289
0.9999999976161966
0.999999993554223
0.9999999864906899
0.9999999569157887
0.9999999136893671
0.9999996872245729
0.9999994262102019
0.9999975936768328
0.9999960692992667
0.9999804296417181
0.9999722216170384
0.9998320568755966
0.9997970133984586
0.9984835682278315
0.9984627838957328
0.9856123381436931
0.9878931628235657
0.8558643653079672
0.8999864345390491
-0.5626677978885634
0.12780133908174002
-20.290550478643148
-20.289994048430934
0.12781039449028853
-0.5625997371075313
0.8999884923074681
0.8558734316079895
0.9878936278824118
0.9856135851831105
0.9984628785656431
0.9984837413045065
0.9997970298023813
0.9998320796432179
0.9999722229578185
0.9999804312286321
0.9999960679603888
0.9999975922873303
0.9999994244231752
0.9999996854200655
0.999999911832176
0.9999999550544879
0.9999999846217554
0.9999999916848176
0.9999999957460746
0.9999999968690786
0.9999999973690863
0.9999999973689655
0.9999999968683365
0.9999999957465943
0.9999999916852025
0.9999999846226899
0.9999999550533558
0.9999999118320154
0.9999996854202773
0.9999994244233739
0.9999975922861764
0.9999960679600535
0.9999804312290983
0.9999722229580292
0.9998320796428223
0.9997970298016862
0.9984837413043848
0.9984628785660532
0.985613585182752
0.9878936278816942
0.8558734316078795
0.899988492308111
-0.5625997371053599
0.12781039449233922
-20.289994048430227
-20.288648723151436
0.12783212297757135
-0.5624360696364403
0.8999934006212762
0.855895131998347
0.987894723183321
0.9856165471049673
0.998463095206001
0.9984841450438235
0.999797063444521
0.9998321287497693
0.9999722220601267
0.9999804310497196
0.9999960610591634
0.9999975853056853
0.9999994165476911
0.9999996775128341
0.9999999038074641
0.9999999470226549
0.9999999765760392
0.999999983637776
0.9999999876969539
0.999999988818325
0.9999999893187456
0.9999999893186722
0.999999988818641
0.9999999876962704
0.9999999836369734
0.9999999765748827
0.9999999470224757
0.999999903807278
0.9999996775124771
0.9999994165472161
0.9999975853057274
0.9999960610596343
0.9999804310504204
0.9999722220598666
0.9998321287493541
0.9997970634443385
0.9984841450440319
0.9984630952064282
0.9856165471044016
0.9878947231835357
0.855895131997771
0.8999934006209598
-0.5624360696367509
0.1278321229781142
-20.288648723148533
-20.28538526616713
0.12788435641984014
-0.562041498475093
0.9000051020510593
0.8559471420995644
0.9878972869491383
0.985623571901687
0.9984635791903803
0.9984850762969693
0.999797122459712
0.9998322255993317
0.9999722028346327
0.9999804139265855
0.9999960286273878
0.9999975527906694
0.9999993820418227
0.9999996429549998
0.999999868994359
0.9999999121979011
0.9999999417194017
0.9999999487792129
0.9999999528347068
0.9999999539560843
0.9999999544565581
0.9999999544564131
0.9999999539565078
0.9999999528345318
0.9999999487792528
0.9999999417198095
0.9999999121989498
0.9999998689941471
0.9999996429546036
0.9999993820420301
0.999997552792512
0.9999960286271388
0.9999804139259694
0.9999722028342144
0.9998322256004124
0.9997971224602923
0.9984850762969292
0.9984635791900569
0.9856235719028537
0.9878972869506542
0.8559471420992735
0.9000051020496831
-0.5620414984778492
0.12788435641710577
-20.285385266167957
-20.27743772135489
0.128010162040464
-0.5610874716831178
0.900032950907268
0.8560719493197424
0.9879032229921416
0.9856401816962392
0.9984646116856402
0.998487180137987
0.9997971780309982
0.9998323744070878
0.9999720841700241
0.9999803013719257
0.999995881603598
0.9999974058528003
0.9999992307329809
0.9999994915806327
0.9999997170761028
0.9999997602640684
0.9999997897184771
0.9999997967753889
0.9999998008229671
0.9999998019447289
0.9999998024440084
0.9999998024438577
0.9999998019446533
0.9999998008230615
0.9999997967762931
0.9999997897183124
0.9999997602642744
0.9999997170759872
0.9999994915802748
0.9999992307329184
0.9999974058509713
0.9999958816024264
0.9999803013717533
0.9999720841700337
0.9998323744070061
0.9997971780309618
0.998487180138064
0.9984646116865291
0.9856401816969217
0.9879032229924449
0.8560719493201232
0.9000329509083855
-0.5610874716813605
0.1280101620413735
-20.277437721355426
-20.257990846394733
0.1283137473373105
-0.5587728222964002
0.9000989792080081
0.8563717168973777
0.9879166998654912
0.9856792233958914
0.9984666032917568
0.9984917434062133
0.9997969574274295
0.9998323852233588
0.99997148475237
0.9999797195159414
0.9999952232251137
0.9999967483839312
0.9999985638475535
0.9999988246772131
0.9999990490350879
0.9999990922093354
0.9999991215282218
0.9999991285828269
0.9999991326143376
0.999999133735054
0.9999991342324382
0.9999991342324273
0.9999991337347487
0.9999991326146714
0.9999991285827916
0.9999991215287392
0.9999990922086817
0.999999049035347
0.9999988246770706
0.9999985638472444
0.9999967483829316
0.999995223224801
0.9999797195162928
0.999971484752612
0.9998323852225001
0.9997969574272426
0.9984917434066738
0.9984666032918188
0.9856792233954704
0.987916699864969
0.8563717168978079
0.9000989792091432
-0.5587728222942865
0.12831374733892764
-20.257990846393184
-20.210126323658045
0.12904760049080632
-0.5531342313808932
0.9002543434564787
0.8570918538399401
0.9879461756516255
0.985769973437469
0.9984694673401799
0.998500793102171
0.9997949230379951
0.9998309286075984
0.999968654249086
0.9999769386272986
0.9999922754501578
0.9999938044672558
0.9999956000632624
0.9999958611538544
0.9999960831909289
0.9999961263774089
0.9999961554311185
0.9999961624850109
0.9999961664862616
0.9999961676063951
0.9999961681019282
0.9999961681013372
0.9999961676077986
0.9999961664860519
0.9999961624845821
0.9999961554295791
0.9999961263780082
0.9999960831912622
0.9999958611546557
0.9999956000641805
0.9999938044686277
0.9999922754510888
0.9999769386283864
0.999968654249026
0.9998309286083298
0.9997949230392154
0.9985007931026824
0.9984694673393785
0.9857699734370832
0.987946175650338
0.8570918538395045
0.900254343455024
-0.553134231381742
0.1290476004880358
-20.210126323656983
-20.09143808157477
0.1308236164564558
-0.5393318124361016
0.9006145219782524
0.8588196689497201
0.9880057642208862
0.9859764391188766
0.9984684735006482
0.9985146988388939
0.9997834420390239
0.9998208936747108
0.9999555798132964
0.9999640009388818
0.9999789817740548
0.9999805236483075
0.9999822783729954
0.9999825406893882
0.999982758112685
0.999982801419677
0.9999828299588374
0.9999828370254098
0.9999828409703437
0.999982842093057
0.9999828425817046
0.9999828425813528
0.9999828420920776
0.999982840969506
0.9999828370245492
0.9999828299588458
0.9999828014190251
0.9999827581126015
0.9999825406885962
0.9999822783736965
0.999980523648889
0.99997898177441
0.9999640009376081
0.9999555798137594
0.9998208936749963
0.9997834420389901
0.9985146988375928
0.9984684734991842
0.9859764391184536
0.9880057642201798
0.8588196689498688
0.9006145219780901
-0.5393318124361763
0.13082361645346505
-20.09143808157885
-19.79424654171926
0.13512143822100503
-0.5053495301456254
0.9014250871541576
0.8629477380530499
0.988103697696195
0.9864260584429501
0.998432412257344
0.9985145125378064
0.9997260562592949
0.9997671129434749
0.999895226210658
0.9999040115755733
0.9999182533646453
0.9999198326919709
0.9999215057913624
0.9999217720387055
0.9999219805743171
0.9999220243012024
0.9999220518836232
0.9999220589952016
0.9999220628385137
0.9999220639651971
0.9999220644449338
0.9999220644444409
0.9999220639655675
0.9999220628381514
0.9999220589956951
0.9999220518838003
0.9999220243012826
0.999921980574696
0.9999217720394895
0.9999215057912262
0.9999198326918632
0.9999182533636465
0.9999040115753568
0.9998952262108298
0.999767112943822
0.9997260562592623
0.9985145125373895
0.9984324122577888
0.9864260584429128
0.9881036976968661
0.8629477380536884
0.9014250871550785
-0.5053495301454546
0.1351214382219146
-19.794246541717477
-19.040082827946506
0.14549379251103495
-0.42110774140582746
0.9031361882097159
0.8727092130190606
0.988149072504947
0.9873106569379166
0.9981952603008366
0.9983633368110343
0.9994489215607675
0.9994988353005403
0.999613143754364
0.9996228554226981
0.999635612225984
0.9996372898054748
0.9996388053474239
0.9996390821046282
0.9996392740909231
0.999639318944145
0.999639344801688
0.9996393520342162
0.9996393556981704
0.9996393568384697
0.999639357300766
0.9996393573011317
0.9996393568385866
0.9996393556987206
0.999639352034433
0.9996393448027399
0.9996393189444155
0.999639274091231
0.9996390821044117
0.9996388053470314
0.999637289804726
0.9996356122256767
0.999622855422565
0.9996131437545561
0.999498835299818
0.9994489215600358
0.9983633368111515
0.9981952603009909
0.9873106569374317
0.9881490725052822
0.8727092130193256
0.903136188210107
-0.42110774140581264
0.14549379251091932
-19.040082827940452
-17.088741430789277
0.17033124851814369
-0.21066079697141427
0.9061996181230785
0.8952527931749408
0.9874213810293405
0.9885694185905707
0.9969180510427222
0.9972893783239862
0.9981061242897431
0.9981771346302128
0.9982634858651891
0.9982754111238317
0.9982852961821866
0.998287206908923
0.9982884297312071
0.9982887310031847
0.9982888932960878
0.9982889407148031
0.9982889635696347
0.9982889710674746
0.9982889744296264
0.9982889755955631
0.9982889760313598
0.9982889760312439
0.9982889755960436
0.9982889744294652
0.9982889710675402
0.9982889635683188
0.9982889407144485
0.9982888932957072
0.9982887310038326
0.9982884297312176
0.9982872069083761
0.9982852961823941
0.9982754111244843
0.9982634858648376
0.9981771346296904
0.9981061242899414
0.9972893783242374
0.9969180510430578
0.9885694185899279
0.9874213810294266
0.8952527931736964
0.9061996181228823
-0.21066079697172416
0.17033124851573947
-17.088741430788403
-11.881395084340404
0.22882282399211368
0.31860827271491976
0.9087601848490827
0.9444473645871021
0.9817434106044732
0.9875060360256115
0.9903078072061313
0.9911449435910764
0.9914107780546142
0.9915294238194166
0.991561468674572
0.9915782786338345
0.9915828232625206
0.9915852329645488
0.9915859310135635
0.9915862828630695
0.991586393668381
0.9915864461544825
0.9915864639814163
0.9915864719781794
0.9915864748552504
0.991586476069077
0.9915864764633384
0.9915864764630394
0.9915864760689991
0.9915864748545513
0.991586471977955
0.9915864639804661
0.9915864461546333
0.9915863936678329
0.9915862828625487
0.9915859310126852
0.9915852329654655
0.9915828232625694
0.9915782786333447
0.9915614686741974
0.9915294238200225
0.9914107780544406
0.9911449435901903
0.9903078072056245
0.9875060360247367
0.9817434106063181
0.9444473645868229
0.908760184848709
0.31860827271197706
0.22882282398983567
-11.881395084345282
2.8272688637878622
0.36354549345883513
1.6461239154516112
0.8914914715869433
1.0349214470975467
0.9475828938120834
0.9635249937404716
0.9548529486872213
0.9566843007231538
0.9558816453908371
0.9560991756930666
0.9560295870992577
0.9560563842541163
0.9560509883644884
0.9560544240378965
0.9560541151172121
0.9560545739450881
0.9560545780794707
0.9560546417306726
0.9560546475797944
0.9560546567016268
0.9560546581303442
0.9560546594455273
0.956054659673987
0.9560546596727857
0.9560546594457073
0.9560546581298934
0.9560546567030442
0.9560546475800916
0.9560546417324276
0.9560545780790479
0.9560545739452527
0.9560541151168953
0.9560544240388844
0.956050988364141
0.9560563842538137
0.9560295870987946
0.9560991756942957
0.95588164539161
0.9566843007241568
0.9548529486875826
0.9635249937412947
0.9475828938142097
1.0349214470985988
0.8914914715881683
1.6461239154511427
0.36354549346009146
2.827268863787773
50.568159298375605
0.7009883188210628
4.815360108090605
0.6877515113982098
1.0446030346290387
0.7093952690103958
0.7424695253965451
0.7155992992982113
0.7186956244316036
0.7165951605322844
0.7168756137033612
0.7167183945516534
0.7167412354371346
0.7167300665242051
0.716731354908103
0.7167305552653347
0.7167304933294247
0.716730416769934
0.7167303746322441
0.7167303617070335
0.7167303508552478
0.7167303480042767
0.716730345788978
0.7167303452861291
0.7167303452870499
0.716730345788936
0.716730348005376
0.7167303508556035
0.7167303617085766
0.7167303746321241
0.716730416771233
0.7167304933294372
0.7167305552652188
0.7167313549062195
0.7167300665227793
0.7167412354370886
0.7167183945514846
0.7168756137030151
0.7165951605305461
0.7186956244330056
0.7155992992992437
0.7424695253991442
0.7093952690108758
1.0446030346297475
0.6877515113995101
4.815360108097296
0.7009883188250323
50.568159298376294
359.0188397505958
-3.921984679065029
3.8835109940083745
-20.499603891259195
-20.20954207759246
-22.396782037656664
-22.411842095668852
-22.62819173855754
-22.634974098912352
-22.657702426501377
-22.659080733504847
-22.661587957373236
-22.661824692644878
-22.662114254056043
-22.662152492652506
-22.66218750478083
-22.662193536020595
-22.66219797030122
-22.66219891506536
-22.66219950292703
-22.66219965108552
-22.66219973224753
-22.662199755059188
-22.662199765059345
-22.662199765045752
-22.662199755066236
-22.662199732251764
-22.662199651085423
-22.662199502937185
-22.662198915054944
-22.662197970298507
-22.662193536019185
-22.662187504782235
-22.662152492666095
-22.662114254053897
-22.661824692640636
-22.6615879573661
-22.659080733490164
-22.6577024265248
-22.63497409891574
-22.62819173855732
-22.411842095663047
-22.39678203765943
-20.209542077583805
-20.49960389127194
3.883510994033026
-3.9219846790710764
359.01883975058627