46.915537355985336
-3.7811021963640674
-3.1101435704646647
-6.9440091404940905
-7.171624726357839
-7.682738301724585
-7.784345788102108
-7.879204073230758
-7.908988484664381
-7.925624077164361
-7.925624077165181
-7.9089884846648
-7.879204073231769
-7.784345788101401
-7.682738301725053
-7.171624726356919
-6.944009140493405
-3.1101435704655422
-3.7811021963649556
46.915537355986345
0.8716769350682209
1.1982347996417317
0.8481726292871627
0.6324351716986382
0.36653885416612453
0.30397953760320673
0.22565251641948358
0.20765801624479524
0.18822713330390406
0.1843009962744818
0.18430099627454488
0.1882271333040043
0.20765801624453223
0.22565251641977796
0.3039795376030703
0.36653885416611753
0.6324351716987402
0.8481726292870517
1.198234799641766
0.8716769350682472
-2.96936177131042
0.5536383463187485
0.7318507994499306
0.8313278069935228
0.8645975578044398
0.8425085099296064
0.8462144632235044
0.8354783782170168
0.8355385364183183
0.8329378531268747
0.8329378531269755
0.8355385364183243
0.8354783782172722
0.8462144632232567
0.8425085099297183
0.8645975578042913
0.8313278069935532
0.731850799449941
0.5536383463187697
-2.9693617713105027
-5.245995335199601
0.41298922995403553
0.4050309046311919
0.8377870222727017
0.8736647330987609
0.9316013903289626
0.9405823341437329
0.9512304088389127
0.9528196460924884
0.9546670159508603
0.9546670159508931
0.9528196460924779
0.9512304088389958
0.9405823341436357
0.9316013903290119
0.8736647330987404
0.8377870222727386
0.4050309046311378
0.4129892299540241
-5.245995335199588
-6.053884744205808
0.3220593018218497
0.28185433353020395
0.8005018564439412
0.8648149135302826
0.9380276706454169
0.9612530489671032
0.9750697105143022
0.981383516900475
0.983770912125008
0.9837709121249315
0.9813835169004761
0.9750697105141479
0.9612530489672348
0.9380276706453716
0.8648149135303926
0.8005018564439883
0.2818543335301349
0.322059301821746
-6.053884744205627
-6.470777428172885
0.28367210402117204
0.21012230496442103
0.7826054119627208
0.8504211316042791
0.9372744706327278
0.9631783880752972
0.9812734194192094
0.9884332657700929
0.9918316786254706
0.9918316786254784
0.9884332657700614
0.9812734194192791
0.963178388075211
0.9372744706327563
0.850421131604284
0.7826054119627118
0.21012230496438386
0.28367210402121634
-6.47077742817285
-6.661514082520204
0.263074518420361
0.1766937734045575
0.7710269906506894
0.8428502249938579
0.9343442613254122
0.9628984602366064
0.9822278938152383
0.9903855122683454
0.9940436797492039
0.9940436797492441
0.9903855122683575
0.9822278938153834
0.962898460236477
0.9343442613254729
0.8428502249938105
0.7710269906506494
0.1766937734045566
0.2630745184204647
-6.661514082520217
-6.758448832194304
0.2531328254310804
0.1589620400415407
0.7652415147544769
0.8381474234020303
0.9325733903865713
0.9619943658156309
0.982263051782116
0.9907375194637746
0.9946248934990107
0.9946248934989705
0.9907375194637827
0.9822630517819768
0.9619943658157444
0.9325733903865339
0.8381474234021031
0.7652415147544431
0.15896204004156522
0.25313282543107163
-6.75844883219432
-6.804218822549853
0.24815407882881954
0.15049742441848946
0.7621678221484187
0.835809166083059
0.9314533281159181
0.9614319323183269
0.9820594120610847
0.9907535746890528
0.994723797657779
0.9947237976577892
0.9907535746890304
0.9820594120610053
0.9614319323183889
0.9314533281158972
0.835809166083128
0.762167822148327
0.15049742441863187
0.24815407882881602
-6.8042188225499025
-6.823013274899823
0.2461469919263871
0.14695936073686275
0.7609155435690547
0.8347807216745635
0.9309757427569014
0.9611402789017551
0.9819437823387287
0.9907097797579201
0.9947232501559572
0.9947232501560618
0.9907097797578653
0.9819437823388799
0.9611402789016568
0.9309757427569432
0.8347807216744947
0.760915543568915
0.14695936073704896
0.2461469919264503
-6.8230132748999495
-6.823013274899457
0.24614699192644393
0.1469593607368943
0.7609155435690321
0.8347807216744568
0.9309757427568339
0.9611402789014628
0.9819437823386492
0.9907097797578301
0.9947232501559939
0.9947232501559797
0.990709779757837
0.9819437823385635
0.9611402789015429
0.9309757427567362
0.8347807216744596
0.7609155435689727
0.14695936073698393
0.24614699192629313
-6.823013274899356
-6.804218822550213
0.2481540788289182
0.15049742441849123
0.7621678221483905
0.8358091660830693
0.9314533281159544
0.9614319323182681
0.9820594120611059
0.9907535746890418
0.9947237976578194
0.9947237976577419
0.9907535746890483
0.9820594120609856
0.9614319323183544
0.9314533281158727
0.8358091660831308
0.7621678221483881
0.15049742441851555
0.24815407882879661
-6.804218822550112
-6.7584488321945475
0.25313282543126425
0.15896204004152176
0.7652415147544568
0.8381474234021953
0.9325733903866997
0.9619943658158971
0.9822630517821969
0.9907375194638374
0.9946248934989552
0.9946248934989816
0.9907375194637882
0.9822630517823627
0.9619943658157553
0.9325733903867132
0.8381474234021105
0.7652415147544664
0.15896204004158462
0.25313282543123705
-6.758448832194574
-6.6615140825201875
0.2630745184204698
0.17669377340451495
0.7710269906506693
0.8428502249937955
0.934344261325367
0.9628984602364167
0.9822278938151361
0.9903855122682976
0.9940436797492376
0.9940436797492461
0.9903855122682768
0.9822278938152154
0.9628984602363141
0.9343442613253232
0.8428502249937717
0.771026990650703
0.17669377340452797
0.26307451842042484
-6.661514082520286
-6.470777428172739
0.2836721040212222
0.21012230496442627
0.7826054119627132
0.8504211316042112
0.9372744706327115
0.9631783880751044
0.9812734194191963
0.9884332657700263
0.9918316786254846
0.9918316786253896
0.9884332657700616
0.9812734194190048
0.9631783880752118
0.9372744706326441
0.8504211316043205
0.782605411962802
0.2101223049643931
0.28367210402121074
-6.470777428172746
-6.05388474420631
0.32205930182179043
0.2818543335301693
0.8005018564439287
0.8648149135304897
0.9380276706455541
0.9612530489674771
0.9750697105144306
0.9813835169005645
0.9837709121249678
0.9837709121249818
0.9813835169005682
0.9750697105145172
0.9612530489673499
0.9380276706456087
0.864814913530443
0.8005018564439821
0.28185433353012057
0.32205930182185916
-6.053884744206266
-5.245995335199156
0.41298922995390885
0.40503090463120806
0.8377870222727203
0.8736647330987317
0.9316013903288725
0.940582334143667
0.9512304088387864
0.9528196460924696
0.9546670159507977
0.9546670159509136
0.9528196460924742
0.951230408838897
0.9405823341435088
0.9316013903289486
0.8736647330986552
0.8377870222727106
0.4050309046311505
0.4129892299540435
-5.245995335199158
-2.9693617713101474
0.553638346318673
0.7318507994499632
0.8313278069935662
0.8645975578042596
0.8425085099295407
0.8462144632231596
0.835478378217013
0.8355385364182898
0.8329378531269482
0.8329378531268995
0.8355385364183203
0.8354783782167582
0.846214463223331
0.8425085099295024
0.8645975578043309
0.8313278069934884
0.7318507994498666
0.553638346318625
-2.9693617713102345
0.8716769350679193
1.1982347996417322
0.8481726292872223
0.632435171698718
0.3665388541662932
0.30397953760334395
0.22565251641980208
0.20765801624503233
0.18822713330402024
0.18430099627452406
0.18430099627444735
0.18822713330404606
0.20765801624485097
0.22565251642009226
0.3039795376034047
0.366538854166379
0.632435171698486
0.8481726292871472
1.1982347996416851
0.8716769350681635
46.91553735598511
-3.7811021963641136
-3.110143570464636
-6.944009140494094
-7.171624726357901
-7.682738301724465
-7.784345788102334
-7.879204073230582
-7.90898848466448
-7.925624077164435
-7.925624077165127
-7.9089884846646346
-7.879204073232012
-7.7843457881009055
-7.682738301725299
-7.171624726356956
-6.9440091404933995
-3.1101435704658296
-3.781102196364869
46.915537355986146