243.5105721450277
-5.4969829426791375
-0.5248646957688463
-17.195761182141744
-17.040098955175335
-18.531709103866955
-18.547225705302562
-18.694552681482975
-18.699851692312066
-18.71532763000372
-18.716357199055516
-18.71806714094948
-18.718241012777995
-18.718439203767858
-18.71846708485782
-18.71849118541794
-18.718495571444972
-18.718498640097327
-18.71849931197518
-18.718499666469192
-18.718499666456896
-18.71849931198021
-18.71849864010185
-18.718495571441863
-18.718491185414358
-18.718467084860105
-18.71843920376391
-18.718241012778883
-18.718067140948826
-18.716357199063843
-18.715327629992835
-18.69985169231426
-18.694552681478008
-18.547225705303298
-18.531709103876626
-17.04009895517015
-17.195761182136746
-0.5248646957714007
-5.4969829426754595
243.51057214503518
32.19102724142751
0.6069893289066212
3.36644775772408
0.7280507489182457
0.9686554576692711
0.7571534365818895
0.7795424121258976
0.7629788363692577
0.7650799888173676
0.7638305684672029
0.7640206406913811
0.7639321470131888
0.7639474348632164
0.7639416582533238
0.7639424591147025
0.7639420817090504
0.7639420205473562
0.7639419825949213
0.763941951134163
0.7639419453319471
0.7639419453332319
0.763941951133114
0.7639419825943903
0.763942020548616
0.7639420817084297
0.7639424591153706
0.7639416582534029
0.7639474348629016
0.7639321470139081
0.7640206406908507
0.763830568467464
0.7650799888164346
0.7629788363695049
0.7795424121265568
0.7571534365810602
0.9686554576694237
0.7280507489181383
3.366447757722654
0.6069893289082959
32.1910272414257
-0.7702784267992813
0.4116210121522892
1.217445193033027
0.9026822845590281
0.9970946836561183
0.9555930934803296
0.9664233110614862
0.9623030711057343
0.9635843489404126
0.963226540146361
0.9633833100737291
0.963356972848758
0.9633768867174852
0.9633756842072765
0.9633783187471363
0.9633784140945789
0.963378777033754
0.9633788192511301
0.9633788701176649
0.9633788777317347
0.9633788777315292
0.9633788701178669
0.9633788192510863
0.9633787770343039
0.9633784140942281
0.963378318747363
0.9633756842070638
0.9633768867178009
0.9633569728484741
0.9633833100736289
0.9632265401465973
0.963584348939538
0.9623030711059424
0.9664233110615272
0.9555930934802975
0.9970946836559925
0.9026822845588149
1.217445193032863
0.411621012152356
-0.7702784267992038
-10.92453628907661
0.3242184410480743
0.307641093327388
0.9195930489150455
0.940131095518469
0.9842237135485592
0.9881304213059946
0.9918534400686754
0.9924650625320277
0.9928335565940463
0.9929244252343736
0.9929667334977568
0.9929800615219542
0.9929855276440092
0.992987492014832
0.9929882588773101
0.9929885523332014
0.9929886655175619
0.9929887091377696
0.9929887238467479
0.9929887238470743
0.99298870913757
0.9929886655176046
0.9929885523333426
0.9929882588772609
0.9929874920148981
0.9929855276440083
0.9929800615219837
0.9929667334977685
0.9929244252340174
0.9928335565942006
0.992465062531805
0.9918534400685616
0.9881304213061143
0.9842237135485152
0.9401310955182939
0.919593048915167
0.3076410933273599
0.32421844104828534
-10.924536289075837
-14.518710945558258
0.28526084175318145
-0.05605851613028041
0.9188241855758551
0.907301716531502
0.9891018563975362
0.9898539723585893
0.9973743450851564
0.9976699759799925
0.9984138208529401
0.9984726791135685
0.9985517774061513
0.9985618590685649
0.9985709193742636
0.9985725563757237
0.9985736737244928
0.9985739345443327
0.9985740817437996
0.9985741222095789
0.9985741398803871
0.9985741398803478
0.9985741222096163
0.9985740817437442
0.998573934544309
0.9985736737244846
0.9985725563757042
0.9985709193742842
0.9985618590688139
0.998551777405903
0.9984726791134433
0.9984138208529917
0.9976699759799519
0.9973743450848553
0.9898539723585991
0.9891018563977876
0.9073017165313841
0.9188241855757253
-0.05605851613005586
0.2852608417530801
-14.518710945557821
-15.865323718738095
0.2685491883919905
-0.20083667347216133
0.9169409803087006
0.8920028253018131
0.9898020342777689
0.9891910713107954
0.9984496061277772
0.9986065479853464
0.9995339287027758
0.9995785013137571
0.9996765937818517
0.9996851908999695
0.9996961911304585
0.9996976735969845
0.9996989873569064
0.9996992321704685
0.9996993991085663
0.9996994379539264
0.9996994574027118
0.9996994574029345
0.9996994379537346
0.9996993991085954
0.9996992321703766
0.9996989873569806
0.9996976735968288
0.9996961911305687
0.9996851908998604
0.9996765937818465
0.9995785013134417
0.9995339287031613
0.998606547985093
0.9984496061277397
0.9891910713107168
0.9898020342779517
0.8920028253017872
0.9169409803085316
-0.20083667347207124
0.2685491883919265
-15.865323718738109
-16.38570424073483
0.26153517464775744
-0.25882444573758434
0.9158210477341696
0.8853330179548867
0.9898145107376055
0.9886261687985374
0.9986542308185575
0.9987522284141908
0.9997657326564066
0.9998042658847733
0.9999117586838522
0.9999197290501323
0.9999317355032231
0.9999331521791219
0.9999345720700759
0.9999348099479844
0.9999349879387793
0.9999350260658164
0.9999350465391299
0.9999350465392722
0.9999350260657275
0.9999349879384904
0.9999348099480515
0.9999345720700744
0.9999331521791032
0.9999317355031487
0.9999197290503051
0.9999117586838007
0.9998042658845351
0.9997657326566325
0.9987522284139094
0.9986542308185998
0.9886261687984639
0.9898145107376941
0.8853330179550037
0.9158210477339851
-0.2588244457373316
0.2615351746481036
-16.385704240735446
-16.590750574872764
0.2586204675875312
-0.2822236465235941
0.915279729247493
0.8825032958898273
0.989757358380497
0.988326642678472
0.998688110289141
0.9987614240912606
0.9998140837957165
0.9998501437791487
0.9999621202287516
0.9999698419564726
0.9999823504077323
0.9999837417266833
0.9999852167760941
0.9999854520299487
0.9999856359793322
0.9999856738371293
0.9999856948792072
0.9999856948793165
0.9999856738369186
0.9999856359793358
0.9999854520299936
0.999985216776123
0.9999837417266018
0.9999823504078809
0.9999698419566443
0.9999621202289082
0.9998501437790173
0.9998140837959038
0.9987614240910736
0.9986881102890592
0.9883266426783996
0.9897573583804995
0.8825032958898424
0.9152797292476054
-0.28222364652360266
0.2586204675876157
-16.59075057487253
-16.672633555599585
0.25741374047119525
-0.291729481700815
0.9150370463252582
0.8813169164797698
0.9897189384933875
0.9881868899575377
0.9986908499029459
0.9987538858289027
0.9998239398426081
0.9998590026215887
0.999973055316669
0.9999806828494955
0.9999934335699808
0.9999948160658005
0.9999963188043952
0.9999965532277416
0.9999967402796266
0.9999967780597223
0.9999967994073288
0.999996799407203
0.9999967780598027
0.9999967402797463
0.9999965532275268
0.9999963188046226
0.9999948160656549
0.9999934335701953
0.9999806828495587
0.9999730553167274
0.9998590026214965
0.9998239398424685
0.9987538858287768
0.9986908499029503
0.9881868899571843
0.9897189384935372
0.881316916479562
0.9150370463249833
-0.2917294817006976
0.2574137404711129
-16.67263355559937
-16.705653596118978
0.2569144541952504
-0.29561335056686433
0.9149318770911932
0.8808219750470032
0.9896993632830078
0.9881250136968773
0.9986893646200774
0.9987481263374918
0.9998257805581672
0.9998604432547393
0.9999754354810357
0.9999830285118987
0.9999958929832347
0.9999972727762294
0.9999987890026583
0.9999990232421947
0.9999992118596979
0.9999992496307637
0.9999992711373826
0.9999992711370282
0.9999992496309227
0.9999992118596782
0.9999990232418533
0.9999987890026776
0.9999972727762148
0.9999958929831978
0.9999830285118652
0.9999754354808901
0.9998604432546923
0.999825780557857
0.9987481263375362
0.9986893646200028
0.988125013696584
0.9896993632832674
0.8808219750468804
0.9149318770909973
-0.2956133505668397
0.2569144541948697
-16.705653596119376
-16.71906881294289
0.2567076973051607
-0.2972078452803556
0.9148870584586817
0.8806158289687421
0.9896902999408181
0.9880982951156457
0.9986881146011088
0.9987450974326046
0.9998260339369341
0.9998605358859369
0.9999759458047994
0.9999835264996877
0.999996443196548
0.9999978223226181
0.9999993449528273
0.9999995791989211
0.9999997685849973
0.9999998063656326
0.9999998279523065
0.999999827951837
0.9999998063656224
0.99999976858515
0.9999995791988108
0.9999993449527669
0.9999978223228705
0.999996443196199
0.9999835264999244
0.9999759458045759
0.9998605358861357
0.9998260339367314
0.9987450974327579
0.9986881146009073
0.9880982951157429
0.9896902999409312
0.8806158289685313
0.9148870584588638
-0.2972078452799902
0.2567076973050766
-16.719068812942286
-16.724551212038925
0.256621947963215
-0.29786510143930023
0.9148681213679586
0.8805299678321112
0.9896862825831425
0.9880869049481801
0.9986874358232013
0.9987436771190716
0.999826019715524
0.9998604567607183
0.9999760499011985
0.9999836262580011
0.9999965665042532
0.9999979455492456
0.9999994711547858
0.9999997054420174
0.9999998951967486
0.9999999329875027
0.99999995461322
0.9999999546134543
0.9999999329873093
0.9999998951966927
0.999999705442169
0.9999994711545
0.9999979455495835
0.9999965665040371
0.9999836262581838
0.9999760499010809
0.9998604567607567
0.9998260197154566
0.9987436771192506
0.9986874358229383
0.9880869049487009
0.9896862825829241
0.8805299678319505
0.9148681213681498
-0.29786510143967204
0.2566219479635463
-16.724551212038957
-16.72680240200519
0.25658632133587655
-0.2981369539440578
0.9148601542904591
0.8804941775251547
0.9896845413036
0.9880820819376508
0.9986871117106526
0.99874304332946
0.9998259849715302
0.9998603956430364
0.9999760683507409
0.9999836431974991
0.9999965939118356
0.9999979730022157
0.9999994999657127
0.9999997342866922
0.9999999242143438
0.9999999620121267
0.999999983657094
0.9999999836570056
0.9999999620120519
0.9999999242141038
0.9999997342868359
0.9999994999652518
0.9999979730025272
0.9999965939113465
0.9999836431977946
0.9999760683504444
0.9998603956432612
0.9998259849716188
0.9987430433295676
0.9986871117105864
0.9880820819381018
0.9896845413032067
0.8804941775255657
0.914860154290605
-0.2981369539439128
0.25658632133592796
-16.726802402004623
-16.727730443144907
0.25657149219886377
-0.29824972737153904
0.9148568090961224
0.8804792412242468
0.98968379573829
0.988080046823492
0.9986869653302011
0.9987427673895439
0.9998259633145405
0.9998603631974696
0.9999760702025527
0.9999836445267077
0.9999965998416636
0.9999979789816189
0.9999995065556062
0.9999997408976775
0.9999999309047576
0.99999996870701
0.9999999903608108
0.9999999903608842
0.9999999687068308
0.9999999309048573
0.9999997408977583
0.9999995065552819
0.999997978981762
0.9999965998413443
0.9999836445266018
0.9999760702025826
0.9998603631975771
0.9998259633145323
0.9987427673897347
0.9986869653299704
0.9880800468238109
0.9896837957379819
0.8804792412243595
0.91485680909606
-0.2982497273718082
0.2565714921985549
-16.727730443145347
-16.728114296654798
0.2565653087194599
-0.29829662832822273
0.9148554055003335
0.8804729996883043
0.9896834786956445
0.9880791895394885
0.9986869010522306
0.9987426488176545
0.9998259524268047
0.9998603478688408
0.9999760695779667
0.9999836437206286
0.9999966010402745
0.9999979802122534
0.9999995080573572
0.9999997424110145
0.9999999324542401
0.9999999702586966
0.9999999919169427
0.999999991916845
0.9999999702587813
0.9999999324542673
0.9999997424109155
0.9999995080573321
0.999997980212304
0.9999966010401344
0.9999836437207166
0.999976069577845
0.9998603478690276
0.9998259524266097
0.998742648817569
0.9986869010523175
0.9880791895394445
0.9896834786954805
0.8804729996885801
0.9148554054998128
-0.2982966283282887
0.2565653087186878
-16.728114296654134
-16.728273506464944
0.25656272611932135
-0.2983161757119369
0.9148548165840829
0.8804703881706792
0.9896833444057829
0.988078828675441
0.9986868732588592
0.9987425982393061
0.9998259473814723
0.9998603409860147
0.9999760689733581
0.9999836430534501
0.9999966012403341
0.9999979804300302
0.999999508394521
0.9999997427541369
0.9999999328133778
0.9999999706193571
0.9999999922792191
0.9999999922791298
0.9999999706191421
0.9999999328135434
0.9999997427541409
0.9999995083946772
0.9999979804301535
0.9999966012404665
0.9999836430535304
0.9999760689735971
0.999860340986138
0.9998259473817347
0.9987425982392246
0.9986868732588928
0.9880788286755016
0.989683344405813
0.8804703881705994
0.9148548165838578
-0.29831617571205893
0.2565627261195279
-16.728273506464387
-16.728339667674426
0.2565616463620184
-0.29832433394702085
0.9148545695138598
0.8804692946814123
0.989683287677497
0.9880786768718612
0.9986868613544407
0.9987425767653028
0.9998259451351625
0.999860337975635
0.9999760686351638
0.9999836426931317
0.9999966012528784
0.9999979804515546
0.9999995084679836
0.9999997428302166
0.9999999328968621
0.9999999707034382
0.9999999923640361
0.9999999923643088
0.9999999707033682
0.9999999328970717
0.9999997428301554
0.999999508468064
0.9999979804512524
0.9999966012531301
0.999983642692944
0.9999760686352629
0.9998603379753215
0.9998259451352365
0.9987425767651344
0.9986868613546918
0.9880786768715821
0.9896832876773374
0.8804692946814041
0.9148545695136752
-0.29832433394680624
0.256561646362183
-16.72833966767412
-16.728367123416238
0.2565611958898789
-0.298327732469849
0.9148544661616915
0.8804688379098854
0.9896832638254978
0.9880786132296153
0.9986868563002143
0.9987425677030254
0.9998259441581212
0.999860336681571
0.9999760684713365
0.9999836425218518
0.9999966012408733
0.9999979804439332
0.9999995084825679
0.9999997428461929
0.999999932916044
0.9999999707224967
0.9999999923834862
0.9999999923835293
0.9999999707226097
0.9999999329159456
0.9999997428463809
0.9999995084826796
0.9999979804438524
0.9999966012409952
0.9999836425218951
0.9999760684711808
0.9998603366813663
0.9998259441582114
0.9987425677031354
0.9986868563005984
0.9880786132297326
0.9896832638254067
0.8804688379096203
0.9148544661616923
-0.2983277324697038
0.25656119588947823
-16.7283671234161
-16.72837829863959
0.2565610117013492
-0.29832912028977965
0.9148544238172598
0.8804686509629541
0.9896832540164662
0.9880785871089125
0.9986868542077121
0.9987425639655043
0.9998259437477792
0.9998603361415108
0.999976068398867
0.9999836424468858
0.999996601231765
0.9999979804369499
0.9999995084847983
0.9999997428494664
0.9999999329203313
0.9999999707271126
0.9999999923881981
0.9999999923888694
0.999999970727125
0.9999999329205775
0.9999997428489029
0.9999995084853077
0.9999979804366046
0.9999966012322297
0.9999836424461079
0.9999760683992489
0.9998603361411297
0.9998259437480677
0.9987425639659336
0.998686854208063
0.9880785871086546
0.9896832540169078
0.8804686509626982
0.9148544238174631
-0.2983291202904089
0.256561011701768
-16.728378298640134
-16.728382275979463
0.25656094592942763
-0.2983296154011287
0.9148544086758439
0.8804685841626817
0.9896832505006105
0.9880785777579726
0.9986868534544733
0.9987425626238573
0.9998259435990053
0.9998603359464018
0.9999760683718826
0.9999836424187926
0.9999966012278366
0.9999979804337855
0.9999995084850329
0.9999997428498162
0.9999999329210985
0.9999999707279424
0.9999999923894227
0.9999999923894451
0.9999999707281071
0.9999999329212932
0.9999997428493717
0.999999508485756
0.9999979804336045
0.9999966012278458
0.9999836424186402
0.999976068372125
0.999860335946122
0.9998259435989663
0.998742562624291
0.9986868534547728
0.9880785777576557
0.9896832505010468
0.8804685841624897
0.9148544086757674
-0.2983296154012511
0.25656094592976997
-16.728382275979236
-16.72838227597941
0.25656094592876755
-0.29832961540191716
0.9148544086756343
0.8804685841625732
0.989683250500631
0.9880785777579932
0.9986868534543862
0.9987425626241454
0.9998259435989691
0.999860335946602
0.9999760683719823
0.9999836424189983
0.9999966012280133
0.9999979804339082
0.999999508485191
0.9999997428497814
0.9999999329211149
0.9999999707282003
0.9999999923892835
0.9999999923895369
0.9999999707279297
0.9999999329212601
0.9999997428496834
0.9999995084855027
0.9999979804333314
0.9999966012281121
0.9999836424184836
0.9999760683723132
0.9998603359460737
0.9998259435992178
0.9987425626244839
0.998686853454622
0.9880785777582501
0.9896832505007622
0.8804685841620616
0.9148544086758552
-0.2983296154014005
0.25656094592876155
-16.728382275979193
-16.72837829863702
0.2565610116996928
-0.2983291202903541
0.9148544238171055
0.880468650962668
0.9896832540166619
0.9880785871089703
0.9986868542077109
0.9987425639656349
0.9998259437478616
0.9998603361413381
0.9999760683992394
0.9999836424466534
0.9999966012322115
0.9999979804367162
0.9999995084849782
0.9999997428490733
0.999999932920421
0.9999999707271945
0.9999999923886231
0.9999999923887836
0.9999999707274273
0.999999932920492
0.9999997428491354
0.9999995084851052
0.999997980436375
0.9999966012321478
0.9999836424464477
0.9999760683992921
0.9998603361413934
0.9998259437485235
0.9987425639655223
0.998686854208034
0.988078587108725
0.9896832540167093
0.8804686509627069
0.9148544238173506
-0.29832912029009295
0.25656101170005396
-16.728378298636883
-16.728367123414152
0.2565611958899794
-0.2983277324699345
0.9148544661614193
0.8804688379097566
0.9896832638253971
0.9880786132297738
0.9986868563001018
0.9987425677031656
0.999825944157614
0.9998603366812882
0.9999760684711729
0.9999836425215953
0.9999966012409446
0.99999798044376
0.9999995084825037
0.999999742846132
0.9999999329159923
0.9999999707225202
0.999999992383547
0.9999999923836502
0.999999970722782
0.999999932915945
0.9999997428463899
0.9999995084827157
0.9999979804438328
0.9999966012408312
0.999983642521686
0.9999760684714021
0.9998603366814331
0.9998259441583199
0.9987425677029877
0.9986868563002136
0.9880786132297712
0.9896832638251194
0.8804688379100186
0.9148544661611302
-0.29832773247022504
0.2565611958902218
-16.72836712341398
-16.728339667675517
0.25656164636294576
-0.29832433394746016
0.9148545695138958
0.8804692946811968
0.9896832876776822
0.9880786768717706
0.9986868613545888
0.998742576765376
0.9998259451354587
0.9998603379758664
0.99997606863567
0.9999836426933038
0.9999966012535006
0.9999979804517856
0.9999995084681554
0.9999997428303433
0.9999999328972327
0.9999999707034288
0.9999999923644359
0.9999999923645417
0.9999999707033375
0.9999999328969735
0.9999997428301677
0.9999995084680777
0.999997980451381
0.9999966012533179
0.9999836426929553
0.9999760686355408
0.9998603379758565
0.9998259451351589
0.9987425767654792
0.9986868613546274
0.9880786768719674
0.9896832876774877
0.8804692946817081
0.9148545695134831
-0.2983243339472882
0.25656164636191486
-16.728339667675872
-16.728273506465435
0.2565627261193468
-0.29831617571228053
0.914854816584004
0.8804703881704115
0.9896833444056939
0.9880788286752245
0.9986868732588433
0.9987425982389833
0.9998259473817939
0.9998603409857916
0.9999760689734598
0.9999836430533606
0.9999966012404025
0.999997980429979
0.9999995083944492
0.9999997427541221
0.9999999328136013
0.9999999706192289
0.999999992279453
0.9999999922789065
0.9999999706190597
0.9999999328135538
0.9999997427540002
0.9999995083944699
0.9999979804301996
0.9999966012401158
0.9999836430537163
0.9999760689734267
0.9998603409863468
0.9998259473812716
0.9987425982392386
0.9986868732589093
0.9880788286755942
0.9896833444057782
0.8804703881707795
0.9148548165840762
-0.29831617571194535
0.25656272611975484
-16.72827350646498
-16.728114296653608
0.25656530871849303
-0.2982966283283469
0.9148554055004533
0.8804729996884122
0.9896834786956142
0.9880791895395334
0.9986869010522906
0.9987426488176989
0.9998259524270114
0.9998603478688591
0.9999760695779496
0.999983643720763
0.9999966010401474
0.999997980212342
0.9999995080575119
0.9999997424110884
0.9999999324542971
0.9999999702591416
0.9999999919169851
0.9999999919172537
0.999999970258929
0.9999999324545927
0.999999742411162
0.9999995080574642
0.9999979802125245
0.999996601040424
0.9999836437209033
0.9999760695782549
0.9998603478690192
0.9998259524268335
0.9987426488178348
0.9986869010522618
0.9880791895398459
0.9896834786955264
0.8804729996884828
0.914855405500022
-0.2982966283279941
0.2565653087193518
-16.72811429665211
-16.72773044314421
0.2565714921985584
-0.29824972737113997
0.9148568090963085
0.8804792412243408
0.9896837957380524
0.9880800468233615
0.9986869653303583
0.998742767389496
0.999825963315047
0.9998603631975138
0.9999760702028809
0.9999836445267718
0.9999965998417285
0.9999979789816464
0.999999506555582
0.9999997408975851
0.9999999309048964
0.999999968707139
0.9999999903607615
0.9999999903608321
0.9999999687068089
0.9999999309049248
0.9999997408977499
0.9999995065553573
0.9999979789819755
0.9999965998416314
0.9999836445269711
0.9999760702027338
0.9998603631975523
0.9998259633146722
0.9987427673897717
0.9986869653302858
0.9880800468237732
0.9896837957380379
0.8804792412243796
0.9148568090963921
-0.2982497273716942
0.2565714921982075
-16.727730443145617
-16.726802402008612
0.2565863213363818
-0.2981369539439773
0.9148601542906672
0.880494177525243
0.989684541303599
0.9880820819379417
0.9986871117108388
0.9987430433294895
0.9998259849715724
0.9998603956432013
0.9999760683506793
0.9999836431975648
0.9999965939116702
0.9999979730024953
0.9999994999657182
0.9999997342870992
0.9999999242144467
0.9999999620124367
0.9999999836571647
0.9999999836572944
0.9999999620122648
0.9999999242142825
0.9999997342870317
0.9999994999653886
0.9999979730028055
0.9999965939112606
0.9999836431976841
0.9999760683502169
0.9998603956431533
0.9998259849714399
0.9987430433297648
0.9986871117105174
0.9880820819379126
0.9896845413035626
0.8804941775252778
0.9148601542904709
-0.29813695394377926
0.25658632133595327
-16.726802402007667
-16.724551212036893
0.25662194796301774
-0.2978651014387671
0.9148681213682264
0.8805299678322973
0.9896862825831552
0.9880869049485543
0.9986874358233147
0.9987436771191646
0.9998260197157878
0.9998604567610329
0.9999760499013254
0.9999836262580974
0.9999965665043048
0.9999979455493456
0.999999471154642
0.9999997054421346
0.9999998951966749
0.9999999329870648
0.9999999546134397
0.9999999546132355
0.9999999329873646
0.9999998951968567
0.9999997054419574
0.9999994711549088
0.9999979455497131
0.999996566504181
0.9999836262583157
0.9999760499012127
0.9998604567612703
0.9998260197153608
0.9987436771191474
0.9986874358231176
0.9880869049481469
0.9896862825831387
0.8805299678319649
0.914868121367878
-0.29786510143913414
0.25662194796270155
-16.72455121203776
-16.71906881294176
0.2567076973045542
-0.29720784528055083
0.9148870584584821
0.8806158289688786
0.9896902999407586
0.9880982951157273
0.9986881146008597
0.9987450974324814
0.999826033936897
0.9998605358859962
0.9999759458046331
0.9999835264997896
0.9999964431965118
0.9999978223226385
0.9999993449527145
0.9999995791990275
0.9999997685851805
0.9999998063657503
0.9999998279523874
0.9999998279517406
0.9999998063658934
0.9999997685852758
0.9999995791989
0.9999993449531481
0.9999978223226722
0.9999964431964681
0.9999835264999886
0.999975945804969
0.9998605358862662
0.9998260339367974
0.9987450974326657
0.9986881146014732
0.9880982951154247
0.9896902999409651
0.8806158289685283
0.9148870584585003
-0.297207845279744
0.25670769730506465
-16.719068812940463
-16.70565359612315
0.25691445419548165
-0.295613350567444
0.9149318770912939
0.8808219750466639
0.9896993632829638
0.9881250136969992
0.9986893646198016
0.9987481263375655
0.9998257805579338
0.9998604432544116
0.9999754354807316
0.9999830285116724
0.9999958929829774
0.999997272776321
0.9999987890024664
0.9999990232420681
0.9999992118594822
0.999999249630815
0.9999992711370449
0.999999271137225
0.9999992496310532
0.999999211859566
0.9999990232418963
0.9999987890026467
0.9999972727758706
0.9999958929833246
0.9999830285116933
0.9999754354809327
0.999860443254796
0.9998257805576181
0.9987481263377317
0.9986893646199587
0.9881250136964266
0.9896993632832343
0.8808219750468707
0.9149318770906263
-0.29561335056690136
0.25691445419545256
-16.705653596122474
-16.672633555598203
0.25741374047156973
-0.291729481700167
0.915037046325321
0.8813169164795553
0.989718938493575
0.9881868899576721
0.9986908499028724
0.9987538858292976
0.9998239398427051
0.9998590026221392
0.9999730553170949
0.9999806828498696
0.9999934335702749
0.9999948160660526
0.9999963188046191
0.9999965532279732
0.9999967402796526
0.9999967780600891
0.9999967994071903
0.9999967994073964
0.9999967780597736
0.9999967402794734
0.9999965532275774
0.9999963188047353
0.9999948160657386
0.9999934335703681
0.9999806828493247
0.999973055317084
0.9998590026212921
0.9998239398430118
0.9987538858290412
0.998690849902957
0.9881868899577035
0.9897189384937205
0.8813169164797117
0.9150370463255286
-0.29172948170006613
0.25741374047119997
-16.672633555600143
-16.59075057487172
0.2586204675885594
-0.28222364652309173
0.915279729247795
0.8825032958898167
0.9897573583804914
0.988326642678569
0.9986881102892331
0.9987614240915412
0.9998140837958387
0.9998501437793033
0.999962120229035
0.9999698419567138
0.9999823504077269
0.9999837417269601
0.9999852167763058
0.9999854520302512
0.9999856359794321
0.999985673837402
0.9999856948789745
0.9999856948794829
0.9999856738369208
0.9999856359790769
0.9999854520300973
0.9999852167762648
0.9999837417269446
0.9999823504079729
0.9999698419564967
0.9999621202292279
0.9998501437790706
0.9998140837962153
0.9987614240911893
0.9986881102892136
0.9883266426787198
0.9897573583808013
0.882503295890077
0.9152797292473542
-0.2822236465234345
0.25862046758771395
-16.590750574870633
-16.385704240736615
0.2615351746478592
-0.25882444573811525
0.9158210477341888
0.8853330179547014
0.9898145107375111
0.9886261687984496
0.9986542308181688
0.9987522284138426
0.9997657326561463
0.9998042658844435
0.9999117586830388
0.9999197290494257
0.9999317355025872
0.9999331521788043
0.9999345720698056
0.999934809947574
0.9999349879384778
0.9999350260656212
0.9999350465387054
0.9999350465392485
0.9999350260654236
0.9999349879385
0.999934809948158
0.9999345720699602
0.9999331521788426
0.9999317355031954
0.9999197290501909
0.9999117586835867
0.9998042658840809
0.9997657326561762
0.9987522284136212
0.9986542308181562
0.9886261687982594
0.9898145107374748
0.8853330179547925
0.9158210477340192
-0.25882444573758595
0.26153517464829995
-16.385704240737628
-15.86532371873888
0.2685491883913881
-0.20083667347252437
0.9169409803090915
0.8920028253021175
0.9898020342782593
0.9891910713109122
0.9984496061282844
0.9986065479855752
0.9995339287036944
0.9995785013141284
0.9996765937826355
0.9996851909006038
0.9996961911312079
0.9996976735973426
0.9996989873570161
0.9996992321705186
0.9996993991088874
0.9996994379543388
0.9996994574029074
0.9996994574029633
0.9996994379539987
0.9996993991089622
0.999699232170769
0.9996989873572153
0.9996976735973844
0.9996961911309514
0.999685190900558
0.9996765937826606
0.9995785013135443
0.999533928703844
0.9986065479857379
0.9984496061278869
0.9891910713109096
0.9898020342781029
0.8920028253018977
0.9169409803085495
-0.20083667347170847
0.2685491883916251
-15.865323718737045
-14.518710945555167
0.2852608417537339
-0.05605851613013195
0.9188241855759789
0.9073017165315853
0.9891018563972042
0.9898539723588855
0.9973743450848329
0.99766997598007
0.9984138208522987
0.9984726791132794
0.9985517774054873
0.9985618590683794
0.9985709193739327
0.9985725563754726
0.9985736737243828
0.998573934544301
0.9985740817435034
0.9985741222092084
0.9985741398798205
0.9985741398803121
0.9985741222097693
0.9985740817435049
0.9985739345443547
0.9985736737242863
0.9985725563755871
0.9985709193738723
0.9985618590679459
0.9985517774052364
0.9984726791130214
0.9984138208523259
0.997669975979851
0.9973743450844104
0.9898539723589326
0.9891018563972168
0.9073017165312544
0.9188241855754864
-0.05605851613119693
0.28526084175315425
-14.518710945557011
-10.924536289073675
0.3242184410458374
0.3076410933267268
0.9195930489146837
0.9401310955182438
0.9842237135486779
0.9881304213058142
0.9918534400688257
0.9924650625316048
0.9928335565942721
0.9929244252340164
0.9929667334981505
0.9929800615217539
0.9929855276446753
0.9929874920147723
0.992988258877685
0.9929885523330997
0.9929886655178781
0.9929887091375528
0.992988723847461
0.9929887238472719
0.9929887091378522
0.9929886655179603
0.9929885523334474
0.9929882588777572
0.9929874920147694
0.9929855276442419
0.9929800615220292
0.9929667334984016
0.9929244252341827
0.992833556594573
0.9924650625311213
0.991853440068766
0.9881304213056616
0.9842237135484782
0.9401310955184383
0.9195930489151303
0.30764109332748835
0.3242184410475103
-10.924536289074165
-0.7702784268022858
0.4116210121515991
1.2174451930321415
0.9026822845585265
0.9970946836562733
0.9555930934803463
0.9664233110617321
0.9623030711057947
0.963584348940806
0.9632265401460619
0.9633833100739513
0.9633569728484446
0.9633768867176125
0.9633756842073637
0.9633783187474303
0.9633784140948922
0.9633787770340605
0.9633788192512082
0.9633788701176798
0.9633788777316199
0.9633788777313896
0.9633788701174606
0.9633788192508705
0.9633787770346659
0.9633784140942606
0.9633783187474543
0.9633756842071515
0.9633768867174249
0.9633569728486844
0.9633833100740976
0.9632265401462079
0.9635843489405813
0.9623030711056393
0.9664233110622114
0.9555930934808263
0.9970946836565396
0.9026822845579
1.217445193032073
0.4116210121526933
-0.7702784268023304
32.191027241432316
0.6069893289059451
3.3664477577239404
0.7280507489178638
0.9686554576693727
0.7571534365818409
0.7795424121254608
0.7629788363693231
0.7650799888170189
0.7638305684670628
0.7640206406913232
0.7639321470136062
0.7639474348634521
0.7639416582542644
0.7639424591152058
0.7639420817087138
0.7639420205479561
0.7639419825955689
0.7639419511340491
0.763941945332902
0.7639419453324263
0.7639419511333962
0.7639419825949969
0.7639420205479965
0.7639420817092649
0.7639424591141719
0.7639416582531483
0.7639474348632762
0.7639321470132658
0.7640206406907737
0.7638305684676348
0.7650799888165891
0.7629788363704196
0.7795424121256938
0.7571534365825078
0.9686554576691717
0.7280507489183661
3.366447757724317
0.6069893289066431
32.19102724142925
243.5105721450323
-5.49698294267857
-0.524864695768593
-17.195761182141602
-17.040098955175402
-18.53170910386686
-18.547225705302544
-18.694552681482016
-18.699851692312492
-18.715327630004616
-18.71635719905481
-18.71806714095016
-18.718241012776843
-18.718439203768593
-18.718467084857327
-18.718491185417857
-18.718495571445544
-18.718498640097536
-18.718499311973336
-18.718499666471175
-18.71849966645616
-18.71849931197862
-18.71849864010099
-18.718495571442794
-18.718491185413114
-18.718467084859473
-18.718439203763992
-18.718241012780524
-18.718067140946317
-18.71635719906577
-18.71532762999063
-18.699851692316948
-18.69455268147653
-18.547225705303013
-18.53170910387653
-17.040098955172148
-17.195761182134834
-0.5248646957740404
-5.496982942672867
243.51057214503157