0.7265904300155073
-0.3527736132358813
-0.3877723702205008
-0.36178991944847905
-0.32619597780333776
-0.30630083188659785
-0.2943932835447931
-0.28784255508373724
-0.28436827474263593
-0.2828751232039056
-0.28287512320405284
-0.2843682747424904
-0.2878425550835412
-0.2943932835449624
-0.3063008318864594
-0.3261959778030103
-0.3617899194488512
-0.38777237022016015
-0.3527736132358169
0.7265904300152595
0.00009479607312787828
0.10025252235202095
0.13296315770719552
0.14541999593611843
0.15582498498365988
0.16206532477402857
0.16604344635612073
0.16837401290256743
0.16966317906554507
0.17023153471744346
0.17023153471746905
0.16966317906551787
0.16837401290254328
0.16604344635610496
0.16206532477401492
0.15582498498369654
0.14541999593611887
0.1329631577072421
0.10025252235207102
0.00009479607311921722
-0.08897783140486354
0.05280438149889984
0.06576954604768695
0.067769696545003
0.06788063184825349
0.06829676608829566
0.06874582373036396
0.06911629807747385
0.06936390393176556
0.06948501775113301
0.06948501775114227
0.06936390393177405
0.06911629807745376
0.06874582373034845
0.06829676608828575
0.06788063184826881
0.0677696965450019
0.06576954604769722
0.052804381498914484
-0.08897783140488386
-0.09380049138257514
0.034971763490244404
0.037894627152003896
0.03478890378782186
0.030469426452856753
0.028191906237676957
0.026908470849280282
0.026256132621535425
0.025935197275550742
0.025805026845962364
0.025805026845959506
0.025935197275561445
0.026256132621507104
0.026908470849275515
0.02819190623768021
0.030469426452844686
0.03478890378785887
0.037894627151991434
0.034971763490219784
-0.09380049138255976
-0.09196908049446822
0.029477941264174936
0.0287131598914794
0.023476042443708413
0.017354442312326857
0.013902374717394674
0.01182187223929239
0.01067247668381985
0.010063415088989476
0.009802328437095935
0.009802328437087027
0.010063415088996526
0.010672476683783398
0.01182187223930201
0.013902374717409509
0.017354442312299767
0.02347604244375405
0.02871315989144474
0.029477941264153484
-0.0919690804944265
-0.09086705410030038
0.027708490294444152
0.02564415701727022
0.01957327647157287
0.012742579611174532
0.008800268777153545
0.006371576225602402
0.004994855016077132
0.004249262919562019
0.00392466397183047
0.003924663971822174
0.004249262919541704
0.004994855016060478
0.006371576225622219
0.008800268777153519
0.012742579611160196
0.01957327647160203
0.025644157017232695
0.027708490294459237
-0.09086705410027948
-0.09042223860294911
0.027101347834300835
0.024572610636047966
0.018183347379538355
0.011077424810204618
0.006935742439147999
0.004360031683552498
0.0028836858282325233
0.0020765021789212195
0.0017226967474086884
0.0017226967474072387
0.0020765021788983038
0.0028836858282272693
0.004360031683570664
0.006935742439127658
0.011077424810227793
0.018183347379538646
0.02457261063603984
0.027101347834329534
-0.09042223860296356
-0.090259898323334
0.026882081877934123
0.024183461864768357
0.017673335105012625
0.010460989463980316
0.0062394445138289015
0.0036030470609489914
0.0020843533197794717
0.0012503807249044149
0.0008836780564523423
0.000883678056451712
0.0012503807248712166
0.002084353319764861
0.0036030470609423105
0.006239444513825431
0.010460989464012688
0.01767333510502379
0.024183461864789875
0.026882081877937215
-0.09025989832336948
-0.09020318577037598
0.026801104624458158
0.024039823644616626
0.017484284702975462
0.010231282110396039
0.00597844022674909
0.00331771141446596
0.0017816608766328091
0.0009365167301001943
0.0005643740393405222
0.000564374039351449
0.0009365167300895575
0.0017816608766010502
0.003317711414456949
0.005978440226767289
0.010231282110395229
0.017484284703003825
0.0240398236446121
0.02680110462444099
-0.09020318577038053
-0.090185446009914
0.026773979999270146
0.02399182625940427
0.017421037076634505
0.010154216210649016
0.005890564112365595
0.003221303985316409
0.0016790797578381139
0.0008299168269565797
0.00045580263719140386
0.0004558026371886394
0.000829916826962226
0.0016790797578013048
0.0032213039853504558
0.005890564112365725
0.010154216210634545
0.01742103707668246
0.023991826259374974
0.02677397999925324
-0.09018544600990223
-0.09018544600984846
0.026773979999222715
0.023991826259431068
0.017421037076628502
0.010154216210650846
0.005890564112332257
0.0032213039853014533
0.0016790797578322366
0.0008299168269494976
0.00045580263717206267
0.00045580263720572715
0.0008299168269359457
0.0016790797578090197
0.00322130398534235
0.005890564112332882
0.010154216210665019
0.017421037076668013
0.02399182625938106
0.02677397999923751
-0.09018544600985237
-0.09020318577027539
0.026801104624408673
0.02403982364465941
0.017484284702984132
0.010231282110408413
0.005978440226729527
0.0033177114144169262
0.0017816608766234741
0.0009365167300816413
0.0005643740393560901
0.0005643740393768347
0.0009365167300632012
0.001781660876635068
0.003317711414456412
0.005978440226719261
0.010231282110430624
0.017484284702965758
0.02403982364462392
0.026801104624441144
-0.09020318577031125
-0.09025989832336687
0.026882081877983372
0.024183461864775296
0.017673335105005943
0.010460989463987914
0.006239444513803913
0.0036030470609408755
0.002084353319747872
0.0012503807248954073
0.0008836780564467708
0.0008836780564263963
0.0012503807248916102
0.0020843533197735
0.0036030470609568132
0.006239444513817296
0.010460989463996132
0.017673335105010013
0.024183461864797404
0.026882081877991203
-0.09025989832342478
-0.0904222386030224
0.027101347834410938
0.024572610636006367
0.018183347379531454
0.011077424810210547
0.006935742439140101
0.004360031683582717
0.0028836858281923324
0.0020765021789461396
0.0017226967474105572
0.0017226967474079152
0.0020765021789816004
0.002883685828196019
0.00436003168359313
0.006935742439165454
0.011077424810195295
0.01818334737956235
0.024572610636035178
0.027101347834379043
-0.09042223860306112
-0.09086705410024182
0.027708490294455247
0.025644157017246462
0.0195732764715588
0.012742579611163955
0.008800268777150205
0.0063715762256010555
0.004994855016055112
0.004249262919563295
0.003924663971822317
0.003924663971818437
0.004249262919592661
0.0049948550160610165
0.006371576225633012
0.008800268777168139
0.012742579611132478
0.01957327647161922
0.025644157017205023
0.02770849029442514
-0.09086705410025489
-0.09196908049431182
0.029477941264034354
0.028713159891494797
0.023476042443714144
0.017354442312319078
0.013902374717390859
0.011821872239263237
0.010672476683830298
0.010063415088947127
0.009802328437085034
0.009802328437135206
0.010063415088982943
0.010672476683814328
0.011821872239296797
0.01390237471739324
0.017354442312315775
0.023476042443723973
0.028713159891408626
0.029477941264071723
-0.09196908049430058
-0.09380049138246638
0.03497176349014004
0.03789462715204172
0.03478890378782647
0.030469426452845307
0.02819190623768151
0.02690847084922488
0.026256132621555895
0.025935197275515236
0.025805026845967617
0.02580502684598563
0.02593519727550108
0.026256132621574547
0.02690847084926666
0.02819190623765059
0.030469426452869965
0.034788903787790364
0.03789462715198507
0.03497176349020302
-0.09380049138247612
-0.08897783140488578
0.05280438149897665
0.06576954604769175
0.0677696965449876
0.0678806318482572
0.06829676608827845
0.06874582373035706
0.06911629807747517
0.0693639039317733
0.06948501775115748
0.06948501775117236
0.06936390393176317
0.06911629807748448
0.06874582373035443
0.0682967660883061
0.06788063184826999
0.06776969654497471
0.0657695460477416
0.05280438149898288
-0.08897783140496625
0.00009479607305229373
0.10025252235217441
0.13296315770716927
0.14541999593611005
0.15582498498365754
0.16206532477403962
0.1660434463561046
0.16837401290255005
0.16966317906552336
0.1702315347174821
0.17023153471745522
0.1696631790655058
0.1683740129025596
0.16604344635608972
0.16206532477406282
0.15582498498365632
0.14541999593615074
0.13296315770731132
0.10025252235215792
0.0000947960729440172
0.7265904300154951
-0.3527736132358441
-0.38777237022051303
-0.36178991944847927
-0.3261959778033323
-0.30630083188659774
-0.2943932835447885
-0.2878425550837447
-0.2843682747426578
-0.28287512320391234
-0.2828751232039783
-0.28436827474246035
-0.2878425550835302
-0.29439328354501226
-0.3063008318864129
-0.32619597780304516
-0.3617899194488825
-0.3877723702201291
-0.3527736132357798
0.7265904300151658