-260.49880207217586
-10.060195136743438
-9.951958312963171
11.448111758897051
14.70263770166131
18.169220114038456
19.33881077768415
20.108546028537063
20.457916567065425
20.657710079341676
20.75918651892346
20.81504041355041
20.844703484991285
20.86092263811266
20.86970969617533
20.87452598940939
20.877163019896287
20.878614649086256
20.879414396397195
20.879855806641288
20.880098760687886
20.88023082379525
20.880299207987193
20.880328252507546
20.880328252506224
20.880299207978723
20.88023082378236
20.88009876066812
20.879855806632968
20.87941439640897
20.878614649091887
20.87716301990995
20.87452598939313
20.86970969616078
20.860922638116882
20.844703484988248
20.815040413582636
20.7591865189299
20.657710079352547
20.457916567060188
20.10854602854011
19.338810777665635
18.169220114043437
14.702637701633618
11.448111758894202
-9.951958312962184
-10.060195136738322
-260.49880207216256
-65.25999561843341
-4.032536748130491
-8.014648447238796
-1.6993520642253368
-1.1621043933964934
-0.07082926205552151
0.2669680901197709
0.5279008867906901
0.647055302393955
0.7199797829162748
0.7579290077744346
0.779640522166945
0.7914564933374011
0.7980916030357739
0.8017627315748979
0.8038162232697701
0.8049604669427393
0.8056007218458574
0.8059586539834966
0.8061588763118699
0.8062704086596512
0.8063316738292641
0.8063636667586955
0.8063773318731271
0.8063773318739902
0.8063636667560565
0.8063316738259405
0.8062704086583479
0.80615887631476
0.805958653983396
0.8056007218469557
0.8049604669410932
0.8038162232701895
0.801762731575681
0.7980916030338887
0.7914564933364209
0.7796405221678632
0.7579290077739151
0.7199797829201935
0.6470553023944143
0.5279008867910224
0.2669680901170197
-0.07082926206036363
-1.1621043933967432
-1.6993520642251836
-8.014648447237981
-4.032536748127937
-65.25999561843503
-14.82427400512072
-1.2158064845673362
-3.2012003643420415
-1.364463969600294
-1.3540570640200995
-1.0146694144006017
-0.9263603527620028
-0.8400807619273285
-0.8012726617705231
-0.7752602107897147
-0.7614044640318752
-0.7530669281527349
-0.7483939860216883
-0.7456762413936122
-0.7441308439186877
-0.7432423774758046
-0.7427353756915975
-0.7424452043925641
-0.7422796429829737
-0.7421852627860842
-0.7421317872996362
-0.7421019705686949
-0.7420862115089303
-0.7420794259495227
-0.7420794259497938
-0.7420862115103499
-0.742101970569784
-0.7421317873002082
-0.742185262785837
-0.7422796429827816
-0.7424452043920209
-0.7427353756915274
-0.7432423774758967
-0.7441308439183285
-0.7456762413930469
-0.7483939860226406
-0.7530669281522127
-0.7614044640313031
-0.7752602107898233
-0.8012726617701729
-0.8400807619277187
-0.9263603527630375
-1.0146694144010882
-1.3540570640208185
-1.3644639695992333
-3.201200364341346
-1.2158064845664944
-14.824274005121625
3.6540118607688394
-0.11276320090202566
-0.8538008465578422
-0.8703599077859117
-0.9913661392796426
-0.9719479295936262
-0.9797451369886387
-0.9703922687055854
-0.9667177117945329
-0.9624866548501745
-0.960029664028361
-0.9582545201684439
-0.9571690273533195
-0.9564721603435367
-0.9560474581268004
-0.9557865358196496
-0.9556293388795916
-0.9555347921714681
-0.955478470364654
-0.9554450911445913
-0.9554255241753147
-0.955414290325129
-0.9554082142731757
-0.9554055579805698
-0.9554055579804916
-0.9554082142737896
-0.9554142903251156
-0.9554255241760601
-0.9554450911444028
-0.9554784703647309
-0.9555347921709185
-0.9556293388796211
-0.9557865358197525
-0.9560474581274487
-0.9564721603432011
-0.9571690273539378
-0.9582545201677761
-0.9600296640279202
-0.9624866548495549
-0.9667177117946338
-0.9703922687054507
-0.9797451369888583
-0.9719479295939357
-0.9913661392799856
-0.8703599077859272
-0.8538008465574294
-0.11276320090185506
3.654011860768253
11.278588580927781
0.37633135969992376
0.23308985506919494
-0.6053192683753938
-0.7657636498159952
-0.8925141059213453
-0.9407357116033033
-0.967108887046342
-0.9794608787282142
-0.9856354945521126
-0.9886673794351939
-0.9901447002339613
-0.9908664619503067
-0.991210694168143
-0.9913738291352089
-0.9914484848747863
-0.9914816301064989
-0.9914953788275824
-0.9915005090341469
-0.9915019750958822
-0.9915020527769152
-0.9915017218898703
-0.9915013861929347
-0.9915011950327741
-0.9915011950326904
-0.9915013861937398
-0.9915017218902092
-0.9915020527777597
-0.9915019750954925
-0.9915005090341074
-0.9914953788271101
-0.9914816301064779
-0.9914484848750502
-0.9913738291356825
-0.9912106941678049
-0.9908664619510157
-0.9901447002332215
-0.9886673794344778
-0.9856354945517245
-0.9794608787277074
-0.9671088870468664
-0.940735711603637
-0.8925141059216731
-0.7657636498166998
-0.6053192683751625
0.23308985506912322
0.3763313597001495
11.278588580929457
14.609314120800086
0.6043867097348985
0.7386375389375164
-0.4747483556772035
-0.6496360214835111
-0.8450851583984038
-0.91143641422954
-0.9548593071519933
-0.9747481320536353
-0.9859753479508295
-0.991679228416821
-0.9947728866674406
-0.9964019538698463
-0.997277560031929
-0.9977446310792099
-0.9979954055386693
-0.9981298167830586
-0.9982019970403921
-0.9982407308352755
-0.9982615033717473
-0.9982726005876464
-0.998278454952992
-0.9982814062358559
-0.9982826356103509
-0.9982826356103939
-0.9982814062365615
-0.9982784549535328
-0.9982726005880522
-0.9982615033715481
-0.9982407308355338
-0.998201997039768
-0.9981298167830528
-0.9979954055387958
-0.9977446310795162
-0.9972775600320802
-0.9964019538699023
-0.9947728866671524
-0.9916792284159408
-0.9859753479504676
-0.9747481320532261
-0.9548593071521341
-0.9114364142299383
-0.8450851583988541
-0.6496360214842907
-0.47474835567745244
0.7386375389377979
0.6043867097349933
14.609314120800562
16.111619254669414
0.7126945900785606
0.9761550222564879
-0.41122754729869365
-0.5922429873822082
-0.8204001064213571
-0.8952210140904849
-0.9468953022486536
-0.9704054794906843
-0.9841124687655394
-0.9911299376677285
-0.9950299102350313
-0.9971146582972641
-0.998260362093574
-0.9988833476344268
-0.9992254813291153
-0.9994129611113839
-0.9995160969848644
-0.9995728204932075
-0.9996040379931102
-0.9996211567539796
-0.9996304224132491
-0.9996352005408417
-0.9996372235912514
-0.9996372235912482
-0.9996352005412419
-0.9996304224136953
-0.999621156754613
-0.9996040379932183
-0.9995728204931968
-0.9995160969844508
-0.9994129611109392
-0.999225481329266
-0.9988833476347576
-0.9982603620937514
-0.9971146582970366
-0.995029910234744
-0.9911299376665983
-0.9841124687655654
-0.970405479490812
-0.9468953022487401
-0.8952210140905872
-0.8204001064213498
-0.592242987383361
-0.41122754729866745
0.9761550222569377
0.7126945900781356
16.11161925466994
16.803168504080737
0.7645705054007572
1.088756558471772
-0.38033672527957835
-0.5641719520332014
-0.8080130695010294
-0.8868834341599982
-0.9425782103839802
-0.96785117865308
-0.9827821781427517
-0.9904496579704375
-0.9947528699415348
-0.9970667099344593
-0.998349434043474
-0.9990520634135365
-0.999441263773208
-0.9996562971884118
-0.9997756415749179
-0.9998418618841303
-0.9998786393443084
-0.9998989890589531
-0.9999100987534877
-0.9999158705619673
-0.9999183271598454
-0.9999183271596687
-0.9999158705623592
-0.9999100987539467
-0.9998989890593536
-0.9998786393441869
-0.9998418618839369
-0.9997756415746409
-0.9996562971883124
-0.9994412637734498
-0.9990520634134399
-0.9983494340437973
-0.9970667099345295
-0.9947528699415833
-0.9904496579697748
-0.9827821781428574
-0.967851178652883
-0.9425782103843193
-0.8868834341604357
-0.8080130695007424
-0.5641719520345292
-0.38033672527910856
1.0887565584719026
0.7645705054003658
16.803168504080155
17.126056842825783
0.7895512591071359
1.1425337030698572
-0.36528630976742116
-0.5504695103758719
-0.8018685924377225
-0.8826996188035301
-0.940360097750815
-0.9664973674677744
-0.9820340345844216
-0.9900242611200462
-0.9945292739631726
-0.9969582970507329
-0.9983103994061481
-0.9990535819028254
-0.9994669101452862
-0.9996961566252653
-0.9998239185000871
-0.9998951032118507
-0.9999348066865783
-0.9999568677382147
-0.9999689600804185
-0.9999752640792559
-0.9999779536819682
-0.9999779536817961
-0.9999752640795345
-0.9999689600800468
-0.9999568677383759
-0.9999348066862697
-0.9998951032121892
-0.9998239184997267
-0.9996961566255514
-0.9994669101453382
-0.9990535819026936
-0.9983103994063246
-0.9969582970503599
-0.9945292739635403
-0.9900242611199446
-0.9820340345840652
-0.966497367468198
-0.9403600977502922
-0.8826996188036169
-0.8018685924378922
-0.5504695103762847
-0.36528630976785553
1.1425337030697258
0.7895512591078658
17.126056842825328
17.278409423715406
0.8016309527312966
1.1683715600418643
-0.357937841872911
-0.5437763094706058
-0.7988320423904418
-0.8806190485798091
-0.9392425969751974
-0.9658053035831177
-0.9816419375909935
-0.9897926447869564
-0.9943986018196099
-0.9968854884505626
-0.9982726414860356
-0.9990364097659564
-0.9994620538593616
-0.9996985928916753
-0.9998306977729357
-0.9999044578279448
-0.9999456876696589
-0.9999686462363182
-0.9999812565222628
-0.9999878422126816
-0.9999906555015394
-0.9999906555009417
-0.9999878422124029
-0.9999812565217412
-0.9999686462364289
-0.9999456876695249
-0.9999044578283137
-0.9998306977727001
-0.9996985928920328
-0.9994620538590737
-0.9990364097658309
-0.9982726414861487
-0.9968854884503366
-0.9943986018198689
-0.9897926447875978
-0.981641937591007
-0.9658053035840177
-0.9392425969744151
-0.8806190485796977
-0.7988320423908186
-0.5437763094696448
-0.35793784187366523
1.1683715600410571
0.8016309527313179
17.278409423715893
17.350882957663153
0.8074928269150354
1.1808470299685128
-0.354342532842295
-0.5405018848491084
-0.7973328538719231
-0.8795879188048719
-0.9386840589439893
-0.9654566480844808
-0.9814418910622336
-0.9896724299032118
-0.9943288346740494
-0.9968447532278457
-0.9982495735707955
-0.9990237611267268
-0.9994556675343216
-0.9996959309782159
-0.999830264276867
-0.9999053518310428
-0.9999473721569088
-0.9999707976386777
-0.9999836785185259
-0.9999904118983107
-0.9999932901919752
-0.9999932901916122
-0.9999904118981785
-0.999983678517731
-0.9999707976383785
-0.9999473721565799
-0.9999053518316656
-0.9998302642771593
-0.9996959309783955
-0.9994556675340294
-0.999023761126481
-0.9982495735706084
-0.9968447532280653
-0.9943288346741388
-0.9896724299045232
-0.9814418910621547
-0.9654566480851676
-0.9386840589435816
-0.8795879188046856
-0.7973328538716663
-0.5405018848479903
-0.35434253284185924
1.1808470299671678
0.8074928269152919
17.350882957663774
17.38558262276254
0.8103461435175104
1.186895464024658
-0.352580141981982
-0.5388971725283855
-0.7965926067802349
-0.8790774643431797
-0.9384058413575416
-0.9652821196794847
-0.9813409998666258
-0.9896112535590097
-0.9942928465967094
-0.9968233126609076
-0.9982370195291506
-0.9990164668496628
-0.9994515467846076
-0.999693704748895
-0.9998291760762522
-0.9999049442265449
-0.9999473714404308
-0.9999710381848339
-0.9999840593905656
-0.9999908695900133
-0.9999937817662887
-0.9999937817661619
-0.999990869589662
-0.9999840593897171
-0.9999710381847844
-0.9999473714401652
-0.999904944227062
-0.9998291760762442
-0.9996937047491561
-0.99945154678443
-0.9990164668494331
-0.9982370195289242
-0.996823312660782
-0.9942928465965903
-0.9896112535604533
-0.9813409998664391
-0.9652821196806685
-0.9384058413568712
-0.8790774643429534
-0.7965926067797209
-0.5388971725266662
-0.3525801419819775
1.1868954640241116
0.8103461435180183
17.385582622760936
17.40228466824384
0.8117387793526765
1.1898381106697364
-0.3517147156498106
-0.5381093715285662
-0.7962269003536251
-0.8788247990601672
-0.9382674541677782
-0.9651950116942536
-0.981290388792057
-0.9895803995041024
-0.9942745595082072
-0.9968123070821289
-0.9982304759883597
-0.9990125726383006
-0.9994492562884236
-0.999692374733622
-0.9998284249531667
-0.9999045404669916
-0.9999471760533392
-0.9999709667577754
-0.9999840602835961
-0.9999909101753073
-0.9999938398891312
-0.9999938398887298
-0.9999909101747718
-0.999984060282818
-0.999970966757548
-0.9999471760531762
-0.9999045404676247
-0.999828424953054
-0.999692374734003
-0.9994492562881999
-0.9990125726380721
-0.9982304759884717
-0.9968123070819299
-0.9942745595084321
-0.9895803995055106
-0.9812903887915978
-0.9651950116954433
-0.9382674541667563
-0.8788247990600708
-0.7962269003532121
-0.5381093715268233
-0.351714715650319
1.1898381106693519
0.8117387793525397
17.402284668243663
17.410359350369312
0.8124201217986889
1.1912740118466396
-0.3512890589973967
-0.5377219772990156
-0.7960460979978545
-0.878699693413328
-0.9381986551385554
-0.9651515945867561
-0.981265066999333
-0.9895649065141063
-0.9942653332423601
-0.9968067223394832
-0.9982271286342594
-0.9990105573934308
-0.9994480496372862
-0.9996916537078988
-0.9998279974553412
-0.9999042896039978
-0.9999470314540296
-0.9999708855512753
-0.9999840161572222
-0.9999908864452993
-0.999993825184502
-0.9999938251843434
-0.9999908864455433
-0.9999840161567303
-0.999970885550928
-0.9999470314536445
-0.9999042896043908
-0.9998279974555551
-0.9996916537081313
-0.999448049637164
-0.9990105573930947
-0.9982271286339797
-0.9968067223396059
-0.9942653332426725
-0.9895649065145165
-0.9812650669987291
-0.9651515945871216
-0.9381986551378907
-0.8786996934135731
-0.796046097997555
-0.5377219772986552
-0.3512890589968727
1.1912740118467795
0.8124201217980872
17.410359350370207
17.414277631035652
0.8127541778268569
1.1919764824927643
-0.3510793897938329
-0.5375311870677761
-0.7959566392404245
-0.878637714537924
-0.9381644539659363
-0.9651299666898365
-0.9812524147946473
-0.9895571445199827
-0.9942606953478663
-0.996803904487625
-0.9982254315378454
-0.9990095291895356
-0.9994474284098724
-0.9996912774928308
-0.9998277696945357
-0.9999041513968416
-0.9999469472545992
-0.999970833647976
-0.9999839831869866
-0.9999908639088004
-0.9999938072710283
-0.9999938072708419
-0.9999908639093043
-0.9999839831869644
-0.9999708336480227
-0.9999469472545498
-0.9999041513970186
-0.9998277696942596
-0.9996912774928101
-0.9994474284098032
-0.9990095291893903
-0.9982254315379853
-0.9968039044872342
-0.9942606953478876
-0.9895571445199971
-0.981252414794746
-0.9651299666900701
-0.9381644539654557
-0.8786377145383882
-0.7959566392403319
-0.5375311870681856
-0.3510793897943256
1.1919764824930001
0.8127541778258287
17.41427763103688
17.416185055184975
0.8129182750447732
1.192320918107339
-0.3509759696943383
-0.5374370905716428
-0.7959123398714465
-0.8786069897975037
-0.9381474489765486
-0.9651191946768765
-0.9812460972023508
-0.9895532604719218
-0.9942583685642323
-0.9968024870118513
-0.9982245750733287
-0.999009008259468
-0.9994471120444999
-0.9996910845394156
-0.9998276516727063
-0.9999040786732938
-0.9999469019068579
-0.9999708047044602
-0.999983963878526
-0.9999908499178107
-0.9999937956386276
-0.9999937956387615
-0.9999908499182933
-0.9999839638787841
-0.9999708047047673
-0.9999469019069283
-0.9999040786733983
-0.9998276516725133
-0.9996910845394569
-0.9994471120446162
-0.9990090082598486
-0.9982245750735025
-0.9968024870113887
-0.9942583685648732
-0.9895532604712168
-0.9812460972015306
-0.9651191946772972
-0.938147448975904
-0.8786069897984348
-0.7959123398715964
-0.5374370905721192
-0.3509759696946578
1.1923209181081331
0.8129182750441034
17.416185055184698
17.417116150970628
0.8129990219938903
1.19249013657058
-0.3509248929621235
-0.5373906224750808
-0.7958903853450585
-0.8785917483448706
-0.9381389914152836
-0.9651138292139035
-0.9812429435775927
-0.9895513181861288
-0.9942572025502073
-0.9968017751968856
-0.9982241439474395
-0.9990087453259002
-0.9994469518317388
-0.999690986410295
-0.9998275913085561
-0.9999040411796818
-0.9999468782602468
-0.9999707893703239
-0.9999839534334343
-0.9999908421763115
-0.9999937890969592
-0.9999937890969544
-0.9999908421768007
-0.9999839534341701
-0.9999707893705323
-0.9999468782604187
-0.9999040411792943
-0.9998275913081693
-0.9996909864104577
-0.9994469518316953
-0.9990087453258784
-0.9982241439475898
-0.9968017751972342
-0.9942572025498322
-0.9895513181851114
-0.98124294357723
-0.9651138292137882
-0.938138991415397
-0.8785917483456338
-0.7958903853452259
-0.5373906224759257
-0.35092489296134655
1.192490136572008
0.8129990219946451
17.417116150968937
17.417571747374502
0.8130388157218751
1.1925734173245823
-0.3508996383984955
-0.5373676478706035
-0.7958794963995222
-0.8785841825589409
-0.938134783448211
-0.9651111562346772
-0.9812413694942438
-0.9895503472485734
-0.994256618617019
-0.9968014181136996
-0.9982239272579558
-0.9990086129012132
-0.9994468709497022
-0.9996909367308535
-0.999827560639112
-0.9999040220409564
-0.9999468661143815
-0.9999707814279484
-0.999983947967731
-0.9999908380813043
-0.9999937856103007
-0.9999937856100232
-0.9999908380816197
-0.9999839479680213
-0.9999707814285308
-0.9999468661143249
-0.9999040220405148
-0.9998275606387221
-0.9996909367307163
-0.9994468709499822
-0.9990086129018094
-0.9982239272579334
-0.9968014181140189
-0.9942566186165704
-0.9895503472476208
-0.9812413694937623
-0.9651111562343231
-0.938134783448509
-0.8785841825593885
-0.7958794964003785
-0.5373676478718817
-0.3508996383987155
1.1925734173256717
0.8130388157239747
17.417571747373614
17.417795129166002
0.8130584524011577
1.1926144644561116
-0.3508871392550679
-0.5373562774843335
-0.7958740921838983
-0.8785804247944764
-0.9381326891545032
-0.9651098243765366
-0.9812405838536233
-0.9895498619995279
-0.9942563263259612
-0.9968012391121472
-0.9982238184597845
-0.9990085463018449
-0.9994468301977033
-0.9996909116480015
-0.999827545115061
-0.9999040123238169
-0.9999468599235528
-0.9999707773598432
-0.9999839451523709
-0.9999908359583731
-0.9999937837962686
-0.9999937837961403
-0.9999908359594167
-0.9999839451527891
-0.9999707773605717
-0.9999468599230616
-0.99990401232397
-0.9998275451144224
-0.9996909116479871
-0.9994468301976769
-0.9990085463022467
-0.998223818459766
-0.9968012391122945
-0.9942563263252111
-0.9895498619987704
-0.9812405838530085
-0.9651098243766552
-0.9381326891547384
-0.8785804247948183
-0.795874092184919
-0.5373562774845759
-0.35088713925539766
1.1926144644577228
0.8130584524024909
17.41779512916631
17.417904812063448
0.8130681501458399
1.192634714874587
-0.3508809498923677
-0.5373506471286884
-0.7958714094079968
-0.8785785580789987
-0.9381316468827363
-0.9651091608696222
-0.9812401918724852
-0.9895496196081728
-0.9942561801192749
-0.9968011494601958
-0.9982237638940405
-0.9990085128537258
-0.9994468096992757
-0.9996908990099711
-0.9998275372792226
-0.9999040074081996
-0.9999468567832854
-0.9999707752895133
-0.999983943713403
-0.999990834870764
-0.999993782864526
-0.9999937828643413
-0.9999908348715595
-0.9999839437138496
-0.999970775289643
-0.9999468567830749
-0.9999040074084389
-0.9998275372787425
-0.999690899010149
-0.999446809699228
-0.9990085128536004
-0.998223763894048
-0.9968011494607087
-0.9942561801184651
-0.9895496196081696
-0.9812401918724938
-0.9651091608697251
-0.9381316468829648
-0.8785785580793204
-0.7958714094086127
-0.5373506471284137
-0.35088094989167096
1.1926347148753234
0.8130681501452688
17.417904812063398
17.41795865183536
0.8130729352801127
1.1926446978957155
-0.3508778885124956
-0.5373478622370078
-0.7958700794721971
-0.8785776321192218
-0.9381311290320631
-0.965108830906569
-0.9812399966783828
-0.9895494987788676
-0.994256107147974
-0.996801104665424
-0.9982237365972186
-0.9990084961004599
-0.9994467994193753
-0.9996908926639225
-0.9998275333380287
-0.9999040049313148
-0.9999468551982535
-0.9999707742416963
-0.9999839429840092
-0.9999908343177711
-0.9999937823891418
-0.9999937823892888
-0.9999908343175097
-0.9999839429836694
-0.9999707742420719
-0.9999468551980254
-0.9999040049317804
-0.9998275333378726
-0.9996908926633871
-0.9994467994192964
-0.9990084961008958
-0.9982237365969211
-0.9968011046658208
-0.9942561071474574
-0.989549498779486
-0.9812399966783407
-0.9651088309067544
-0.9381311290319285
-0.8785776321184948
-0.7958700794721572
-0.5373478622374276
-0.35087788851194
1.192644697895271
0.8130729352811208
17.417958651835264
17.41798489921219
0.8130752788170795
1.1926495832767026
-0.35087638599222515
-0.5373464953991168
-0.7958694254498384
-0.8785771765108275
-0.9381308738644523
-0.9651086681891928
-0.9812399003080514
-0.9895494390699828
-0.9942560710503978
-0.9968010824840339
-0.9982237230662436
-0.999008487788084
-0.9994467943127674
-0.9996908895078553
-0.9998275313751501
-0.9999040036965594
-0.9999468544065395
-0.9999707737174518
-0.9999839426189034
-0.9999908340395227
-0.9999937821505032
-0.9999937821503646
-0.9999908340393864
-0.9999839426185695
-0.9999707737175773
-0.9999468544060529
-0.9999040036967072
-0.9998275313745038
-0.9996908895081749
-0.9994467943125142
-0.9990084877880401
-0.9982237230663653
-0.996801082483999
-0.9942560710502021
-0.9895494390702784
-0.9812399003083765
-0.9651086681894046
-0.9381308738644267
-0.878577176510812
-0.795869425450494
-0.5373464953985609
-0.35087638599218396
1.1926495832768635
0.8130752788166447
17.417984899210197
17.41799726183598
0.8130763868446218
1.192651891619149
-0.3508756743413479
-0.5373458480006635
-0.795869115172934
-0.8785769602661493
-0.9381307526131376
-0.9651085908174659
-0.981239854439889
-0.9895494106290005
-0.9942560538407638
-0.9968010719013293
-0.9982237166057424
-0.9990084838154643
-0.9994467918698506
-0.9996908879967971
-0.9998275304345027
-0.9999040031037827
-0.999946854026013
-0.999970773464876
-0.9999839424424553
-0.9999908339058365
-0.9999937820355219
-0.9999937820354494
-0.9999908339053944
-0.9999839424420179
-0.9999707734650776
-0.9999468540257155
-0.9999040031042437
-0.9998275304346265
-0.9996908879974622
-0.999446791869169
-0.9990084838157136
-0.9982237166053348
-0.9968010719016902
-0.9942560538415346
-0.9895494106301073
-0.9812398544398264
-0.9651085908169902
-0.9381307526133049
-0.8785769602656143
-0.7958691151726354
-0.5373458479997926
-0.35087567434122635
1.192651891618414
0.8130763868427637
17.41799726183929
17.418002170220554
0.8130768279284072
1.1926528101269096
-0.35087539070058665
-0.5373455899647457
-0.7958689913667709
-0.8785768739535287
-0.9381307041765798
-0.9651085598952169
-0.9812398360963737
-0.9895493992495336
-0.99425604695113
-0.996801067662481
-0.9982237140159409
-0.999008482222217
-0.9994467908898308
-0.9996908873898942
-0.9998275300568562
-0.9999040028655848
-0.9999468538731637
-0.9999707733636598
-0.9999839423717506
-0.9999908338518236
-0.9999937819884037
-0.9999937819883762
-0.9999908338509103
-0.9999839423707391
-0.9999707733634576
-0.9999468538727323
-0.9999040028660184
-0.99982753005717
-0.9996908873904402
-0.999446790889188
-0.9990084822227636
-0.9982237140150905
-0.9968010676625715
-0.9942560469517996
-0.9895493992504503
-0.9812398360965953
-0.965108559895005
-0.938130704176938
-0.8785768739523803
-0.7958689913667053
-0.5373455899640376
-0.35087539070044715
1.1926528101259344
0.8130768279281296
17.41800217022098
17.41800217022078
0.813076827928106
1.192652810126066
-0.35087539070064777
-0.5373455899650601
-0.795868991366913
-0.8785768739533846
-0.9381307041758704
-0.9651085598946348
-0.9812398360962156
-0.989549399249692
-0.9942560469515632
-0.9968010676624042
-0.9982237140160755
-0.9990084822222474
-0.999446790889924
-0.9996908873901693
-0.9998275300570125
-0.9999040028659748
-0.9999468538736279
-0.9999707733642071
-0.9999839423720398
-0.9999908338512018
-0.9999937819881569
-0.9999937819881524
-0.9999908338508003
-0.9999839423710265
-0.9999707733636547
-0.9999468538730945
-0.9999040028665067
-0.9998275300571298
-0.9996908873908852
-0.9994467908894212
-0.9990084822225345
-0.9982237140153167
-0.9968010676624681
-0.9942560469519041
-0.9895493992501099
-0.9812398360963469
-0.9651085598949414
-0.9381307041765481
-0.878576873952879
-0.7958689913672838
-0.5373455899636045
-0.3508753907015206
1.1926528101265899
0.8130768279296173
17.418002170218756
17.417997261837648
0.8130763868433268
1.1926518916180964
-0.35087567434096345
-0.5373458480009122
-0.795869115172793
-0.8785769602660458
-0.9381307526124665
-0.9651085908168957
-0.9812398544395383
-0.9895494106289011
-0.9942560538408234
-0.9968010719018816
-0.9982237166061874
-0.9990084838151684
-0.9994467918701126
-0.9996908879968319
-0.9998275304347439
-0.9999040031043898
-0.9999468540262828
-0.9999707734652323
-0.9999839424424057
-0.9999908339053954
-0.999993782034954
-0.9999937820352706
-0.9999908339046699
-0.9999839424421656
-0.9999707734652483
-0.9999468540265011
-0.9999040031050972
-0.9998275304350773
-0.9996908879968365
-0.999446791869661
-0.9990084838156061
-0.9982237166057217
-0.9968010719019479
-0.9942560538413595
-0.9895494106291112
-0.981239854439673
-0.9651085908172055
-0.938130752612802
-0.8785769602649831
-0.7958691151726047
-0.5373458479997782
-0.35087567434252315
1.192651891618402
0.8130763868430928
17.41799726183899
17.417984899210012
0.8130752788173634
1.1926495832759145
-0.350876385991408
-0.5373464953994889
-0.7958694254498154
-0.8785771765104495
-0.9381308738641307
-0.9651086681884897
-0.9812399003079315
-0.9895494390701669
-0.9942560710503578
-0.996801082484771
-0.9982237230665865
-0.9990084877879462
-0.9994467943130347
-0.9996908895072092
-0.9998275313755235
-0.9999040036968053
-0.9999468544061287
-0.9999707737182326
-0.9999839426184536
-0.9999908340395655
-0.9999937821499562
-0.9999937821500873
-0.9999908340393735
-0.9999839426183749
-0.9999707737179265
-0.9999468544067833
-0.9999040036967624
-0.9998275313753158
-0.9996908895073706
-0.9994467943129395
-0.999008487788505
-0.9982237230662174
-0.9968010824847038
-0.9942560710495285
-0.9895494390700835
-0.9812399003084773
-0.9651086681889955
-0.9381308738643708
-0.8785771765098975
-0.7958694254498435
-0.5373464953987768
-0.35087638599255455
1.1926495832762662
0.8130752788166955
17.41798489921064
17.417958651831675
0.8130729352817307
1.1926446978945267
-0.35087788851172846
-0.5373478622376731
-0.7958700794727912
-0.8785776321188734
-0.938131129031136
-0.965108830905741
-0.9812399966783628
-0.9895494987794422
-0.994256107148245
-0.9968011046659548
-0.9982237365970952
-0.9990084961003417
-0.9994467994193121
-0.9996908926639474
-0.9998275333381588
-0.9999040049316463
-0.9999468551983888
-0.9999707742426609
-0.9999839429841542
-0.9999908343172218
-0.9999937823883712
-0.999993782388769
-0.999990834317307
-0.9999839429844408
-0.9999707742425765
-0.9999468551984274
-0.9999040049316781
-0.9998275333377922
-0.9996908926637612
-0.9994467994195209
-0.9990084961009775
-0.998223736597085
-0.9968011046660263
-0.9942561071484495
-0.9895494987789482
-0.9812399966779135
-0.9651088309053915
-0.9381311290316328
-0.878577632118113
-0.7958700794737035
-0.5373478622377177
-0.35087788851391144
1.1926446978950564
0.8130729352819868
17.417958651830602
17.41790481206433
0.8130681501459152
1.1926347148740566
-0.35088094989166674
-0.5373506471284861
-0.795871409408003
-0.878578558078774
-0.938131646882384
-0.9651091608693043
-0.9812401918720772
-0.989549619608338
-0.9942561801191127
-0.9968011494606838
-0.9982237638942546
-0.9990085128536141
-0.999446809699063
-0.9996908990102562
-0.9998275372792685
-0.9999040074091132
-0.9999468567835078
-0.9999707752897955
-0.9999839437132498
-0.9999908348705493
-0.9999937828639762
-0.9999937828640937
-0.9999908348708986
-0.9999839437141215
-0.9999707752898419
-0.9999468567835951
-0.9999040074086396
-0.999827537278673
-0.9996908990102231
-0.9994468096991482
-0.9990085128541093
-0.998223763894468
-0.9968011494610161
-0.9942561801189371
-0.9895496196071092
-0.9812401918717941
-0.9651091608690603
-0.9381316468825714
-0.8785785580790576
-0.795871409409193
-0.5373506471284109
-0.35088094989284235
1.1926347148747736
0.8130681501459543
17.417904812064982
17.417795129162933
0.8130584524044024
1.1926144644566525
-0.35088713925428416
-0.5373562774841474
-0.795874092184194
-0.8785804247941197
-0.9381326891544838
-0.9651098243762324
-0.9812405838536207
-0.989549861999802
-0.9942563263259674
-0.9968012391122074
-0.9982238184597008
-0.9990085463021701
-0.9994468301977892
-0.9996909116481644
-0.9998275451154526
-0.9999040123239001
-0.9999468599232124
-0.9999707773601716
-0.9999839451514283
-0.9999908359591152
-0.9999937837958948
-0.9999937837965251
-0.9999908359594248
-0.9999839451530271
-0.9999707773605344
-0.9999468599239376
-0.999904012323475
-0.9998275451150366
-0.9996909116477433
-0.9994468301981203
-0.9990085463024563
-0.9982238184597139
-0.9968012391124661
-0.9942563263255952
-0.9895498619984422
-0.9812405838539315
-0.9651098243757354
-0.9381326891553987
-0.878580424794382
-0.7958740921841014
-0.5373562774844589
-0.3508871392541568
1.192614464456205
0.8130584524021249
17.41779512916553
17.417571747372158
0.8130388157247254
1.192573417325793
-0.35089963839821936
-0.5373676478707096
-0.7958794964000269
-0.8785841825592534
-0.9381347834480869
-0.965111156235013
-0.9812413694944518
-0.9895503472484801
-0.9942566186169768
-0.9968014181133364
-0.9982239272577565
-0.9990086129013167
-0.9994468709496787
-0.9996909367313287
-0.9998275606386058
-0.9999040220407669
-0.9999468661140629
-0.9999707814280385
-0.9999839479677246
-0.9999908380814032
-0.9999937856098315
-0.9999937856107233
-0.9999908380815068
-0.9999839479688561
-0.9999707814281791
-0.9999468661141222
-0.9999040220404063
-0.9998275606385307
-0.9996909367310509
-0.9994468709502564
-0.9990086129011335
-0.9982239272580173
-0.9968014181134545
-0.9942566186171375
-0.989550347247703
-0.9812413694941078
-0.965111156234258
-0.9381347834488225
-0.8785841825592048
-0.7958794964002724
-0.5373676478719298
-0.35089963839879335
1.1925734173244398
0.8130388157222004
17.41757174737516
17.417116150970692
0.8129990219935981
1.192490136570831
-0.35092489296218854
-0.5373906224750022
-0.7958903853451402
-0.8785917483454042
-0.9381389914155696
-0.9651138292146226
-0.9812429435773071
-0.9895513181858175
-0.9942572025503447
-0.9968017751964195
-0.9982241439475443
-0.9990087453261454
-0.9994469518312554
-0.9996909864105421
-0.9998275913080618
-0.9999040411798237
-0.9999468782602061
-0.9999707893699552
-0.999983953433399
-0.9999908421763906
-0.9999937890972103
-0.9999937890977156
-0.9999908421766467
-0.9999839534343479
-0.9999707893692429
-0.9999468782601035
-0.9999040411793132
-0.9998275913080323
-0.9996909864104192
-0.9994469518312692
-0.9990087453255065
-0.9982241439484008
-0.9968017751958392
-0.9942572025500677
-0.9895513181851264
-0.9812429435778129
-0.9651138292146338
-0.9381389914154679
-0.8785917483457986
-0.7958903853456207
-0.5373906224750524
-0.35092489296174256
1.192490136571762
0.8129990219938106
17.417116150971335
17.416185055190486
0.8129182750434949
1.1923209181076078
-0.3509759696947168
-0.5374370905716692
-0.7959123398718153
-0.8786069897982968
-0.9381474489768183
-0.9651191946774387
-0.9812460972027456
-0.9895532604720174
-0.9942583685640374
-0.9968024870112329
-0.9982245750727816
-0.9990090082595429
-0.9994471120447852
-0.9996910845395439
-0.9998276516724334
-0.9999040786728915
-0.9999469019065863
-0.9999708047046287
-0.9999839638788516
-0.9999908499191015
-0.9999937956391324
-0.9999937956394855
-0.9999908499185639
-0.9999839638789709
-0.9999708047043355
-0.9999469019066336
-0.9999040786727418
-0.9998276516730742
-0.9996910845390344
-0.9994471120451176
-0.9990090082597455
-0.9982245750731746
-0.9968024870111691
-0.9942583685646551
-0.9895532604717798
-0.9812460972026735
-0.9651191946771959
-0.9381474489769781
-0.8786069897976903
-0.7959123398715311
-0.5374370905716728
-0.35097596969405
1.1923209181074115
0.8129182750440256
17.4161850551886
17.414277631037983
0.8127541778242269
1.191976482493013
-0.3510793897938163
-0.5375311870675387
-0.7959566392402848
-0.8786377145385629
-0.9381644539661129
-0.9651299666906621
-0.981252414794763
-0.9895571445199116
-0.9942606953475032
-0.9968039044870863
-0.9982254315374336
-0.9990095291897403
-0.999447428409694
-0.9996912774926483
-0.9998277696941316
-0.9999041513967355
-0.999946947254468
-0.9999708336481411
-0.9999839831871502
-0.9999908639095081
-0.9999938072712071
-0.999993807271416
-0.9999908639091493
-0.999983983187206
-0.9999708336470255
-0.9999469472543501
-0.9999041513967606
-0.999827769694732
-0.9996912774928468
-0.9994474284102233
-0.999009529188535
-0.9982254315377448
-0.9968039044872661
-0.994260695347915
-0.989557144520608
-0.9812524147952585
-0.965129966690488
-0.9381644539663376
-0.8786377145382827
-0.7959566392410488
-0.5375311870674728
-0.3510793897938404
1.1919764824925712
0.8127541778274048
17.41427763103733
17.4103593503679
0.812420121799521
1.1912740118471623
-0.3512890589966603
-0.5377219772982501
-0.7960460979977568
-0.8786996934141169
-0.9381986551390211
-0.9651515945873212
-0.9812650669989791
-0.9895649065139616
-0.9942653332420937
-0.9968067223393728
-0.9982271286342864
-0.9990105573933545
-0.9994480496366644
-0.9996916537082979
-0.9998279974551694
-0.9999042896043324
-0.999947031453768
-0.999970885550671
-0.9999840161567816
-0.9999908864458839
-0.9999938251850498
-0.9999938251854905
-0.9999908864451034
-0.9999840161570359
-0.9999708855503893
-0.9999470314540471
-0.9999042896042484
-0.9998279974553927
-0.9996916537078183
-0.9994480496368694
-0.9990105573928514
-0.9982271286346327
-0.9968067223387277
-0.9942653332425013
-0.9895649065148697
-0.9812650669989899
-0.9651515945884465
-0.9381986551388175
-0.8786996934133431
-0.7960460979979567
-0.5377219772962788
-0.35128905899788465
1.1912740118460912
0.8124201217991049
17.410359350367045
17.402284668243766
0.811738779353356
1.1898381106695441
-0.35171471564973006
-0.5381093715285085
-0.7962269003535596
-0.8788247990604067
-0.9382674541678251
-0.965195011694475
-0.9812903887920512
-0.9895803995042636
-0.9942745595076827
-0.9968123070821227
-0.9982304759879067
-0.999012572638452
-0.9994492562886127
-0.9996923747337368
-0.9998284249529013
-0.9999045404670825
-0.9999471760528919
-0.999970966758355
-0.9999840602835399
-0.999990910175975
-0.9999938398886237
-0.9999938398889914
-0.9999909101745246
-0.9999840602833471
-0.9999709667569885
-0.9999471760532778
-0.999904540467125
-0.9998284249535732
-0.9996923747333586
-0.9994492562887713
-0.9990125726378751
-0.9982304759881122
-0.996812307082027
-0.9942745595087064
-0.9895803995054125
-0.9812903887925137
-0.9651950116947412
-0.9382674541672034
-0.8788247990599163
-0.7962269003532482
-0.5381093715269867
-0.3517147156505245
1.1898381106683296
0.8117387793519878
17.40228466824459
17.38558262276605
0.8103461435169332
1.1868954640236034
-0.35258014198186893
-0.5388971725283358
-0.7965926067801452
-0.8790774643429808
-0.9384058413572849
-0.9652821196795327
-0.9813409998663281
-0.9896112535590491
-0.9942928465967162
-0.9968233126613226
-0.9982370195291187
-0.9990164668501105
-0.999451546784152
-0.9996937047488439
-0.9998291760763682
-0.9999049442268012
-0.9999473714404276
-0.9999710381854618
-0.9999840593898425
-0.9999908695901121
-0.9999937817658284
-0.9999937817660574
-0.9999908695893831
-0.9999840593894036
-0.9999710381843561
-0.9999473714408296
-0.9999049442265504
-0.9998291760767968
-0.999693704749006
-0.9994515467847771
-0.9990164668488121
-0.9982370195293825
-0.9968233126609016
-0.994292846596518
-0.9896112535599171
-0.981340999866233
-0.9652821196794754
-0.9384058413572278
-0.8790774643423126
-0.7965926067799045
-0.5388971725273746
-0.3525801419823986
1.186895464024637
0.8103461435184917
17.385582622761834
17.350882957664037
0.8074928269151982
1.1808470299671385
-0.35434253284209305
-0.5405018848490205
-0.7973328538718167
-0.8795879188047444
-0.9386840589437719
-0.9654566480839094
-0.9814418910620089
-0.9896724299034634
-0.9943288346742598
-0.9968447532285782
-0.9982495735711808
-0.9990237611268153
-0.9994556675340921
-0.9996959309789197
-0.9998302642765826
-0.9999053518319703
-0.999947372156892
-0.9999707976385788
-0.9999836785186335
-0.9999904118977758
-0.9999932901914234
-0.9999932901918822
-0.9999904118970828
-0.9999836785180941
-0.999970797638528
-0.9999473721573748
-0.9999053518321379
-0.9998302642770505
-0.9996959309782323
-0.9994556675343359
-0.9990237611267943
-0.9982495735715267
-0.9968447532272375
-0.994328834675261
-0.9896724299033349
-0.9814418910619438
-0.965456648085137
-0.9386840589425645
-0.8795879188034421
-0.7973328538725297
-0.5405018848478372
-0.3543425328439591
1.180847029968397
0.807492826917229
17.350882957662563
17.27840942371403
0.8016309527325824
1.1683715600401516
-0.35793784187384786
-0.5437763094719572
-0.7988320423907792
-0.8806190485792025
-0.9392425969745437
-0.9658053035823918
-0.9816419375909269
-0.989792644787381
-0.9943986018198441
-0.9968854884511477
-0.9982726414859273
-0.9990364097665145
-0.9994620538593395
-0.9996985928914914
-0.9998306977728988
-0.9999044578284303
-0.9999456876693968
-0.9999686462372757
-0.9999812565219346
-0.9999878422121686
-0.9999906555006673
-0.9999906555002749
-0.9999878422123296
-0.9999812565226098
-0.9999686462367359
-0.9999456876701729
-0.9999044578282266
-0.9998306977729797
-0.999698592891777
-0.9994620538595357
-0.9990364097651763
-0.9982726414864582
-0.9968854884502971
-0.994398601820583
-0.989792644786862
-0.9816419375910608
-0.9658053035822334
-0.9392425969741061
-0.8806190485802239
-0.7988320423903492
-0.5437763094705566
-0.35793784187364425
1.168371560042626
0.8016309527313268
17.278409423715985
17.12605684282555
0.7895512591070055
1.1425337030686085
-0.36528630976780807
-0.5504695103763391
-0.8018685924376807
-0.8826996188034716
-0.9403600977509616
-0.9664973674669459
-0.9820340345840306
-0.9900242611199604
-0.9945292739631555
-0.9969582970516875
-0.9983103994066408
-0.9990535819029618
-0.9994669101450333
-0.9996961566253555
-0.9998239185004463
-0.9998951032121353
-0.9999348066865401
-0.9999568677385472
-0.9999689600793367
-0.9999752640789312
-0.9999779536810736
-0.9999779536816427
-0.9999752640790609
-0.9999689600797057
-0.9999568677387117
-0.999934806687418
-0.9998951032117029
-0.9998239185008628
-0.9996961566239793
-0.999466910145671
-0.9990535819027151
-0.9983103994065379
-0.9969582970504813
-0.9945292739638751
-0.9900242611183598
-0.9820340345844022
-0.9664973674670803
-0.9403600977506681
-0.8826996188033308
-0.8018685924368729
-0.5504695103769857
-0.3652863097675788
1.1425337030705096
0.7895512591082887
17.126056842822067
16.8031685040853
0.7645705053982553
1.0887565584709966
-0.3803367252802108
-0.5641719520333324
-0.8080130695006749
-0.8868834341597576
-0.9425782103837486
-0.967851178653089
-0.9827821781428916
-0.9904496579706125
-0.9947528699417156
-0.9970667099351775
-0.998349434043724
-0.9990520634136881
-0.9994412637727971
-0.9996562971885683
-0.9997756415749736
-0.9998418618845017
-0.9998786393437811
-0.9998989890589883
-0.9999100987536578
-0.9999158705618746
-0.9999183271597827
-0.9999183271594358
-0.9999158705616895
-0.9999100987542608
-0.9998989890591762
-0.9998786393445656
-0.9998418618838668
-0.9997756415751557
-0.9996562971882501
-0.9994412637739962
-0.9990520634136048
-0.9983494340445015
-0.9970667099345798
-0.9947528699417973
-0.99044965796934
-0.9827821781428739
-0.967851178652759
-0.9425782103834194
-0.8868834341597851
-0.8080130695009557
-0.5641719520344646
-0.3803367252797459
1.0887565584724186
0.7645705054009825
16.80316850408135
16.111619254672103
0.7126945900776045
0.976155022255289
-0.41122754730014066
-0.5922429873831079
-0.820400106421334
-0.8952210140902692
-0.946895302248368
-0.9704054794904826
-0.9841124687656957
-0.9911299376682232
-0.9950299102349601
-0.9971146582971233
-0.9982603620931522
-0.9988833476343892
-0.9992254813290584
-0.9994129611116032
-0.9995160969846703
-0.9995728204929057
-0.9996040379930189
-0.9996211567547062
-0.9996304224131163
-0.9996352005410114
-0.9996372235907809
-0.9996372235907598
-0.9996352005416722
-0.999630422414195
-0.999621156754939
-0.9996040379934028
-0.9995728204925717
-0.9995160969847483
-0.9994129611107603
-0.9992254813295571
-0.9988833476344601
-0.9982603620934811
-0.9971146582969173
-0.9950299102349901
-0.9911299376667891
-0.9841124687653855
-0.9704054794901389
-0.9468953022482064
-0.8952210140913425
-0.8204001064220949
-0.59224298738356
-0.4112275472984849
0.9761550222573578
0.7126945900786951
16.11161925467011
14.609314120797826
0.6043867097367147
0.7386375389373336
-0.4747483556772799
-0.6496360214829402
-0.845085158398226
-0.9114364142299176
-0.9548593071523552
-0.9747481320538649
-0.9859753479507414
-0.9916792284166759
-0.9947728866670563
-0.9964019538700928
-0.9972775600315951
-0.9977446310791024
-0.9979954055384057
-0.9981298167830961
-0.9982019970404173
-0.9982407308354427
-0.9982615033719828
-0.9982726005876987
-0.9982784549524216
-0.9982814062362879
-0.9982826356105738
-0.9982826356107435
-0.9982814062372387
-0.9982784549527558
-0.9982726005882661
-0.9982615033719217
-0.9982407308350122
-0.9982019970400529
-0.998129816781852
-0.9979954055392233
-0.9977446310792631
-0.9972775600317176
-0.9964019538704438
-0.994772886666482
-0.9916792284159782
-0.9859753479504857
-0.9747481320536124
-0.9548593071532012
-0.9114364142304202
-0.845085158398469
-0.6496360214848604
-0.4747483556766625
0.7386375389382646
0.604386709736561
14.609314120796977
11.278588580931176
0.37633135969867215
0.23308985506907892
-0.6053192683756834
-0.7657636498148337
-0.8925141059203889
-0.9407357116034281
-0.9671088870464978
-0.9794608787290021
-0.985635494552104
-0.98866737943518
-0.9901447002338255
-0.9908664619496398
-0.9912106941674796
-0.9913738291360518
-0.9914484848747511
-0.9914816301073164
-0.991495378827024
-0.9915005090339776
-0.9915019750953786
-0.9915020527767129
-0.9915017218901018
-0.9915013861937524
-0.9915011950334663
-0.9915011950334681
-0.9915013861940172
-0.9915017218904453
-0.9915020527768967
-0.9915019750948451
-0.991500509033565
-0.9914953788269549
-0.9914816301067089
-0.9914484848756182
-0.9913738291349281
-0.9912106941679444
-0.990866461950247
-0.9901447002331538
-0.9886673794354355
-0.9856354945521799
-0.9794608787295347
-0.9671088870463447
-0.9407357116037998
-0.8925141059213213
-0.7657636498156635
-0.6053192683750206
0.23308985506953306
0.3763313597016086
11.278588580927988
3.654011860771301
-0.11276320090209488
-0.853800846557825
-0.8703599077867452
-0.9913661392790911
-0.9719479295932767
-0.9797451369892529
-0.9703922687057571
-0.9667177117950592
-0.9624866548502573
-0.9600296640284534
-0.9582545201681536
-0.9571690273526294
-0.9564721603431872
-0.9560474581270695
-0.9557865358194271
-0.95562933888021
-0.9555347921706566
-0.9554784703645481
-0.955445091144492
-0.9554255241750731
-0.9554142903256558
-0.9554082142735965
-0.9554055579810032
-0.9554055579813121
-0.9554082142736472
-0.9554142903256306
-0.9554255241755384
-0.9554450911440362
-0.9554784703648497
-0.9555347921710241
-0.9556293388798389
-0.9557865358201049
-0.9560474581263874
-0.9564721603433086
-0.9571690273524678
-0.9582545201684771
-0.9600296640285648
-0.9624866548500381
-0.9667177117949903
-0.9703922687056317
-0.9797451369890391
-0.9719479295932039
-0.9913661392785114
-0.8703599077845725
-0.8538008465579386
-0.11276320090015982
3.65401186076682
-14.824274005118564
-1.2158064845696033
-3.2012003643429834
-1.364463969601615
-1.3540570640203677
-1.0146694144002295
-0.9263603527622585
-0.8400807619283802
-0.8012726617716708
-0.7752602107894251
-0.7614044640309092
-0.7530669281522141
-0.7483939860213984
-0.7456762413935477
-0.7441308439189687
-0.7432423774750483
-0.742735375691114
-0.7424452043921859
-0.7422796429830398
-0.742185262785851
-0.7421317872995863
-0.7421019705696981
-0.7420862115104938
-0.7420794259505084
-0.7420794259499963
-0.7420862115097976
-0.7421019705694539
-0.7421317872989808
-0.742185262785925
-0.7422796429829421
-0.7424452043925653
-0.742735375692173
-0.7432423774753635
-0.7441308439178609
-0.7456762413944085
-0.7483939860221991
-0.7530669281526843
-0.7614044640317421
-0.7752602107899175
-0.8012726617710973
-0.8400807619279798
-0.9263603527625068
-1.0146694144009298
-1.3540570640204583
-1.3644639695998544
-3.201200364342789
-1.215806484566132
-14.824274005119637
-65.2599956184287
-4.032536748130665
-8.014648447237551
-1.699352064224703
-1.1621043933959763
-0.0708292620544407
0.2669680901193574
0.5279008867901663
0.6470553023939914
0.7199797829144616
0.7579290077750193
0.7796405221666189
0.7914564933361199
0.7980916030375954
0.8017627315752893
0.8038162232696027
0.8049604669422794
0.8056007218440748
0.8059586539856689
0.8061588763129564
0.8062704086586006
0.8063316738305911
0.8063636667554291
0.806377331876814
0.8063773318738996
0.8063636667526751
0.8063316738276669
0.8062704086576282
0.8061588763103877
0.8059586539865493
0.8056007218434804
0.8049604669451924
0.8038162232676244
0.8017627315761837
0.7980916030391147
0.7914564933365901
0.7796405221697259
0.7579290077778557
0.7199797829146416
0.6470553023919656
0.5279008867859111
0.2669680901182553
-0.07082926205754353
-1.1621043934020285
-1.6993520642245845
-8.014648447234139
-4.032536748129652
-65.25999561843022
-260.4988020721762
-10.060195136744007
-9.951958312967157
11.448111758894708
14.702637701660715
18.169220114039405
19.33881077768497
20.10854602853788
20.457916567066412
20.657710079341065
20.759186518924118
20.8150404135501
20.844703484990195
20.860922638113884
20.869709696176265
20.87452598940837
20.877163019896393
20.87861464908378
20.879414396398918
20.879855806641796
20.880098760686987
20.880230823796442
20.880299207985573
20.880328252511543
20.880328252507457
20.88029920797562
20.88023082378448
20.880098760667465
20.87985580662801
20.879414396411374
20.87861464908791
20.87716301991353
20.874525989388893
20.86970969616147
20.86092263811993
20.84470348498778
20.815040413583368
20.759186518937096
20.657710079348128
20.45791656706001
20.108546028533596
19.33881077766803
18.16922011404509
14.70263770162993
11.448111758896337
-9.951958312957544
-10.06019513674202
-260.49880207216063