-216.1505944829137
-7.059682029591323
-6.726305646700514
11.140070044761739
13.892999728951974
16.78889787549069
17.770158606533222
18.412976631605808
18.705044328545206
18.87168476009558
18.95629880014515
19.002801059560923
19.027477937906596
19.04095370911606
19.04824687281014
19.052239034716457
19.054421328018037
19.05561917688223
19.056274638317227
19.056629286788358
19.056812195182705
19.056889683863936
19.056889683867677
19.056812195177905
19.056629286797254
19.056274638339893
19.05561917684928
19.054421328029278
19.052239034723335
19.04824687280031
19.040953709136566
19.027477937881372
19.002801059598298
18.95629880013727
18.87168476008211
18.705044328572107
18.412976631561033
17.770158606553043
16.788897875456033
13.892999728973267
11.140070044771672
-6.726305646726884
-7.059682029541467
-216.15059448294127
-53.27346546165021
-3.274491268086732
-6.560676307699946
-1.395510887840836
-0.9559871973288663
-0.06292353309597569
0.2140830365938462
0.42776963573810733
0.5254469088135418
0.5851686433337819
0.6162514011645643
0.6340203601668702
0.6436871440060123
0.6491111179262907
0.6521100840783345
0.6537859151801991
0.6547184385097646
0.6552387797554308
0.6555276511226451
0.655685937945248
0.6557684010763819
0.6558035729995686
0.6558035729987993
0.6557684010758585
0.655685937947192
0.6555276511248649
0.6552387797537081
0.6547184385097093
0.6537859151811269
0.6521100840775679
0.6491111179280091
0.6436871440035813
0.6340203601700825
0.61625140116362
0.5851686433313474
0.5254469088191885
0.42776963573409166
0.2140830365928706
-0.06292353309504004
-0.9559871973284442
-1.3955108878424682
-6.560676307700483
-3.274491268084489
-53.27346546164894
-11.094161275443573
-1.004345917557266
-2.642654925607989
-1.2297442568499029
-1.2368842772326083
-0.9743052417946486
-0.9073467601867731
-0.8402002360219625
-0.8100284805540807
-0.7896596884652212
-0.7787916807505602
-0.7722327725035266
-0.7685511208093911
-0.7664068014562133
-0.7651863658075078
-0.764484352259301
-0.7640838276634128
-0.7638550250173961
-0.7637253430137279
-0.7636529736378468
-0.7636147174146022
-0.7635982403800736
-0.7635982403803687
-0.7636147174146601
-0.7636529736376374
-0.763725343013179
-0.7638550250169545
-0.7640838276640033
-0.7644843522596527
-0.765186365806942
-0.7664068014561662
-0.7685511208097366
-0.7722327725031386
-0.778791680750681
-0.7896596884654454
-0.8100284805533277
-0.8402002360220522
-0.9073467601879844
-0.9743052417944141
-1.2368842772327833
-1.2297442568505703
-2.642654925607226
-1.0043459175569467
-11.094161275442271
4.362158708504646
-0.0951325023196386
-0.6965429768402975
-0.8331975173226837
-0.9511194213772611
-0.9558654907729822
-0.9693651713117535
-0.9664581381007675
-0.9656452651667102
-0.963454433373859
-0.9620993369921892
-0.9610125025226204
-0.9603212049780574
-0.9598601994497291
-0.9595727229792221
-0.9593926819960245
-0.9592827677003775
-0.9592160718593903
-0.9591763112094248
-0.9591531522710488
-0.9591404996615917
-0.95913493145794
-0.9591349314584419
-0.9591404996614322
-0.9591531522709401
-0.959176311208971
-0.9592160718591793
-0.9592827677009971
-0.9593926819958927
-0.959572722978964
-0.9598601994501046
-0.9603212049780652
-0.9610125025225044
-0.9620993369920584
-0.9634544333735104
-0.965645265167135
-0.9664581381004594
-0.9693651713123912
-0.9558654907734623
-0.9511194213767878
-0.8331975173233603
-0.6965429768400957
-0.09513250231945389
4.362158708503842
10.739153151808033
0.3106225976295868
0.2082897099428428
-0.6150658482637981
-0.7660333363601954
-0.8927191710898255
-0.9399417344671024
-0.9667941852778265
-0.9793271196789064
-0.9857921657470059
-0.9890007794452569
-0.990615848203838
-0.9914250020773214
-0.9918276718518966
-0.9920275071900939
-0.9921253940677769
-0.9921729098816221
-0.992195532322011
-0.9922060883985293
-0.9922108545519313
-0.9922128980314113
-0.9922136401738639
-0.9922136401750623
-0.9922128980308751
-0.9922108545519566
-0.9922060883984537
-0.992195532321539
-0.9921729098825799
-0.9921253940670052
-0.9920275071901135
-0.9918276718524004
-0.9914250020767742
-0.990615848203764
-0.9890007794448421
-0.9857921657471318
-0.9793271196789506
-0.9667941852774959
-0.9399417344679102
-0.8927191710899638
-0.7660333363595206
-0.6150658482643665
0.20828970994353294
0.31062259762960176
10.739153151808276
13.524544097127865
0.5002683246109877
0.6297492962589267
-0.5068568280379757
-0.6698688875217647
-0.8538440533583752
-0.9161659851285087
-0.9572086805409814
-0.9760079575462662
-0.9866701742227715
-0.9920963942653196
-0.9950516938193165
-0.9966125092222768
-0.9974549879657068
-0.9979061504847843
-0.9981495062769341
-0.9982805296915913
-0.9983511832001762
-0.9983891422784077
-0.9984092968395963
-0.998419517602851
-0.9984237944319267
-0.9984237944334184
-0.998419517601649
-0.9984092968396563
-0.9983891422784643
-0.9983511831992385
-0.9982805296931037
-0.9981495062760148
-0.9979061504850151
-0.9974549879662173
-0.9966125092213596
-0.9950516938191833
-0.9920963942647789
-0.9866701742232977
-0.9760079575459202
-0.9572086805406099
-0.9161659851297054
-0.8538440533588322
-0.6698688875208878
-0.5068568280385746
0.6297492962591129
0.5002683246105475
13.524544097127881
14.780754592677464
0.5904315629677301
0.8278798157628011
-0.4540733551617714
-0.6221818299191273
-0.8334335874968755
-0.9028058222104489
-0.950715823657615
-0.9725248806986779
-0.9852466176320112
-0.9917625654504141
-0.9953861500009267
-0.9973242396243581
-0.9983901123097616
-0.9989700849150533
-0.999288819694377
-0.9994635469529047
-0.9995596027891465
-0.999612197169735
-0.9996406467535324
-0.9996553092901239
-0.999661516302529
-0.9996615163039819
-0.9996553092887719
-0.9996406467533461
-0.9996121971699197
-0.9995596027884205
-0.9994635469542474
-0.9992888196930283
-0.9989700849156613
-0.9983901123101272
-0.9973242396237129
-0.995386150000527
-0.9917625654499049
-0.9852466176328623
-0.9725248806982011
-0.9507158236575637
-0.9028058222113089
-0.8334335874971969
-0.6221818299183786
-0.45407335516189484
0.8278798157624963
0.5904315629679613
14.78075459267679
15.358977334901542
0.633642003806532
0.9218380198040759
-0.42837155695247486
-0.5988226073288876
-0.8231557921414936
-0.8958988241826851
-0.9471558144776426
-0.9704302328798364
-0.9841688875145556
-0.991224222602795
-0.9951821323974009
-0.997309949309589
-0.9984891809711981
-0.9991349647645347
-0.9994925377345514
-0.9996899549768917
-0.999799307052647
-0.9998596205394826
-0.9998924771072903
-0.9999095137080158
-0.9999167566997823
-0.999916756701003
-0.999909513707204
-0.9998924771068491
-0.9998596205395869
-0.9997993070526654
-0.9996899549775751
-0.999492537733073
-0.9991349647657102
-0.9984891809711308
-0.9973099493092512
-0.995182132396792
-0.9912242226024315
-0.9841688875149741
-0.970430232879254
-0.9471558144784524
-0.8958988241827698
-0.823155792142167
-0.5988226073284518
-0.4283715569519757
0.9218380198033744
0.6336420038074476
15.358977334901697
15.62893830047146
0.6544575865115445
0.9667196832079015
-0.41584043986421027
-0.5874110019188215
-0.8180489965886525
-0.8924243811437423
-0.9453183318539053
-0.9693114896479489
-0.9835535922777454
-0.9908768941128898
-0.9950022256468976
-0.9972254995409255
-0.998462171962585
-0.9991414911137046
-0.9995189890317782
-0.999728118642496
-0.9998443794325222
-0.9999087285416337
-0.9999439027315911
-0.9999621939367536
-0.9999699862625322
-0.9999699862630652
-0.9999621939364285
-0.9999439027311054
-0.9999087285412027
-0.9998443794327723
-0.999728118643112
-0.9995189890309601
-0.9991414911149186
-0.9984621719619236
-0.9972254995407487
-0.9950022256463099
-0.9908768941126326
-0.9835535922782201
-0.9693114896474808
-0.9453183318549492
-0.8924243811436838
-0.8180489965897592
-0.5874110019185599
-0.4158404398632747
0.9667196832063993
0.654457586512554
15.628938300471274
15.756312588914987
0.6645258002046867
0.9882863538188646
-0.409719286542299
-0.5818340878554051
-0.8155228804211195
-0.8906943456918248
-0.9443905544020548
-0.9687376399049631
-0.9832292094772719
-0.99068583249502
-0.9948949699723728
-0.9971662355212361
-0.9984319533534953
-0.9991283121573262
-0.9995159909226651
-0.9997311361523273
-0.999850964859218
-0.9999174088837117
-0.9999537920961393
-0.9999727404485712
-0.9999808213226862
-0.9999808213232946
-0.9999727404487255
-0.9999537920958284
-0.999917408883635
-0.999850964859617
-0.9997311361524388
-0.9995159909219715
-0.9991283121577512
-0.9984319533530907
-0.9971662355213153
-0.9948949699719489
-0.9906858324950604
-0.9832292094776018
-0.968737639904456
-0.9443905544028897
-0.8906943456915654
-0.8155228804215757
-0.5818340878558271
-0.4097192865416706
0.9882863538176232
0.664525800205384
15.756312588914348
15.816902481435463
0.6694125552151198
0.9987005545113217
-0.4067235029071843
-0.5791048698049548
-0.8142749550542554
-0.8898362770415184
-0.9439262719411137
-0.9684480257745469
-0.9830632410264779
-0.9905862211021033
-0.9948372682651446
-0.9971326305691598
-0.9984130011625334
-0.9991179925306337
-0.999510853343029
-0.9997290741428588
-0.9998507354896911
-0.9999182602931471
-0.9999552698570581
-0.9999745598317895
-0.9999827910697663
-0.999982791070213
-0.9999745598319563
-0.9999552698570546
-0.9999182602933062
-0.9998507354895665
-0.9997290741427021
-0.9995108533429286
-0.9991179925303215
-0.9984130011629102
-0.9971326305693387
-0.9948372682651234
-0.990586221102101
-0.9830632410261329
-0.9684480257747583
-0.9439262719409458
-0.8898362770413761
-0.8142749550543943
-0.579104869804997
-0.40672350290657105
0.9987005545115553
0.6694125552158181
15.816902481435756
15.845911939327644
0.671791619788808
1.0037500457784634
-0.4052546369928689
-0.5777670218162424
-0.8136585143048467
-0.8894112749353092
-0.9436948255065567
-0.9683028989318658
-0.9829794051286582
-0.9905354121336667
-0.9948073961369894
-0.99711484081651
-0.9984025871314346
-0.9991119399761141
-0.9995074293201514
-0.9997272161424452
-0.9998498143278847
-0.9999178937047062
-0.9999552258110587
-0.9999746922258741
-0.999983001281638
-0.999983001281551
-0.9999746922258208
-0.9999552258110139
-0.9999178937049794
-0.999849814327608
-0.9997272161425319
-0.9995074293208386
-0.9991119399756208
-0.9984025871319757
-0.9971148408160088
-0.9948073961374647
-0.990535412133548
-0.9829794051278407
-0.9683028989327922
-0.9436948255055337
-0.8894112749355585
-0.8136585143047435
-0.5777670218163249
-0.4052546369930795
1.0037500457789952
0.6717916197877614
15.845911939327571
15.859875056950855
0.6729529530159526
1.006206877520903
-0.4045332024999263
-0.5771101032512713
-0.8133538746542711
-0.8892008266383958
-0.943579640222914
-0.9682304145254705
-0.9829373082133264
-0.9905097517155907
-0.9947921864294071
-0.9971056820517312
-0.9983971341504675
-0.9991086854357668
-0.999505504148178
-0.9997260855921279
-0.999849160740736
-0.999917523373388
-0.9999550207231164
-0.9999745777581621
-0.9999829268516025
-0.9999829268512412
-0.9999745777585092
-0.999955020723114
-0.999917523374026
-0.9998491607407503
-0.9997260855916112
-0.9995055041490295
-0.9991086854351681
-0.998397134150798
-0.9971056820511173
-0.9947921864305578
-0.9905097517159225
-0.982937308211945
-0.9682304145269163
-0.9435796402219179
-0.8892008266380651
-0.8133538746539887
-0.5771101032515001
-0.4045332025007705
1.0062068775215927
0.6729529530141218
15.859875056950738
15.866625649946947
0.6735212073294679
1.0074058082890127
-0.40417830576532504
-0.5767870146609675
-0.8132032237193991
-0.8890965928881176
-0.9435223523846065
-0.9681942676705682
-0.9829162317699938
-0.990496854949162
-0.9947845031384668
-0.9971010262700681
-0.9983943375382559
-0.9991069948883233
-0.9995044843192511
-0.9997254678195917
-0.9998487849883084
-0.9999172917472975
-0.9999548733928302
-0.9999744767555451
-0.9999828463481122
-0.9999828463466549
-0.9999744767563006
-0.9999548733930875
-0.9999172917475914
-0.9998487849885584
-0.9997254678183953
-0.9995044843203564
-0.9991069948877791
-0.9983943375384697
-0.997101026270115
-0.9947845031395799
-0.990496854949412
-0.9829162317688752
-0.9681942676716833
-0.9435223523839795
-0.8890965928876289
-0.8132032237187727
-0.5767870146610192
-0.4041783057656421
1.0074058082900004
0.6735212073288971
15.86662564994785
15.869901478953963
0.6737998526803779
1.0079923931550607
-0.4040034636923594
-0.5766278704795671
-0.8131286667286429
-0.8890449410863626
-0.9434938641173867
-0.9681762541373993
-0.9829056953193058
-0.9904903894029083
-0.9947806375013075
-0.9970986743842147
-0.9983929173669404
-0.9991061303867317
-0.9995039575891251
-0.9997251440598365
-0.9998485837056278
-0.9999171635737338
-0.9999547880731621
-0.9999744150304963
-0.9999827950760133
-0.9999827950744818
-0.9999744150316776
-0.999954788073254
-0.999917163574022
-0.9998485837061748
-0.9997251440584937
-0.9995039575905822
-0.9991061303859698
-0.9983929173665212
-0.9970986743846038
-0.9947806375017345
-0.9904903894037587
-0.9829056953186327
-0.9681762541375534
-0.9434938641176626
-0.8890449410853751
-0.8131286667277379
-0.5766278704800321
-0.40400346369237006
1.007992393155308
0.6737998526800145
15.86990147895358
15.871496191752971
0.6739367458606085
1.0082800269320407
-0.4039172106479383
-0.5765493715431561
-0.8130917397504988
-0.8890193304675191
-0.9434796958193044
-0.9681672794439489
-0.9829004320703729
-0.9904871524767782
-0.9947786969073421
-0.9970974903159686
-0.9983921998530265
-0.9991056917261463
-0.9995036887846023
-0.9997249775402913
-0.9998484790359503
-0.9999170958985932
-0.9999547421230708
-0.9999743810609083
-0.999982766419558
-0.9999827664181463
-0.9999743810621116
-0.9999547421232485
-0.9999170958984895
-0.9998484790363996
-0.9997249775389192
-0.9995036887858535
-0.9991056917255513
-0.9983921998523815
-0.9970974903166703
-0.9947786969078891
-0.9904871524776315
-0.9829004320698627
-0.9681672794441678
-0.9434796958197504
-0.8890193304663208
-0.8130917397498763
-0.5765493715436119
-0.4039172106478369
1.0082800269317582
0.6739367458601789
15.871496191752644
15.872274601474187
0.6740041079538682
1.0084213368063568
-0.4038746108306583
-0.57651060490392
-0.8130734375917035
-0.8890066248075228
-0.9434726481539444
-0.9681628084402875
-0.9828978041399078
-0.9904855333029284
-0.994777724027557
-0.9970968953878692
-0.998391838404177
-0.9991054700910119
-0.999503552466074
-0.999724892692551
-0.9998484253682083
-0.9999170609132086
-0.9999547181265974
-0.999974363132941
-0.9999827511842665
-0.9999827511835075
-0.9999743631336648
-0.9999547181264297
-0.9999170609132164
-0.999848425368946
-0.9997248926914746
-0.9995035524667699
-0.9991054700908587
-0.9983918384037929
-0.9970968953884002
-0.9947777240277301
-0.9904855333030156
-0.9828978041394443
-0.9681628084403746
-0.9434726481545502
-0.8890066248069458
-0.813073437591651
-0.5765106049044482
-0.4038746108304575
1.0084213368067596
0.6740041079530514
15.872274601475736
15.872655314162053
0.6740372915744726
1.0084908515475695
-0.4038535563610507
-0.5764914460579906
-0.813064363702233
-0.8890003201863677
-0.9434691429007436
-0.9681605817917806
-0.9828964928210545
-0.9904847240760823
-0.994777236893136
-0.9970965969593897
-0.9983916567202218
-0.9991053584349175
-0.9995034836082219
-0.9997248496960177
-0.9998483980631203
-0.9999170430239479
-0.9999547057838772
-0.999974353856357
-0.9999827432690382
-0.9999827432694339
-0.9999743538564223
-0.9999547057836197
-0.9999170430242472
-0.9998483980631794
-0.9997248496957221
-0.9995034836083803
-0.9991053584347505
-0.9983916567200657
-0.9970965969595277
-0.9947772368930774
-0.9904847240761199
-0.9828964928209193
-0.9681605817919066
-0.9434691429010316
-0.8890003201855885
-0.8130643637024858
-0.57649144605845
-0.4038535563607357
1.0084908515476996
0.6740372915737274
15.87265531416146
15.872841554081191
0.6740536285471276
1.0085250340360066
-0.40384316038287976
-0.5764819863908855
-0.8130598709057926
-0.8889971961827525
-0.943467402444806
-0.9681594749205822
-0.9828958398481797
-0.990484320573279
-0.9947769936035865
-0.9970964476878775
-0.9983915656886593
-0.9991053023897791
-0.9995034489743795
-0.999724828018943
-0.9998483842580279
-0.9999170339485572
-0.9999546994975383
-0.9999743491141333
-0.9999827392125137
-0.9999827392131994
-0.9999743491137407
-0.9999546994977087
-0.9999170339484635
-0.999848384257664
-0.9997248280190334
-0.999503448974097
-0.9991053023899888
-0.9983915656888344
-0.9970964476881838
-0.9947769936033577
-0.9904843205733204
-0.9828958398490184
-0.9681594749200133
-0.9434674024448371
-0.8889971961825056
-0.8130598709061022
-0.5764819863906523
-0.4038431603821697
1.0085250340359537
0.6740536285474759
15.872841554080775
15.872932080714387
0.6740616139812396
1.0085417252196136
-0.4038380658190172
-0.5764773507330351
-0.813057663881517
-0.8889956605401486
-0.9434665453798297
-0.9681589293117232
-0.9828955175045686
-0.9904841211499147
-0.9947768731980046
-0.9970963737173397
-0.9983915205145635
-0.9991052745367786
-0.9995034317339555
-0.999724817208576
-0.9998483773581104
-0.999917029401319
-0.9999546963396375
-0.9999743467253034
-0.999982737165662
-0.9999827371668507
-0.9999743467248481
-0.9999546963392549
-0.9999170294014184
-0.9998483773582791
-0.9997248172086277
-0.9995034317336655
-0.9991052745373712
-0.9983915205147069
-0.9970963737176524
-0.9947768731966479
-0.9904841211503997
-0.982895517505329
-0.9681589293100147
-0.9434665453816209
-0.8889956605393874
-0.8130576638819785
-0.5764773507332449
-0.4038380658178974
1.0085417252195943
0.6740616139831637
15.872932080714982
15.872974617724143
0.6740653834730194
1.008549597754313
-0.4038356558662394
-0.5764751578659912
-0.8130566177915559
-0.8889949322742701
-0.9434661383346784
-0.9681586699743038
-0.9828953641053613
-0.9904840261580228
-0.9947768157810046
-0.997096338406914
-0.9983914989266574
-0.9991052612108879
-0.9995034234744891
-0.9997248120222983
-0.9998483740422834
-0.9999170272128979
-0.9999546948166047
-0.9999743455708714
-0.9999827361760396
-0.9999827361758997
-0.9999743455705162
-0.999954694816132
-0.9999170272120546
-0.9998483740432393
-0.9997248120223334
-0.9995034234742826
-0.9991052612114689
-0.9983914989258
-0.9970963384073783
-0.9947768157790906
-0.9904840261584582
-0.9828953641067065
-0.9681586699728204
-0.9434661383371543
-0.8889949322732194
-0.8130566177928864
-0.576475157865483
-0.40383565586548564
1.0085495977516783
0.6740653834750368
15.872974617721848
15.872991479082465
0.6740668824002172
1.0085527265031249
-0.40383469616198403
-0.5764742846064186
-0.8130562006444875
-0.8889946417560219
-0.9434659757961495
-0.9681585663602588
-0.9828953027673659
-0.990483988149778
-0.9947767927899078
-0.9970963242579653
-0.9983914902693887
-0.9991052558623257
-0.9995034201569806
-0.9997248099373701
-0.9998483727081009
-0.9999170263313835
-0.9999546942019815
-0.9999743451046801
-0.9999827357755402
-0.9999827357754068
-0.9999743451045013
-0.9999546942011848
-0.9999170263300766
-0.9998483727093829
-0.999724809937061
-0.9995034201571165
-0.9991052558636047
-0.9983914902680144
-0.9970963242587669
-0.9947767927881545
-0.99048398815031
-0.9828953027683711
-0.968158566358195
-0.9434659757990304
-0.8889946417550105
-0.8130562006461768
-0.5764742846058207
-0.4038346961609145
1.0085527265009873
0.674066882403253
15.872991479081007
15.87299147908074
0.6740668824002826
1.0085527265024568
-0.40383469616176415
-0.5764742846062242
-0.8130562006442184
-0.8889946417559678
-0.943465975796223
-0.9681585663607845
-0.9828953027676343
-0.9904839881497083
-0.9947767927899207
-0.9970963242579208
-0.9983914902689836
-0.9991052558619938
-0.9995034201571968
-0.9997248099376135
-0.9998483727084297
-0.9999170263312855
-0.9999546942018774
-0.9999743451043265
-0.9999827357751676
-0.9999827357757085
-0.9999743451041231
-0.9999546942012465
-0.9999170263304391
-0.9998483727091763
-0.9997248099373242
-0.9995034201570516
-0.9991052558630535
-0.998391490268203
-0.9970963242589104
-0.9947767927883542
-0.9904839881504753
-0.9828953027680232
-0.968158566358643
-0.943465975798957
-0.8889946417550372
-0.8130562006455915
-0.5764742846053793
-0.4038346961604104
1.0085527265015475
0.6740668824028773
15.872991479081325
15.87297461772429
0.6740653834748278
1.008549597753901
-0.403835655865483
-0.5764751578659055
-0.8130566177911085
-0.8889949322741698
-0.9434661383348961
-0.9681586699748154
-0.9828953641058066
-0.9904840261581636
-0.9947768157809433
-0.9970963384067288
-0.9983914989263643
-0.9991052612107136
-0.9995034234744602
-0.9997248120222152
-0.9998483740428419
-0.9999170272131421
-0.9999546948162712
-0.9999743455707921
-0.9999827361753815
-0.9999827361756655
-0.9999743455701875
-0.9999546948158624
-0.9999170272124568
-0.9998483740430273
-0.9997248120223835
-0.9995034234741739
-0.9991052612107153
-0.9983914989259135
-0.9970963384076235
-0.9947768157799468
-0.9904840261584832
-0.9828953641071414
-0.968158669973548
-0.9434661383362664
-0.8889949322734457
-0.8130566177916875
-0.5764751578653917
-0.4038356558653681
1.0085495977520114
0.6740653834745123
15.872974617723543
15.87293208071264
0.6740616139822422
1.0085417252196924
-0.40383806581792253
-0.5764773507327368
-0.8130576638811939
-0.88899566054002
-0.9434665453798561
-0.9681589293117708
-0.9828955175048524
-0.9904841211505178
-0.994776873198235
-0.9970963737171855
-0.9983915205148106
-0.9991052745369099
-0.9995034317337325
-0.9997248172084795
-0.9998483773582446
-0.999917029401544
-0.9999546963396063
-0.9999743467249314
-0.9999827371652958
-0.9999827371662903
-0.999974346724666
-0.9999546963391135
-0.9999170294015542
-0.9998483773582159
-0.9997248172087186
-0.9995034317337861
-0.9991052745371933
-0.9983915205150251
-0.9970963737175004
-0.9947768731974931
-0.9904841211505879
-0.982895517505177
-0.968158929310748
-0.943466545380765
-0.8889956605394704
-0.8130576638818896
-0.5764773507335047
-0.4038380658182236
1.0085417252193976
0.674061613981914
15.872932080713884
15.872841554077015
0.674053628546884
1.0085250340360683
-0.403843160382541
-0.5764819863903236
-0.813059870905499
-0.8889971961828895
-0.9434674024449848
-0.9681594749203508
-0.9828958398483767
-0.9904843205736241
-0.994776993603674
-0.99709644768764
-0.9983915656889303
-0.9991053023898935
-0.9995034489742741
-0.9997248280196038
-0.9998483842581176
-0.9999170339484167
-0.9999546994973766
-0.9999743491133002
-0.999982739212627
-0.9999827392127132
-0.999974349113625
-0.9999546994974754
-0.99991703394869
-0.9998483842581747
-0.9997248280189657
-0.9995034489740613
-0.9991053023902495
-0.9983915656887168
-0.9970964476879304
-0.9947769936038295
-0.9904843205736256
-0.9828958398484202
-0.9681594749204219
-0.9434674024452083
-0.8889971961826235
-0.813059870905975
-0.5764819863906799
-0.4038431603819558
1.008525034036753
0.6740536285473784
15.872841554077255
15.872655314160358
0.6740372915733819
1.0084908515483675
-0.4038535563610729
-0.576491446057505
-0.8130643637023665
-0.8890003201867889
-0.943469142901311
-0.9681605817916629
-0.9828964928215447
-0.9904847240761661
-0.9947772368930275
-0.997096596958917
-0.9983916567202129
-0.9991053584351692
-0.999503483607818
-0.9997248496966271
-0.9998483980629725
-0.9999170430235894
-0.999954705783656
-0.9999743538559482
-0.9999827432693347
-0.9999827432686571
-0.9999743538565986
-0.9999547057837228
-0.9999170430241181
-0.9998483980635939
-0.9997248496953617
-0.9995034836084937
-0.9991053584352059
-0.998391656719771
-0.9970965969594787
-0.9947772368934452
-0.9904847240764654
-0.9828964928212913
-0.9681605817916599
-0.943469142901742
-0.8890003201858772
-0.8130643637016264
-0.576491446058542
-0.4038535563603957
1.0084908515482558
0.6740372915745115
15.872655314158019
15.872274601471123
0.6740041079540111
1.0084213368066643
-0.4038746108308021
-0.5765106049035573
-0.8130734375915667
-0.8890066248078812
-0.9434726481544576
-0.9681628084406619
-0.9828978041404521
-0.9904855333029697
-0.9947777240276436
-0.9970968953876109
-0.9983918384040495
-0.9991054700915339
-0.9995035524654643
-0.9997248926926353
-0.9998484253680747
-0.9999170609131565
-0.9999547181269286
-0.9999743631323927
-0.9999827511844523
-0.9999827511832575
-0.9999743631333246
-0.999954718126864
-0.9999170609130403
-0.999848425368963
-0.9997248926913893
-0.999503552466976
-0.999105470091123
-0.9983918384035559
-0.9970968953882445
-0.9947777240278333
-0.990485533303596
-0.9828978041398391
-0.9681628084406122
-0.9434726481551317
-0.889006624806813
-0.8130734375912989
-0.5765106049043822
-0.40387461083040527
1.0084213368067858
0.6740041079542286
15.872274601472155
15.871496191750435
0.6739367458621472
1.0082800269319834
-0.4039172106478892
-0.5765493715432014
-0.8130917397498343
-0.8890193304677683
-0.9434796958193297
-0.9681672794437481
-0.9829004320705957
-0.9904871524767596
-0.9947786969072987
-0.9970974903158889
-0.9983921998529479
-0.999105691726321
-0.9995036887844515
-0.9997249775407416
-0.9998484790362756
-0.9999170958986372
-0.9999547421228779
-0.9999743810606636
-0.9999827664197166
-0.9999827664180028
-0.9999743810619899
-0.9999547421234196
-0.9999170958986374
-0.9998484790369144
-0.9997249775389137
-0.9995036887858093
-0.9991056917257115
-0.9983921998524284
-0.997097490316525
-0.9947786969079443
-0.9904871524776775
-0.9829004320701515
-0.9681672794441563
-0.9434796958196938
-0.8890193304664076
-0.8130917397490742
-0.5765493715438131
-0.40391721064860514
1.0082800269326588
0.6739367458616052
15.871496191752426
15.869901478956564
0.6737998526823463
1.0079923931549706
-0.40400346369187956
-0.5766278704800125
-0.8131286667280864
-0.8890449410864214
-0.9434938641170458
-0.9681762541372374
-0.9829056953190877
-0.9904903894029011
-0.9947806375014763
-0.997098674384665
-0.9983929173672417
-0.9991061303868927
-0.9995039575890616
-0.999725144060165
-0.9998485837056093
-0.9999171635733052
-0.9999547880731919
-0.99997441503068
-0.9999827950760999
-0.9999827950748341
-0.9999744150316232
-0.9999547880733254
-0.9999171635739199
-0.9998485837063202
-0.9997251440589202
-0.9995039575904598
-0.9991061303862405
-0.9983929173669439
-0.9970986743843239
-0.994780637501971
-0.990490389403754
-0.9829056953178675
-0.9681762541377468
-0.9434938641172892
-0.8890449410854049
-0.8131286667273829
-0.5766278704808295
-0.4040034636930613
1.0079923931549677
0.6737998526807314
15.869901478955693
15.866625649949103
0.673521207330323
1.0074058082881705
-0.40417830576510094
-0.5767870146618916
-0.813203223718589
-0.889096592887918
-0.9435223523841902
-0.9681942676705431
-0.9829162317699514
-0.9904968549494138
-0.9947845031390089
-0.9971010262705335
-0.998394337538503
-0.9991069948886584
-0.9995044843194212
-0.9997254678193082
-0.9998487849883848
-0.9999172917474268
-0.9999548733932133
-0.9999744767562495
-0.9999828463479415
-0.9999828463473228
-0.9999744767565935
-0.9999548733932708
-0.9999172917472492
-0.9998487849883799
-0.9997254678188948
-0.9995044843203796
-0.9991069948883013
-0.9983943375386508
-0.9971010262699864
-0.9947845031398045
-0.9904968549489817
-0.9829162317683005
-0.9681942676716728
-0.9435223523832879
-0.8890965928877372
-0.8132032237188991
-0.5767870146614431
-0.40417830576514946
1.0074058082897985
0.6735212073301539
15.8666256499511
15.859875056952408
0.6729529530156352
1.0062068775197093
-0.4045332025000514
-0.5771101032518681
-0.813353874653761
-0.8892008266388693
-0.943579640222515
-0.9682304145254139
-0.9829373082134762
-0.9905097517151775
-0.994792186429386
-0.9971056820515058
-0.998397134150166
-0.9991086854356122
-0.9995055041480261
-0.9997260855922083
-0.9998491607410487
-0.9999175233730138
-0.9999550207234258
-0.9999745777582885
-0.9999829268513227
-0.9999829268516558
-0.9999745777587755
-0.9999550207234794
-0.9999175233736628
-0.999849160740946
-0.9997260855916423
-0.9995055041482324
-0.999108685434948
-0.9983971341506348
-0.9971056820513567
-0.9947921864300713
-0.9905097517151837
-0.9829373082124044
-0.9682304145260088
-0.9435796402221625
-0.8892008266385987
-0.8133538746531435
-0.57711010325186
-0.40453320249997193
1.0062068775215436
0.6729529530135718
15.85987505695362
15.845911939329412
0.6717916197887936
1.0037500457783994
-0.40525463699253517
-0.5777670218166454
-0.813658514304468
-0.8894112749358147
-0.9436948255063131
-0.9683028989317342
-0.9829794051283646
-0.9905354121330705
-0.9948073961369202
-0.997114840816336
-0.998402587131215
-0.9991119399759478
-0.9995074293197741
-0.9997272161426269
-0.9998498143275617
-0.999917893704174
-0.9999552258116562
-0.9999746922257611
-0.9999830012815107
-0.99998300128183
-0.9999746922257242
-0.9999552258112508
-0.9999178937043767
-0.9998498143281576
-0.9997272161426488
-0.9995074293197652
-0.999111939975527
-0.9984025871312708
-0.9971148408159975
-0.9948073961366801
-0.9905354121332083
-0.9829794051282508
-0.968302898932065
-0.9436948255063176
-0.889411274935568
-0.8136585143046553
-0.577767021817265
-0.40525463699315534
1.0037500457767465
0.6717916197869308
15.845911939328836
15.816902481440334
0.6694125552135173
0.9987005545104664
-0.4067235029071871
-0.5791048698058275
-0.8142749550537576
-0.8898362770414794
-0.9439262719407167
-0.9684480257740387
-0.9830632410262528
-0.9905862211019101
-0.9948372682651886
-0.9971326305691033
-0.9984130011629868
-0.9991179925306382
-0.9995108533427249
-0.9997290741423739
-0.9998507354896111
-0.9999182602929637
-0.9999552698576566
-0.9999745598321508
-0.9999827910701723
-0.9999827910703364
-0.9999745598321805
-0.9999552698572631
-0.9999182602922976
-0.99985073548967
-0.999729074142661
-0.9995108533422261
-0.9991179925313569
-0.9984130011627989
-0.997132630569435
-0.994837268264622
-0.9905862211017279
-0.9830632410266089
-0.9684480257734049
-0.94392627194123
-0.8898362770420916
-0.8142749550542527
-0.5791048698059473
-0.40672350290612486
0.9987005545101296
0.66941255521454
15.816902481441174
15.756312588916071
0.6645258002031229
0.9882863538170348
-0.4097192865425675
-0.5818340878560099
-0.8155228804210541
-0.8906943456923282
-0.9443905544020335
-0.9687376399048007
-0.9832292094772186
-0.9906858324946012
-0.9948949699721588
-0.9971662355212155
-0.9984319533537057
-0.9991283121571066
-0.9995159909227659
-0.9997311361524382
-0.9998509648593716
-0.9999174088831952
-0.9999537920962434
-0.9999727404484966
-0.9999808213228794
-0.9999808213240065
-0.9999727404487695
-0.9999537920959743
-0.9999174088832878
-0.9998509648596257
-0.9997311361524176
-0.9995159909215136
-0.9991283121584311
-0.9984319533531892
-0.9971662355211746
-0.9948949699720886
-0.9906858324948369
-0.9832292094772036
-0.9687376399040527
-0.9443905544031123
-0.8906943456913685
-0.8155228804212946
-0.581834087855869
-0.4097192865406437
0.9882863538168767
0.6645258002056964
15.756312588915117
15.62893830047598
0.6544575865112849
0.9667196832074614
-0.41584043986345887
-0.587411001919437
-0.8180489965880635
-0.8924243811438067
-0.9453183318534504
-0.9693114896476531
-0.9835535922774945
-0.9908768941127275
-0.9950022256468836
-0.9972254995410215
-0.9984621719625302
-0.9991414911136662
-0.9995189890319321
-0.9997281186425152
-0.9998443794328897
-0.9999087285417891
-0.99994390273186
-0.9999621939373806
-0.9999699862628739
-0.9999699862636069
-0.999962193936166
-0.999943902731241
-0.9999087285409802
-0.9998443794331104
-0.999728118643564
-0.9995189890307523
-0.9991414911147699
-0.9984621719623326
-0.9972254995411012
-0.9950022256463442
-0.9908768941122659
-0.98355359227847
-0.9693114896474948
-0.9453183318542141
-0.8924243811439236
-0.818048996589032
-0.5874110019186503
-0.4158404398636839
0.966719683205058
0.6544575865119799
15.62893830047338
15.358977334902868
0.6336420038079889
0.9218380198039152
-0.42837155695196905
-0.5988226073296685
-0.8231557921410142
-0.8958988241827313
-0.9471558144771902
-0.9704302328802856
-0.9841688875151691
-0.9912242226029175
-0.995182132397613
-0.9973099493099504
-0.9984891809710478
-0.9991349647652401
-0.9994925377346253
-0.9996899549767511
-0.9997993070528229
-0.9998596205396395
-0.9998924771076418
-0.999909513708128
-0.9999167566996101
-0.9999167567013636
-0.9999095137069592
-0.9998924771070812
-0.9998596205400692
-0.9997993070524827
-0.9996899549778004
-0.9994925377336412
-0.9991349647658059
-0.9984891809714795
-0.997309949308893
-0.9951821323970647
-0.9912242226024932
-0.9841688875154639
-0.9704302328791132
-0.9471558144777305
-0.8958988241836549
-0.823155792141768
-0.5988226073290469
-0.42837155695246826
0.9218380198037195
0.6336420038075619
15.35897733490427
14.780754592674066
0.5904315629679463
0.8278798157622902
-0.45407335516166536
-0.6221818299193118
-0.8334335874963787
-0.9028058222109425
-0.9507158236580162
-0.9725248806988049
-0.9852466176322064
-0.9917625654503521
-0.9953861500008755
-0.9973242396242625
-0.9983901123096759
-0.9989700849153271
-0.9992888196941534
-0.9994635469535273
-0.9995596027893008
-0.9996121971696195
-0.9996406467537766
-0.9996553092895457
-0.9996615163021888
-0.9996615163037641
-0.9996553092887928
-0.9996406467538961
-0.9996121971700167
-0.9995596027884657
-0.9994635469541169
-0.9992888196932976
-0.9989700849156398
-0.9983901123100762
-0.9973242396235231
-0.9953861500011154
-0.9917625654501174
-0.9852466176328338
-0.9725248806985813
-0.9507158236574922
-0.9028058222114702
-0.8334335874968618
-0.6221818299181991
-0.4540733551618154
0.8278798157639133
0.5904315629680823
14.780754592673508
13.524544097124119
0.5002683246115449
0.6297492962597782
-0.5068568280376725
-0.6698688875212848
-0.8538440533578182
-0.9161659851287829
-0.9572086805416131
-0.9760079575460394
-0.9866701742229144
-0.9920963942656198
-0.9950516938194726
-0.9966125092220182
-0.9974549879653838
-0.9979061504844806
-0.9981495062764814
-0.9982805296920398
-0.9983511831999555
-0.9983891422783252
-0.9984092968395947
-0.9984195176024689
-0.9984237944317484
-0.9984237944327103
-0.9984195176016735
-0.9984092968392311
-0.9983891422779897
-0.9983511831997567
-0.9982805296929937
-0.9981495062759356
-0.9979061504849142
-0.9974549879661074
-0.996612509221799
-0.9950516938191709
-0.9920963942649648
-0.9866701742232286
-0.9760079575460403
-0.9572086805410034
-0.9161659851298227
-0.8538440533579639
-0.6698688875209292
-0.5068568280383333
0.6297492962601722
0.5002683246103837
13.524544097122462
10.739153151800464
0.3106225976306275
0.2082897099437876
-0.6150658482641893
-0.7660333363598335
-0.8927191710901873
-0.9399417344675565
-0.9667941852781972
-0.9793271196792546
-0.9857921657477721
-0.9890007794455697
-0.990615848204124
-0.9914250020769434
-0.9918276718517021
-0.9920275071907725
-0.9921253940673849
-0.9921729098816596
-0.992195532321725
-0.9922060883986205
-0.9922108545520808
-0.9922128980309732
-0.9922136401740145
-0.9922136401749568
-0.9922128980310405
-0.9922108545521189
-0.992206088398434
-0.9921955323217869
-0.9921729098821315
-0.9921253940672988
-0.9920275071902845
-0.9918276718521895
-0.9914250020767739
-0.9906158482040159
-0.9890007794455169
-0.9857921657471017
-0.9793271196794127
-0.9667941852777664
-0.9399417344676655
-0.8927191710898946
-0.7660333363596036
-0.6150658482633821
0.2082897099444273
0.3106225976301474
10.73915315180431
4.362158708501703
-0.09513250231680292
-0.6965429768391054
-0.8331975173225641
-0.9511194213769278
-0.9558654907730926
-0.9693651713118108
-0.9664581381013296
-0.9656452651668777
-0.9634544333742774
-0.9620993369923598
-0.961012502522695
-0.9603212049778455
-0.959860199449706
-0.9595727229795215
-0.9593926819959355
-0.9592827677004938
-0.9592160718599297
-0.9591763112094853
-0.9591531522703922
-0.9591404996611184
-0.959134931458304
-0.9591349314576936
-0.959140499661411
-0.9591531522708004
-0.959176311209035
-0.9592160718596245
-0.9592827677006442
-0.9593926819960645
-0.9595727229785986
-0.9598601994495368
-0.9603212049779014
-0.9610125025230332
-0.9620993369920936
-0.9634544333742625
-0.9656452651674794
-0.9664581381003532
-0.9693651713135003
-0.9558654907722319
-0.951119421376335
-0.8331975173234394
-0.6965429768396625
-0.09513250232040657
4.362158708501898
-11.094161275444336
-1.0043459175554106
-2.6426549256076273
-1.2297442568496422
-1.2368842772316655
-0.9743052417941933
-0.9073467601867256
-0.8402002360220417
-0.8100284805544884
-0.7896596884656344
-0.7787916807506985
-0.7722327725037734
-0.7685511208096579
-0.7664068014562849
-0.7651863658072482
-0.7644843522587214
-0.7640838276632647
-0.7638550250175014
-0.7637253430132867
-0.7636529736375874
-0.7636147174145703
-0.7635982403799928
-0.763598240380347
-0.7636147174141981
-0.7636529736368857
-0.7637253430137583
-0.7638550250173057
-0.7640838276640183
-0.7644843522595448
-0.7651863658068333
-0.7664068014563414
-0.7685511208092835
-0.7722327725033686
-0.7787916807509806
-0.7896596884658074
-0.8100284805543791
-0.8402002360236034
-0.9073467601878796
-0.9743052417926779
-1.2368842772326063
-1.2297442568498997
-2.64265492560743
-1.0043459175571805
-11.094161275446103
-53.27346546164979
-3.274491268087229
-6.560676307700314
-1.3955108878406963
-0.95598719732834
-0.06292353309585239
0.2140830365943452
0.42776963573787763
0.525446908812243
0.5851686433341603
0.6162514011634985
0.634020360166613
0.6436871440060491
0.6491111179257548
0.6521100840783156
0.6537859151803712
0.6547184385095361
0.655238779756673
0.6555276511227432
0.6556859379448983
0.6557684010778582
0.6558035729973792
0.6558035729971928
0.6557684010769769
0.6556859379464243
0.655527651124971
0.6552387797546138
0.6547184385113833
0.6537859151817583
0.6521100840766021
0.649111117927309
0.6436871440035905
0.6340203601687221
0.6162514011630524
0.5851686433323351
0.5254469088140268
0.42776963573238735
0.2140830365959544
-0.06292353309768359
-0.9559871973256029
-1.395510887835639
-6.560676307701003
-3.274491268079165
-53.273465461652464
-216.15059448291169
-7.059682029591505
-6.726305646699905
11.140070044762378
13.892999728952756
16.788897875491195
17.770158606533883
18.412976631605876
18.705044328544645
18.8716847600963
18.95629880014497
19.002801059561385
19.02747793790637
19.040953709115488
19.04824687281068
19.052239034717424
19.05442132801732
19.055619176883393
19.056274638317106
19.056629286788343
19.05681219518451
19.056889683861947
19.056889683865908
19.056812195178942
19.05662928679697
19.05627463834037
19.055619176848793
19.054421328030653
19.052239034724543
19.04824687280005
19.040953709136783
19.02747793788177
19.00280105959778
18.956298800136743
18.87168476008361
18.70504432856852
18.412976631558507
17.770158606555583
16.788897875451433
13.892999728976449
11.140070044776436
-6.726305646729072
-7.0596820295381235
-216.1505944829495