139.85739967198492
2.2769616187506543
1.6282858385383023
-10.127022229012173
-12.00163242795174
-13.910118822618001
-14.564273064679803
-14.987572540061121
-15.180451910638286
-15.289820668702589
-15.345316538283612
-15.375687445661931
-15.391763643504525
-15.400498376175026
-15.405186577847541
-15.407695783466522
-15.408974639176616
-15.409513059008912
-15.409513059013342
-15.408974639177416
-15.407695783465108
-15.405186577849038
-15.400498376172717
-15.391763643499432
-15.375687445663132
-15.34531653828353
-15.2898206687016
-15.180451910639508
-14.987572540057027
-14.564273064679107
-13.910118822616683
-12.001632427951744
-10.127022229024188
1.6282858385422747
2.2769616187523507
139.8573996719855
32.924842433576266
2.02752153424036
4.127786063604856
0.9211120698305615
0.649029540103939
0.09364444407618011
-0.07954184917359144
-0.21271690298676948
-0.2737679588665985
-0.31100093366428194
-0.330389249836944
-0.3414477695661472
-0.34745555263811156
-0.3508130766653069
-0.3526547863028532
-0.3536604837952406
-0.3541808556518968
-0.354402239255343
-0.3544022392545976
-0.35418085565261015
-0.35366048379503034
-0.35265478630340596
-0.3508130766652793
-0.3474555526376547
-0.34144776956609635
-0.33038924983654716
-0.3110009336655313
-0.27376795886659966
-0.2127169029874636
-0.07954184917379348
0.09364444407589062
0.6490295401040027
0.9211120698292343
4.1277860636050585
2.0275215342409085
32.92484243357663
5.046761367219625
0.6804393169096407
1.7310319798072085
1.01662970620152
1.050678771393521
0.9150186258419315
0.8831870657458892
0.8477234030795067
0.8318537552681121
0.8208475917282676
0.8149388138342284
0.8113346058630793
0.8093015455025498
0.8081136957709003
0.8074402151706401
0.8070607161906562
0.8068597426379037
0.806772844152646
0.8067728441527418
0.8068597426383659
0.8070607161907417
0.8074402151704774
0.8081136957703903
0.8093015455022101
0.8113346058634546
0.8149388138342026
0.8208475917283629
0.831853755267965
0.8477234030793543
0.883187065745586
0.915018625842072
1.0506787713936523
1.0166297062016716
1.7310319798071792
0.6804393169099479
5.04676136721961
-5.174537766275181
0.10328043135649025
0.47530069494057137
0.7844626262748735
0.8933299805578436
0.9338805932737606
0.9553857713168898
0.9622121706471565
0.9657079233556283
0.9666490757919763
0.9669929403410396
0.9669763941072653
0.9669011543441082
0.9668111673989501
0.9667415261289989
0.9666923042204673
0.966662419706487
0.9666483425564703
0.9666483425566543
0.9666624197065563
0.9666923042204949
0.9667415261289454
0.9668111673989015
0.9669011543440446
0.9669763941077505
0.966992940340981
0.9666490757919148
0.9657079233557428
0.9622121706470685
0.9553857713170333
0.933880593273821
0.8933299805578425
0.7844626262748142
0.4753006949405568
0.103280431356492
-5.174537766275213
-9.390677924792438
-0.1590449662155147
-0.11534740454608301
0.6466064451823359
0.7774375212543099
0.898045805005257
0.9416929519960691
0.9679774928978157
0.9801928819786878
0.9867722382900382
0.9900850132345882
0.9918215190506638
0.9927176464191579
0.9931843472583184
0.993426039273622
0.9935500638094692
0.9936111095170512
0.9936361067878201
0.9936361067879451
0.9936111095171711
0.9935500638094337
0.9934260392736534
0.9931843472582516
0.992717646418964
0.9918215190508805
0.9900850132345456
0.9867722382900068
0.9801928819787007
0.9679774928977336
0.9416929519961723
0.8980458050053188
0.7774375212544504
0.6466064451824871
-0.1153474045461014
-0.15904496621510944
-9.390677924792335
-11.231739498723822
-0.2824763500739519
-0.3915509726216804
0.5768492186167598
0.7155833537872658
0.8737666709843473
0.9272836436305691
0.9628252185216095
0.9791171944589085
0.988420101922596
0.9931682533508592
0.9957697652948343
0.9971494770996219
0.9978977022561507
0.9982986313222486
0.9985124015799403
0.9986209992972053
0.998666578402283
0.9986665784024082
0.9986209992970627
0.9985124015798469
0.9982986313224085
0.9978977022563265
0.9971494770996407
0.9957697652949473
0.9931682533508219
0.9884201019224764
0.9791171944590771
0.9628252185215588
0.9272836436304899
0.8737666709842604
0.7155833537868881
0.5768492186169636
-0.3915509726219283
-0.2824763500738343
-11.231739498724181
-12.061900644359845
-0.3413396032864264
-0.5216223622682798
0.5425615905490553
0.6846151667266847
0.8606911981382599
0.9188101693755042
0.9588315514490398
0.9770795821331394
0.9877182307461425
0.9931708542117434
0.9962031468328323
0.9978251078471401
0.9987159809362466
0.9991982300411406
0.9994582617797894
0.9995915367030973
0.9996478537904103
0.9996478537904592
0.9995915367031267
0.9994582617797362
0.9991982300411193
0.9987159809361632
0.9978251078469769
0.996203146832824
0.9931708542117565
0.9877182307460949
0.9770795821331049
0.9588315514490348
0.9188101693754289
0.8606911981382381
0.6846151667267911
0.5425615905492942
-0.5216223622682119
-0.3413396032864049
-12.061900644360321
-12.443976502443563
-0.36959818358245955
-0.5833642288947372
0.5258044739688286
0.6693790574427562
0.8540402606646085
0.9143594855431635
0.9565660380820429
0.9757669333849253
0.9870657908210845
0.9928673883877264
0.9961153995206246
0.9978592691572816
0.9988225638052638
0.9993463509482918
0.9996301850213911
0.9997762224753801
0.9998381160596719
0.9998381160597152
0.9997762224752897
0.9996301850212945
0.9993463509483912
0.9988225638052619
0.9978592691572197
0.9961153995206324
0.9928673883876438
0.9870657908210079
0.975766933385072
0.9565660380821498
0.9143594855432581
0.8540402606644888
0.6693790574426781
0.5258044739688514
-0.5833642288947453
-0.36959818358238
-12.443976502443565
-12.622354369728416
-0.3832265921959076
-0.6128755253291993
0.5176171061852667
0.6619179427170505
0.8507191391456406
0.9121044423910143
0.9553808201022262
0.9750495968833319
0.9866757953407406
0.9926510377623423
0.996007277907315
0.9978125987820446
0.998812661396862
0.9993576478681816
0.999653702676309
0.9998063210547821
0.999871099979488
0.9998710999795861
0.9998063210547525
0.9996537026762183
0.9993576478682711
0.9988126613969468
0.9978125987820621
0.9960072779073389
0.9926510377622941
0.9866757953407023
0.9750495968833883
0.9553808201021929
0.9121044423910666
0.8507191391456495
0.6619179427170256
0.5176171061852237
-0.6128755253292832
-0.3832265921958661
-12.622354369728486
-12.706519866879363
-0.3898241347647337
-0.6270633181659997
0.5136121275960472
0.6582660764427664
0.8490715908756212
0.9109771738488708
0.9547783780967254
0.9746778280729196
0.9864664754376293
0.9925282607388659
0.9959387875177708
0.9977750715648426
0.9987937702058503
0.9993495520451936
0.9996518617376406
0.9998078610865397
0.9998741266861422
0.9998741266862513
0.9998078610865622
0.9996518617374921
0.9993495520452166
0.9987937702059346
0.9977750715646925
0.9959387875177721
0.992528260738881
0.9864664754377291
0.9746778280730566
0.9547783780967478
0.9109771738488115
0.8490715908757658
0.6582660764427812
0.5136121275960845
-0.6270633181659564
-0.3898241347643789
-12.706519866879365
-12.746559424437642
-0.39302863219888545
-0.6339173001947118
0.511649960254551
0.6564769585583177
0.8482561318572237
0.9104166897884614
0.9544757322307007
0.9744891504624271
0.9863584244147512
0.9924633536395502
0.9959010795839145
0.9977529430931067
0.9987810647815026
0.999342327995338
0.9996478273691256
0.9998055565394801
0.9998725846659344
0.9998725846661078
0.9998055565392667
0.9996478273690501
0.9993423279956049
0.9987810647817801
0.9977529430932455
0.9959010795840132
0.9924633536394983
0.986358424414669
0.9744891504627629
0.9544757322306756
0.9104166897884902
0.8482561318570243
0.6564769585580135
0.5116499602544355
-0.6339173001946043
-0.3930286321986696
-12.746559424437951
-12.765732216167809
-0.3945896811171567
-0.6372418746180619
0.5106870665494752
0.6555991785460582
0.8478527534364922
0.9101386021610857
0.9543244777589542
0.97439427451084
0.9863035624713605
0.9924299954221427
0.9958813316496468
0.9977410213155733
0.9987738958382837
0.999337933978373
0.9996450540213301
0.9998036646337174
0.9998710821303018
0.9998710821303174
0.9998036646338828
0.9996450540212806
0.9993379339784163
0.9987738958382049
0.9977410213152282
0.9958813316495592
0.9924299954221956
0.9863035624714684
0.9743942745107804
0.9543244777588529
0.9101386021609732
0.8478527534365317
0.6555991785466446
0.5106870665495082
-0.6372418746179103
-0.394589681116997
-12.76573221616778
-12.774961695583276
-0.39535208573858627
-0.638859959997593
0.5102138282024266
0.6551678790411841
0.8476532009743569
0.9100007300360808
0.9542490687807272
0.9743467776763867
0.9862759230998841
0.9924130699802565
0.9958712088215241
0.9977348237318159
0.9987700901034229
0.9993355292180616
0.9996434700003419
0.9998025280982623
0.9998701436177987
0.9998701436178006
0.9998025280981506
0.9996434700002044
0.9993355292180095
0.9987700901035672
0.9977348237317714
0.9958712088215244
0.9924130699803966
0.9862759230996394
0.9743467776764027
0.9542490687806948
0.9100007300360776
0.8476532009744413
0.6551678790411484
0.5102138282020356
-0.6388599599976236
-0.3953520857388766
-12.774961695583137
-12.779422763719257
-0.3957251626570089
-0.6396495157268232
0.5099809896250727
0.654955721473081
0.8475544764544679
0.9099324043600594
0.9542115294354433
0.974323061310663
0.9862620586099873
0.9924045400903911
0.9958660747390733
0.9977316551356271
0.9987681225359453
0.9993342670931376
0.9996426222123993
0.9998019066948508
0.9998696225436503
0.9998696225437669
0.9998019066951507
0.9996426222124921
0.9993342670929702
0.9987681225357015
0.9977316551354067
0.9958660747392616
0.9924045400905178
0.9862620586098607
0.9743230613104895
0.9542115294353062
0.9099324043602525
0.8475544764546397
0.6549557214734272
0.509980989624381
-0.6396495157269046
-0.3957251626569783
-12.779422763718674
-12.78158323579268
-0.3959077612858919
-0.6400350513013178
0.5098664912229165
0.6548514110158631
0.8475057002394741
0.9098986003419416
0.9541928873127552
0.9743112557343063
0.9862551325121907
0.9924002645580214
0.9958634900124637
0.9977300516816517
0.9987671200979648
0.9993336185204285
0.9996421819280461
0.9998015804203324
0.999869346858776
0.9998693468587885
0.9998015804206253
0.9996421819279813
0.9993336185202129
0.9987671200980479
0.9977300516816171
0.9958634900127523
0.992400264558146
0.9862551325120441
0.9743112557342974
0.9541928873127389
0.9098986003420594
0.847505700239745
0.6548514110157249
0.5098664912228749
-0.640035051301147
-0.3959077612857569
-12.781583235792548
-12.782624563877311
-0.39599656498162317
-0.6402221898238856
0.5098105825297592
0.6548004834006912
0.847481788529032
0.9098820095716725
0.9541837094311785
0.9743054325744307
0.9862517064640195
0.9923981442200924
0.995862204027355
0.9977292510366318
0.9987666172900506
0.9993332914290977
0.9996419584487397
0.9998014137405861
0.9998692054076402
0.9998692054077778
0.999801413740425
0.9996419584489188
0.9993332914291955
0.9987666172904157
0.9977292510366478
0.9958622040274341
0.9923981442199963
0.9862517064639076
0.9743054325746006
0.9541837094312812
0.9098820095718305
0.8474817885288649
0.6548004834006498
0.5098105825296813
-0.6402221898239064
-0.3959965649821605
-12.78262456387764
-12.783110600630014
-0.3960383138020062
-0.6403100362416633
0.5097842130613253
0.6547764652429704
0.8474704746133657
0.9098741524852996
0.9541793522572889
0.9743026639736356
0.9862500739787274
0.9923971319563095
0.9958615886209611
0.9977288669089489
0.9987663753044631
0.9993331334396879
0.9996418500572275
0.9998013325706838
0.9998691363387355
0.99986913633881
0.9998013325706288
0.9996418500572495
0.9993331334394304
0.9987663753044211
0.9977288669086953
0.9958615886207843
0.9923971319564903
0.9862500739788929
0.9743026639738157
0.9541793522572335
0.9098741524851292
0.8474704746134546
0.654776465243554
0.5097842130615617
-0.6403100362414362
-0.3960383138018284
-12.783110600629534
-12.783302399371715
-0.3960548693580472
-0.6403448371604636
0.5097737331625007
0.654766920247424
0.8474659685081853
0.9098710212605542
0.9541776129638575
0.9743015577264006
0.9862494207389363
0.9923967263926399
0.9958613416780302
0.9977287125219318
0.998766277858893
0.9993330696793364
0.9996418062056667
0.9998012996546168
0.9998691082863365
0.9998691082862847
0.9998012996544738
0.9996418062053959
0.9993330696793965
0.9987662778593996
0.9977287125221319
0.9958613416777662
0.992396726392515
0.9862494207387562
0.9743015577265035
0.954177612964126
0.9098710212604857
0.8474659685081735
0.6547669202474109
0.5097737331621257
-0.6403448371605704
-0.3960548693584587
-12.783302399371788
-12.78330239937479
-0.396054869357914
-0.6403448371600942
0.5097737331625918
0.6547669202473103
0.8474659685079832
0.9098710212603638
0.9541776129639145
0.9743015577265122
0.9862494207387769
0.9923967263923759
0.9958613416776083
0.9977287125219401
0.9987662778592061
0.9993330696798163
0.999641806205777
0.9998012996545045
0.9998691082862252
0.9998691082864983
0.999801299654766
0.9996418062057751
0.9993330696794354
0.998766277859135
0.9977287125214995
0.9958613416775384
0.9923967263923409
0.9862494207388977
0.9743015577263385
0.9541776129638702
0.9098710212602372
0.8474659685079224
0.6547669202478335
0.5097737331627903
-0.6403448371595621
-0.3960548693586595
-12.783302399375039
-12.783110600634675
-0.3960383138008703
-0.6403100362410176
0.5097842130623759
0.6547764652441204
0.8474704746139365
0.909874152485437
0.9541793522572417
0.9743026639736725
0.9862500739788207
0.9923971319564916
0.9958615886209605
0.9977288669087725
0.9987663753041638
0.9993331334393991
0.9996418500569882
0.9998013325704955
0.9998691363387766
0.9998691363386429
0.999801332570438
0.9996418500568476
0.9993331334394706
0.9987663753044875
0.9977288669088356
0.9958615886212825
0.992397131956527
0.9862500739785298
0.9743026639735947
0.9541793522571811
0.9098741524855123
0.8474704746140185
0.6547764652437299
0.5097842130619759
-0.6403100362411984
-0.39603831380051013
-12.783110600633908
-12.782624563881068
-0.3959965649812096
-0.6402221898231444
0.509810582530569
0.6548004834010364
0.8474817885291472
0.9098820095716811
0.9541837094311355
0.9743054325745109
0.9862517064639555
0.9923981442200047
0.9958622040270633
0.9977292510365967
0.998766617290017
0.9993332914292095
0.9996419584488347
0.9998014137405262
0.9998692054076534
0.9998692054075378
0.9998014137406044
0.9996419584489433
0.9993332914292582
0.9987666172901912
0.9977292510364506
0.9958622040273364
0.9923981442199239
0.9862517064638409
0.9743054325743947
0.954183709431187
0.9098820095718059
0.8474817885290186
0.6548004834011246
0.5098105825299936
-0.6402221898233903
-0.39599656498172287
-12.782624563880429
-12.78158323579289
-0.39590776128530103
-0.6400350513014943
0.5098664912227293
0.6548514110155139
0.8475057002394135
0.9098986003419607
0.9541928873127907
0.9743112557341997
0.98625513251228
0.9924002645578778
0.9958634900124659
0.99773005168182
0.9987671200979388
0.9993336185205461
0.9996421819281613
0.99980158042056
0.9998693468585738
0.9998693468588662
0.9998015804205598
0.9996421819280998
0.9993336185202975
0.9987671200979458
0.9977300516815175
0.9958634900126386
0.9924002645582028
0.9862551325121485
0.9743112557343543
0.9541928873126154
0.9098986003419296
0.8475057002394883
0.6548514110159869
0.5098664912231687
-0.6400350513009024
-0.3959077612856285
-12.781583235792532
-12.77942276371573
-0.3957251626575031
-0.6396495157270567
0.5099809896245866
0.6549557214728279
0.8475544764545708
0.9099324043601389
0.9542115294352588
0.9743230613106558
0.9862620586101486
0.9924045400906464
0.9958660747392787
0.9977316551357727
0.998768122535685
0.9993342670929782
0.9996426222123511
0.9998019066948896
0.9998696225438237
0.9998696225437126
0.999801906694997
0.9996426222123771
0.9993342670930823
0.9987681225360556
0.997731655135802
0.9958660747392313
0.9924045400903796
0.9862620586100105
0.9743230613105671
0.9542115294357763
0.9099324043603251
0.847554476454544
0.6549557214730086
0.5099809896240455
-0.6396495157274293
-0.3957251626579449
-12.779422763715543
-12.77496169558156
-0.3953520857387124
-0.6388599599977938
0.510213828201393
0.6551678790404452
0.8476532009739404
0.9100007300360049
0.9542490687808732
0.9743467776764173
0.9862759230998135
0.9924130699799845
0.9958712088213583
0.9977348237319983
0.9987700901038632
0.9993355292183463
0.999643470000418
0.9998025280983557
0.9998701436178599
0.9998701436181212
0.999802528098519
0.9996434700003985
0.9993355292180195
0.9987700901031944
0.997734823731574
0.9958712088213479
0.9924130699804098
0.9862759231000493
0.9743467776766935
0.954249068780546
0.9100007300357977
0.8476532009741398
0.6551678790410095
0.5102138282022595
-0.6388599599974267
-0.3953520857396768
-12.774961695581244
-12.765732216167489
-0.3945896811171484
-0.6372418746177138
0.5106870665496026
0.6555991785464884
0.8478527534370475
0.9101386021612523
0.954324477758949
0.9743942745108435
0.9863035624714594
0.9924299954225093
0.9958813316499178
0.997741021315543
0.9987738958379364
0.9993379339779817
0.9996450540209648
0.9998036646336599
0.999871082130371
0.9998710821301227
0.9998036646335249
0.9996450540208315
0.9993379339782691
0.9987738958385131
0.9977410213157992
0.9958813316499502
0.9924299954222775
0.986303562471331
0.9743942745106584
0.9543244777590889
0.9101386021614277
0.8478527534367979
0.6555991785460967
0.5106870665491641
-0.6372418746182902
-0.3945896811177758
-12.765732216167148
-12.746559424439829
-0.39302863219853457
-0.6339173001942848
0.511649960254535
0.6564769585582269
0.8482561318569543
0.9104166897883116
0.9544757322308364
0.9744891504625844
0.986358424414765
0.9924633536392953
0.9959010795835028
0.9977529430930436
0.9987810647817255
0.9993423279956012
0.9996478273692686
0.9998055565394863
0.9998725846658406
0.9998725846661758
0.9998055565396393
0.9996478273693314
0.9993423279955969
0.9987810647816078
0.997752943092912
0.9959010795836949
0.9924633536395122
0.9863584244146564
0.9744891504625115
0.9544757322306248
0.9104166897881301
0.8482561318569183
0.6564769585581454
0.511649960254714
-0.6339173001944637
-0.39302863219920997
-12.746559424439313
-12.706519866876958
-0.3898241347651136
-0.6270633181660024
0.5136121275959056
0.6582660764429784
0.8490715908758101
0.9109771738490862
0.9547783780968209
0.9746778280729071
0.9864664754376389
0.9925282607388571
0.9959387875179126
0.9977750715650064
0.9987937702058716
0.9993495520450181
0.9996518617374305
0.9998078610864346
0.9998741266861738
0.9998741266861344
0.9998078610864023
0.9996518617372274
0.9993495520451243
0.9987937702058575
0.9977750715648868
0.9959387875178464
0.9925282607389099
0.9864664754374919
0.9746778280729227
0.954778378096755
0.9109771738492853
0.8490715908756599
0.6582660764427712
0.5136121275961836
-0.6270633181661163
-0.3898241347648833
-12.70651986687647
-12.622354369726693
-0.3832265921958776
-0.6128755253291488
0.5176171061851211
0.6619179427167393
0.850719139145541
0.9121044423908957
0.9553808201022405
0.9750495968834185
0.9866757953408881
0.9926510377624477
0.9960072779072717
0.9978125987820323
0.9988126613966736
0.9993576478682539
0.9996537026764335
0.9998063210549777
0.999871099979639
0.999871099979567
0.9998063210546851
0.9996537026763299
0.9993576478684907
0.9988126613970844
0.9978125987820321
0.9960072779071657
0.9926510377621898
0.9866757953407032
0.9750495968834196
0.9553808201023393
0.9121044423911141
0.8507191391452391
0.6619179427169416
0.5176171061849211
-0.6128755253290954
-0.3832265921966441
-12.622354369727244
-12.443976502445242
-0.3695981835824691
-0.5833642288947816
0.5258044739682144
0.6693790574424839
0.8540402606644367
0.9143594855432806
0.9565660380820951
0.9757669333848036
0.9870657908210585
0.9928673883875725
0.9961153995206331
0.9978592691573912
0.9988225638055606
0.9993463509483905
0.9996301850216347
0.9997762224754195
0.9998381160596248
0.9998381160598026
0.999776222475437
0.9996301850214936
0.9993463509484076
0.9988225638049506
0.9978592691569607
0.9961153995204755
0.9928673883879837
0.9870657908211963
0.9757669333851451
0.9565660380820884
0.9143594855429488
0.8540402606646449
0.6693790574426781
0.5258044739695364
-0.5833642288944243
-0.36959818358199303
-12.443976502443972
-12.061900644361188
-0.34133960328587376
-0.521622362267665
0.5425615905497448
0.6846151667271947
0.8606911981387351
0.9188101693754678
0.9588315514487407
0.9770795821331256
0.9877182307462551
0.9931708542121339
0.9962031468329825
0.9978251078470319
0.9987159809357666
0.9991982300405806
0.9994582617796155
0.9995915367029943
0.9996478537903526
0.9996478537902023
0.9995915367028227
0.9994582617795591
0.999198230041108
0.9987159809366191
0.9978251078472768
0.9962031468330379
0.993170854211752
0.9877182307459962
0.9770795821329892
0.9588315514492627
0.9188101693758361
0.8606911981385381
0.68461516672693
0.5425615905492837
-0.5216223622684959
-0.34133960328609736
-12.061900644360744
-11.231739498728611
-0.2824763500717995
-0.39155097262097177
0.5768492186171295
0.7155833537874792
0.873766670984163
0.9272836436304571
0.9628252185217403
0.9791171944587933
0.9884201019225012
0.9931682533503712
0.9957697652943478
0.9971494770993734
0.9978977022564757
0.9982986313226181
0.998512401580298
0.9986209992971677
0.9986665784021738
0.9986665784026805
0.9986209992974613
0.9985124015803075
0.9982986313223169
0.9978977022559108
0.9971494770991495
0.9957697652950015
0.9931682533510056
0.988420101922572
0.9791171944590091
0.962825218521151
0.9272836436302518
0.873766670984237
0.7155833537874632
0.5768492186178293
-0.39155097262084076
-0.2824763500729906
-11.23173949872955
-9.390677924793646
-0.15904496621515368
-0.11534740454557549
0.6466064451830557
0.7774375212549647
0.8980458050057996
0.9416929519963768
0.9679774928977367
0.9801928819785153
0.9867722382899178
0.9900850132347423
0.9918215190506927
0.992717646419244
0.9931843472581958
0.9934260392733805
0.9935500638090179
0.9936111095167075
0.9936361067877298
0.9936361067876497
0.9936111095168905
0.9935500638091541
0.9934260392733497
0.9931843472583227
0.9927176464192398
0.9918215190511528
0.990085013234413
0.9867722382899556
0.9801928819784445
0.967977492897979
0.9416929519966593
0.8980458050054885
0.7774375212547056
0.6466064451826549
-0.11534740454631465
-0.15904496621481595
-9.390677924792724
-5.174537766275783
0.10328043135696029
0.47530069494036575
0.7844626262748096
0.8933299805576493
0.9338805932735352
0.9553857713165086
0.9622121706472384
0.9657079233558434
0.966649075792241
0.9669929403410045
0.9669763941071012
0.9669011543437369
0.9668111673989426
0.9667415261292357
0.9666923042207447
0.9666624197068567
0.9666483425564951
0.9666483425568617
0.9666624197066556
0.9666923042206574
0.9667415261290165
0.9668111673989928
0.9669011543440529
0.9669763941072647
0.9669929403409216
0.9666490757917903
0.9657079233556011
0.962212170647061
0.9553857713168552
0.9338805932733208
0.8933299805577464
0.7844626262745682
0.4753006949404638
0.10328043135602999
-5.174537766275346
5.046761367225519
0.6804393169084397
1.7310319798056208
1.0166297061998195
1.050678771392677
0.915018625841958
0.8831870657461955
0.8477234030798522
0.831853755268076
0.8208475917282665
0.814938813834224
0.811334605863602
0.8093015455030169
0.8081136957713448
0.8074402151704796
0.8070607161903679
0.8068597426378255
0.8067728441526207
0.8067728441528578
0.8068597426382236
0.8070607161905003
0.807440215170284
0.8081136957705257
0.8093015455023378
0.8113346058633217
0.814938813834595
0.8208475917283731
0.8318537552679843
0.8477234030793648
0.8831870657460236
0.9150186258420483
1.0506787713934846
1.0166297062006735
1.7310319798061156
0.6804393169086106
5.046761367225759
32.92484243358102
2.0275215342392463
4.1277860636040025
0.9211120698297757
0.6490295401034456
0.09364444407576339
-0.07954184917355134
-0.21271690298711515
-0.2737679588655276
-0.3110009336642189
-0.3303892498373272
-0.3414477695657233
-0.34745555263773903
-0.3508130766660871
-0.3526547863024939
-0.35366048379405446
-0.3541808556536866
-0.35440223925425496
-0.3544022392547656
-0.35418085565207247
-0.3536604837944898
-0.3526547863022805
-0.35081307666630335
-0.34745555263807104
-0.3414477695656968
-0.33038924983704965
-0.31100093366436954
-0.27376795886803895
-0.21271690298694212
-0.07954184917408846
0.09364444407653771
0.6490295401028212
0.9211120698281643
4.127786063602658
2.027521534238784
32.92484243358147
139.85739967198475
2.2769616187500157
1.6282858385374395
-10.127022229012386
-12.001632427952782
-13.910118822618685
-14.56427306467982
-14.987572540061468
-15.180451910637261
-15.28982066870309
-15.345316538284663
-15.375687445661217
-15.391763643504236
-15.400498376174792
-15.405186577845894
-15.407695783465591
-15.4089746391789
-15.409513059008582
-15.409513059013506
-15.408974639176623
-15.407695783464352
-15.405186577848383
-15.400498376174832
-15.391763643501253
-15.375687445663251
-15.345316538284418
-15.28982066870027
-15.180451910640553
-14.987572540057354
-14.564273064679892
-13.910118822616191
-12.001632427950984
-10.12702222902201
1.6282858385417631
2.2769616187533064
139.85739967198938