-2.2688718134764967
0.5889269298715916
0.8439012272317736
0.7505157914793679
0.6485792353787365
0.5888539901654547
0.5537445751043775
0.53413715507639
0.5230712368551387
0.5168245873808076
0.5132690916360292
0.5112325829879965
0.5100586418763207
0.5093790921270731
0.5089859509620962
0.5087616464548551
0.5086404439340766
0.5085874042991041
0.5085874043002505
0.5086404439366055
0.5087616464534196
0.5089859509590188
0.5093790921287568
0.510058641878605
0.5112325829858717
0.5132690916335758
0.5168245873818351
0.5230712368590602
0.5341371550758367
0.5537445751015495
0.5888539901682204
0.6485792353812807
0.7505157914771854
0.8439012272303138
0.5889269298710467
-2.268871813475418
0.06740041613487115
-0.11408025748669054
-0.17955045270530517
-0.22023569911559956
-0.2538949297833679
-0.2748420390307131
-0.28810263173743744
-0.2960412922869604
-0.3007754716299086
-0.3035692589542537
-0.30521656816560705
-0.3061873803391464
-0.30676010402699244
-0.30709796313179266
-0.3072964559420351
-0.3074110955427886
-0.3074736033539339
-0.3075011121712675
-0.3075011121712409
-0.307473603354155
-0.3074110955427036
-0.30729645594184946
-0.30709796313207083
-0.3067601040270891
-0.30618738033930953
-0.3052165681655416
-0.3035692589539243
-0.3007754716304031
-0.29604129228653764
-0.2881026317366763
-0.27484203903124127
-0.25389492978337314
-0.2202356991154027
-0.17955045270488812
-0.11408025748702516
0.06740041613442688
0.20234326740750674
-0.05171069516006189
-0.09015173010472906
-0.1015479211425242
-0.10896854838433742
-0.11438863954880234
-0.11834692243818332
-0.12104205936441981
-0.12282060589847696
-0.12396014490228453
-0.12467812299430978
-0.1251248323240992
-0.12540037197384307
-0.12556899606900473
-0.12567108131316415
-0.1257314643504043
-0.12576497555044497
-0.12577988664869755
-0.1257798866485119
-0.12576497555040517
-0.1257314643506377
-0.12567108131323643
-0.12556899606891742
-0.12540037197386017
-0.12512483232418575
-0.12467812299437514
-0.12396014490215634
-0.12282060589850805
-0.12104205936440474
-0.11834692243820219
-0.11438863954883374
-0.10896854838417296
-0.10154792114252728
-0.09015173010477981
-0.05171069515982439
0.2023432674072061
0.1658071577612229
-0.0335294752469575
-0.05304477217023128
-0.05107873240677782
-0.04767340694051933
-0.04623404206845225
-0.045778092939449636
-0.04579643759997842
-0.04596811498503116
-0.046158602014838415
-0.04631921476527282
-0.04643994911381846
-0.04652512512583558
-0.04658275105938675
-0.046620411929666664
-0.04664401498335771
-0.04665766693954316
-0.0466638961410958
-0.046663896141067085
-0.046657666939523584
-0.04664401498346591
-0.04662041192977574
-0.046582751059333856
-0.046525125125845876
-0.046439949113861845
-0.04631921476534208
-0.04615860201475556
-0.045968114984838326
-0.04579643759996373
-0.045778092939633676
-0.046234042068388985
-0.04767340694041587
-0.051078732406783005
-0.053044772170313545
-0.033529475246949866
0.16580715776103672
0.14330444750288435
-0.029220046316930946
-0.04179507548733056
-0.034433981312158204
-0.02677118924021793
-0.022439392343818323
-0.02000288253470633
-0.01873746719653776
-0.01809027953250031
-0.017769538640066324
-0.017614804585900673
-0.017542981005050723
-0.01751142124202239
-0.017498761420698655
-0.01749451179664929
-0.017493658500675018
-0.017493886451256723
-0.017494186114025624
-0.017494186113946694
-0.017493886451234307
-0.017493658500772315
-0.017494511796667417
-0.017498761420688395
-0.017511421242038264
-0.017542981005077618
-0.017614804585923904
-0.01776953864006759
-0.018090279532452104
-0.018737467196539764
-0.02000288253477553
-0.022439392343669123
-0.02677118924009785
-0.03443398131213818
-0.04179507548743026
-0.029220046316895124
0.143304447502835
0.13438811502541492
-0.028131604556742032
-0.03836386540239848
-0.028951204238004246
-0.01966341770751047
-0.014156151348400958
-0.01087088100228339
-0.009022599882485105
-0.007983000971733562
-0.0074044402582024845
-0.007083045391905908
-0.006905019703457409
-0.0068065604425440775
-0.006752228093054935
-0.006722386191247623
-0.006706227849043809
-0.006697895512826735
-0.006694368465281793
-0.006694368465336188
-0.006697895512927073
-0.006706227848984512
-0.006722386191207836
-0.006752228093171275
-0.006806560442653636
-0.006905019703409076
-0.007083045391780484
-0.007404440258247486
-0.007983000971682737
-0.009022599882450959
-0.010870881002280449
-0.01415615134843649
-0.01966341770757113
-0.028951204237958342
-0.038363865402467966
-0.028131604556792866
0.13438811502544679
0.13116947494083933
-0.027823541297436923
-0.0372613271813129
-0.027087777329635247
-0.017187468200364216
-0.011213096623597756
-0.007574914303777289
-0.0054720113052550935
-0.004252738722969876
-0.0035506442146882302
-0.003145914426245593
-0.0029126310050717782
-0.0027780680716704377
-0.002700489718466746
-0.002655948432294006
-0.0026307796933087027
-0.002617310550904359
-0.0026114589198973645
-0.0026114589200385875
-0.002617310551034529
-0.0026307796931501932
-0.0026559484321909957
-0.00270048971856947
-0.002778068071791329
-0.002912631004983019
-0.003145914426176012
-0.0035506442148995378
-0.004252738723101153
-0.005472011305180026
-0.007574914303758057
-0.011213096623680474
-0.017187468200415668
-0.027087777329561427
-0.037261327181197575
-0.027823541297559214
0.13116947494101466
0.1300329649575427
-0.027724957154158958
-0.0368865531160632
-0.02643255914354932
-0.016301792502077868
-0.010143955543111175
-0.006361711697940571
-0.004150418477643716
-0.002851488852482361
-0.0020923982447030682
-0.0016477259218566718
-0.0013869832570564647
-0.001233863805675649
-0.0011439614888444929
-0.001091408440052206
-0.001061211436087128
-0.0010448225987130869
-0.001037634041714144
-0.0010376340417121359
-0.001044822598706488
-0.0010612114359675319
-0.0010914084399931635
-0.001143961488877416
-0.001233863805696768
-0.0013869832569352908
-0.0016477259217298275
-0.0020923982446666173
-0.0028514888525534706
-0.004150418477570108
-0.006361711697893449
-0.01014395554322333
-0.01630179250217363
-0.026432559143562368
-0.03688655311604391
-0.027724957154309414
0.13003296495763028
0.12963153105856567
-0.027689811304465798
-0.0367527166018505
-0.026194997935928603
-0.015977171986326866
-0.00974759687787478
-0.005907151657860708
-0.003650486087349489
-0.0023170241523857607
-0.0015323499893555642
-0.0010691337371247014
-0.0007952228969896389
-0.0006329278439482699
-0.0005367560254975325
-0.00048002149411910193
-0.00044714199066968774
-0.0004291686986264586
-0.00042124661536801654
-0.0004212466153636229
-0.0004291686986187016
-0.00044714199069992056
-0.0004800214941101153
-0.0005367560254545202
-0.0006329278439523541
-0.0007952228969607053
-0.0010691337370843288
-0.0015323499893766938
-0.0023170241524548578
-0.0036504860873670516
-0.005907151657932083
-0.009747596877916896
-0.015977171986268073
-0.026194997935992198
-0.03675271660186785
-0.027689811304465108
0.12963153105862138
0.1294885633276788
-0.02767623533570014
-0.03670297056263419
-0.026106571653381146
-0.015855624279286516
-0.009597996248548023
-0.0057341544423394845
-0.0034586937890964016
-0.002110489922404554
-0.001314558273986969
-0.0008429360190860595
-0.0005628812683894961
-0.000396185595667818
-0.00029692848186432173
-0.00023808764699686868
-0.00020382959697325074
-0.0001850292429755916
-0.0001767204181692713
-0.0001767204181687699
-0.000185029242999321
-0.00020382959706691527
-0.00023808764708629112
-0.00029692848181344473
-0.00039618559565963654
-0.0005628812684818944
-0.0008429360192178994
-0.001314558274027113
-0.0021104899223728683
-0.0034586937892324815
-0.0057341544424029025
-0.009597996248472771
-0.015855624279072306
-0.026106571653456492
-0.03670297056268418
-0.02767623533566271
0.1294885633277113
0.12943708675911475
-0.027670710215671038
-0.036683892242341545
-0.026072920187333794
-0.015809264948961073
-0.009540635794259048
-0.0056674025629567006
-0.0033842035842707114
-0.0020297709330400703
-0.001228955899180673
-0.0007535907173881543
-0.00047072937263955184
-0.00030197337069760616
-0.00020123792941818748
-0.00014136641115880582
-0.00010642150090599107
-0.00008720322681072741
-0.00007869721095170551
-0.00007869721082172559
-0.00008720322671402516
-0.0001064215010025953
-0.0001413664112794102
-0.00020123792937264424
-0.0003019733705637112
-0.00047072937263998926
-0.0007535907174552794
-0.0012289558989380905
-0.0020297709328287866
-0.0033842035843737045
-0.005667402562914453
-0.00954063579421736
-0.015809264948811075
-0.026072920187389173
-0.03668389224242183
-0.027670710215666396
0.12943708675905227
0.12941833770030492
-0.027668390662235448
-0.03667639657787104
-0.02605987398184575
-0.01579129941367491
-0.009518336929027024
-0.005641330958163722
-0.0033549557728035275
-0.0019979088912100724
-0.00119499687387348
-0.0007179871731954332
-0.00043386447926093764
-0.0002641620146166877
-0.00016273327821505736
-0.00010236921509671835
-0.0000670907195039615
-0.0000476669093111245
-0.00003906313209349814
-0.000039063132065506096
-0.00004766690927871073
-0.00006709071949901384
-0.00010236921504481303
-0.00016273327816030298
-0.0002641620144960395
-0.00043386447924324904
-0.0007179871733108444
-0.0011949968739270766
-0.0019979088911966096
-0.0033549557728497284
-0.005641330958168511
-0.009518336928936472
-0.01579129941362393
-0.026059873981810353
-0.03667639657788498
-0.027668390662252122
0.12941833770029176
0.129411431746471
-0.027667399780771297
-0.03667339642008183
-0.02605473696031619
-0.015784241112309687
-0.009509562660258396
-0.005631037686344879
-0.003343360135482072
-0.0019852205385642065
-0.0011814144052389977
-0.0007036892756103086
-0.0004190067744375461
-0.00024887601446977995
-0.00014712772249708269
-0.00008653279878383262
-0.000051095685554358546
-0.00003157304895921386
-0.00002292193092265536
-0.00002292193097827851
-0.00003157304901294799
-0.000051095685441015055
-0.0000865327986880102
-0.00014712772259362097
-0.0002488760145287262
-0.0004190067743641751
-0.0007036892755408919
-0.0011814144051574059
-0.0019852205385861204
-0.003343360135595475
-0.00563103768644785
-0.009509562660432166
-0.0157842411124309
-0.02605473696037499
-0.036673396419997235
-0.02766739978086133
0.12941143174648762
0.12940886087891307
-0.02766697262333362
-0.03667217840365254
-0.026052687838475933
-0.015781435192991154
-0.009506073355135248
-0.005626934876111787
-0.0033387230962431238
-0.0019801277840069452
-0.0011759422572689623
-0.0006979081616038511
-0.0004129796091939592
-0.00024265733945382154
-0.00014076381245620308
-0.00008006239621957705
-0.00004455117947438369
-0.00002498191688948163
-0.000016308323565181403
-0.00001630832360131919
-0.000024981917000978156
-0.0000445511794857681
-0.00008006239620352842
-0.0001407638125963621
-0.00024265733952007218
-0.000412979609168652
-0.0006979081616081664
-0.001175942257411162
-0.001980127784233055
-0.0033387230962515745
-0.005626934875889001
-0.009506073355186353
-0.015781435193026792
-0.0260526878384515
-0.03667217840349618
-0.02766697262333897
0.12940886087907127
0.12940789441535488
-0.027666787818901237
-0.03667167874236969
-0.026051861919822512
-0.015780308852698315
-0.009504673361498673
-0.0056252862742682055
-0.003336855137031341
-0.0019780700158792746
-0.0011737240789862946
-0.0006955573246359996
-0.00041052148268243076
-0.00024011443430585293
-0.0001381556847728717
-0.0000774058160734121
-0.000041860505256361607
-0.00002226960509172226
-0.00001358552462468658
-0.000013585524733116245
-0.00002226960514050841
-0.000041860505070708085
-0.0000774058159450194
-0.0001381556848772751
-0.00024011443443632216
-0.0004105214826108462
-0.0006955573245102731
-0.0011737240789423242
-0.001978070015874236
-0.0033368551370382793
-0.005625286274255854
-0.009504673361672003
-0.015780308852900063
-0.026051861919812513
-0.036671678742215226
-0.027666787818962382
0.12940789441528697
0.12940752841710823
-0.0276667080991633
-0.036671472804926705
-0.026051527117831385
-0.015779854233708413
-0.009504108847586078
-0.0056246209209416115
-0.003336099812439714
-0.0019772358847087177
-0.001172822482640564
-0.0006945991885567699
-0.00040951700352685153
-0.00023907285219619472
-0.00013708520087499395
-0.00007631361765549598
-0.000040752879134681976
-0.0000211521150362513
-0.00001246323159086587
-0.000012463231696217136
-0.000021152115108127867
-0.00004075287898880917
-0.0000763136176047612
-0.00013708520098439667
-0.0002390728521504246
-0.000409517003447628
-0.000694599188552614
-0.0011728224826392177
-0.0019772358847683106
-0.0033360998124577026
-0.00562462092084942
-0.00950410884745738
-0.015779854233658158
-0.02605152711780017
-0.036671472804901545
-0.027666708099037478
0.12940752841699166
0.12940739081938013
-0.027666674529029517
-0.03667138921892121
-0.026051393172247223
-0.015779673084770827
-0.00950388417457515
-0.005624355986135761
-0.0033357986281433516
-0.0019769026301837828
-0.0011724614801916816
-0.0006942146749418228
-0.00040911300461550504
-0.0002386530832391961
-0.00013665302087192038
-0.00007587202540035917
-0.000040304546707453043
-0.00002069944746200152
-0.000012008444669889629
-0.000012008444525268978
-0.000020699447276559228
-0.00004030454689731061
-0.0000758720255317996
-0.00013665302076545482
-0.00023865308321099367
-0.0004091130048384633
-0.0006942146750868199
-0.0011724614801945502
-0.0019769026302332874
-0.0033357986283437694
-0.005624355986175172
-0.00950388417467595
-0.01577967308479295
-0.02605139317234569
-0.03667138921891769
-0.02766667452884134
0.1294073908192001
0.1294073446227933
-0.027666662283437095
-0.03667135948952124
-0.02605134602404333
-0.015779609515700614
-0.009503805410181285
-0.005624263085535791
-0.0033356929193078745
-0.001976785509780804
-0.0011723344119281697
-0.0006940791123282353
-0.0004089703471417905
-0.0002385046396599739
-0.00013649999055917195
-0.00007571549406738877
-0.000040145494596611337
-0.000020538766803174463
-0.000011846965649585093
-0.000011846965581542484
-0.000020538766627275264
-0.00004014549459665496
-0.00007571549417590114
-0.0001364999904404818
-0.00023850463960705775
-0.00040897034729993613
-0.0006940791123638079
-0.0011723344119008905
-0.0019767855096481934
-0.0033356929194775387
-0.005624263085522268
-0.009503805410188195
-0.015779609515593002
-0.026051346024113985
-0.03667135948955729
-0.02766666228345692
0.1294073446228733
0.12940734462309048
-0.02766666228337071
-0.03667135948956804
-0.02605134602406568
-0.01577960951578504
-0.009503805410190913
-0.005624263085555716
-0.0033356929194411356
-0.0019767855099302647
-0.0011723344119776592
-0.0006940791124296661
-0.0004089703473174101
-0.00023850463972505963
-0.00013649999051632155
-0.0000757154941849832
-0.00004014549460977034
-0.000020538766556382808
-0.000011846965543549205
-0.000011846965722828589
-0.000020538766652280792
-0.00004014549456747221
-0.00007571549414027052
-0.00013649999051730354
-0.0002385046396190106
-0.0004089703472372272
-0.0006940791124025705
-0.001172334411852145
-0.0019767855096917584
-0.003335692919399076
-0.00562426308557072
-0.009503805410169167
-0.015779609515591146
-0.026051346024110397
-0.036671359489671665
-0.02766666228346809
0.12940734462333187
0.12940739081881109
-0.02766667452885554
-0.03667138921881046
-0.026051393172287836
-0.01577967308483594
-0.009503884174514286
-0.005624355986084786
-0.003335798628214465
-0.001976902630261496
-0.0011724614801427993
-0.0006942146749319365
-0.0004091130046069486
-0.00023865308319856058
-0.0001366530207565685
-0.00007587202536046035
-0.000040304546781234065
-0.00002069944737198381
-0.000012008444557736571
-0.000012008444513582167
-0.000020699447268957283
-0.000040304546771024845
-0.00007587202537616687
-0.0001366530207843721
-0.00023865308322109426
-0.00040911300473595735
-0.0006942146749280869
-0.0011724614800556377
-0.0019769026302714236
-0.0033357986283840107
-0.005624355986204359
-0.00950388417462502
-0.015779673084999772
-0.026051393172369406
-0.036671389218827
-0.027666674529007573
0.12940739081918368
0.12940752841720285
-0.02766670809901243
-0.03667147280491156
-0.026051527117898016
-0.01577985423368368
-0.009504108847564604
-0.005624620920916885
-0.0033360998123900705
-0.0019772358846264905
-0.0011728224825415076
-0.0006945991884570915
-0.0004095170035204789
-0.00023907285221084313
-0.0001370852007442873
-0.00007631361749708993
-0.00004075287903664205
-0.000021152115047117967
-0.000012463231437215393
-0.000012463231479589344
-0.00002115211511951501
-0.00004075287901205449
-0.00007631361747532852
-0.0001370852008547271
-0.0002390728522933455
-0.0004095170034408957
-0.0006945991884121994
-0.0011728224828156995
-0.001977235884943144
-0.0033360998124627762
-0.005624620920653727
-0.009504108847518743
-0.015779854233734437
-0.026051527117790622
-0.0366714728048273
-0.02766670809913974
0.12940752841750172
0.12940789441508166
-0.02766678781881038
-0.036671678742358674
-0.02605186191985057
-0.015780308852752573
-0.009504673361434934
-0.005625286274242639
-0.003336855137048486
-0.0019780700159138
-0.0011737240790262978
-0.0006955573247478034
-0.0004105214827958748
-0.00024011443431209986
-0.00013815568477463798
-0.00007740581619575674
-0.00004186050530974017
-0.00002226960502756619
-0.000013585524617568547
-0.000013585524820200978
-0.00002226960520985228
-0.0000418605050480623
-0.00007740581591493708
-0.00013815568499067922
-0.00024011443445347687
-0.0004105214825409066
-0.0006955573245482817
-0.0011737240789818453
-0.001978070015874899
-0.0033368551369833536
-0.005625286274303552
-0.009504673361808155
-0.015780308852808865
-0.0260518619198781
-0.03667167874227043
-0.027666787818986096
0.12940789441504005
0.12940886087903647
-0.02766697262327903
-0.03667217840362279
-0.026052687838442334
-0.015781435193040504
-0.00950607335522391
-0.005626934876109949
-0.0033387230961919407
-0.0019801277839896292
-0.0011759422572720432
-0.00069790816156587
-0.00041297960912060216
-0.00024265733948573067
-0.0001407638125929416
-0.00008006239634130317
-0.00004455117952982017
-0.00002498191694778569
-0.00001630832375382998
-0.000016308323783257686
-0.000024981916927680116
-0.000044551179460158066
-0.00008006239633358523
-0.00014076381259163213
-0.0002426573393923227
-0.00041297960924739814
-0.0006979081617432608
-0.0011759422573492432
-0.0019801277840902675
-0.0033387230962579617
-0.005626934875924072
-0.00950607335492578
-0.015781435192810903
-0.026052687838372342
-0.03667217840355663
-0.027666972623288662
0.12940886087925818
0.12941143174641273
-0.027667399780731988
-0.03667339642016945
-0.026054736960224138
-0.015784241112261642
-0.00950956266034739
-0.005631037686388184
-0.003343360135447516
-0.001985220538623062
-0.001181414405370927
-0.0007036892756120006
-0.00041900677436756376
-0.0002488760145193342
-0.0001471277225354794
-0.00008653279868917001
-0.000051095685421898856
-0.0000315730489925231
-0.000022921931012717362
-0.00002292193094325158
-0.000031573048928411125
-0.000051095685638425875
-0.00008653279885439357
-0.00014712772261667406
-0.0002488760145892455
-0.00041900677440353504
-0.0007036892755193697
-0.0011814144050915657
-0.0019852205384652648
-0.003343360135493267
-0.005631037686379205
-0.009509562660368526
-0.015784241112442664
-0.026054736960317754
-0.03667339642014708
-0.02766739978083691
0.1294114317464557
0.12941833770015504
-0.027668390662189367
-0.036676396577842454
-0.026059873981753363
-0.015791299413604097
-0.009518336929047914
-0.0056413309582184525
-0.003354955772762363
-0.001997908891084329
-0.001194996873832677
-0.0007179871731934043
-0.0004338644791771362
-0.00026416201457341536
-0.0001627332782366393
-0.00010236921517803378
-0.00006709071961913203
-0.0000476669095125559
-0.000039063132293246475
-0.0000390631322029152
-0.00004766690939443905
-0.00006709071955876134
-0.00010236921528874227
-0.00016273327832894092
-0.0002641620145347721
-0.00043386447921900953
-0.0007179871734763225
-0.0011949968740401005
-0.001997908891204904
-0.003354955772949814
-0.005641330958157291
-0.009518336929072531
-0.015791299413518776
-0.026059873981756
-0.036676396577873915
-0.02766839066221841
0.12941833770014355
0.12943708675907134
-0.02767071021582962
-0.03668389224232009
-0.026072920187399682
-0.015809264948988475
-0.009540635794202253
-0.005667402562835825
-0.003384203584222237
-0.002029770933131836
-0.0012289558992177767
-0.000753590717413792
-0.0004707293727032032
-0.0003019733707717089
-0.00020123792951610522
-0.0001413664111888065
-0.00010642150082475634
-0.00008720322660488622
-0.00007869721071195218
-0.00007869721070263543
-0.00008720322663986223
-0.0001064215010199418
-0.00014136641117999975
-0.0002012379291202263
-0.0003019733705156186
-0.0004707293727166999
-0.0007535907173774785
-0.0012289558988568428
-0.002029770932822599
-0.003384203584340332
-0.005667402563156815
-0.009540635794251944
-0.015809264948745107
-0.026072920187453413
-0.03668389224245581
-0.027670710215679743
0.12943708675897447
0.12948856332787562
-0.027676235335801925
-0.03670297056272673
-0.02610657165339152
-0.015855624279218994
-0.009597996248440478
-0.005734154442326731
-0.003458693789195592
-0.0021104899224952964
-0.0013145582739223843
-0.0008429360190632242
-0.0005628812684115255
-0.0003961855956696929
-0.00029692848171852977
-0.00023808764685166414
-0.0002038295969794517
-0.00018502924298417122
-0.00017672041809645855
-0.0001767204181074136
-0.00018502924302699015
-0.00020382959690152578
-0.00023808764676690446
-0.0002969284817016547
-0.00039618559566865965
-0.0005628812684119291
-0.0008429360189644129
-0.0013145582738546548
-0.0021104899225159665
-0.0034586937892124928
-0.005734154442282096
-0.009597996248393588
-0.01585562427928875
-0.026106571653457068
-0.0367029705626869
-0.02767623533570142
0.12948856332787995
0.1296315310587275
-0.027689811304688366
-0.036752716602045245
-0.026194997936029203
-0.015977171986309123
-0.009747596877964943
-0.005907151658035363
-0.0036504860874045555
-0.0023170241522692476
-0.0015323499891485098
-0.0010691337370834476
-0.0007952228971444432
-0.0006329278439195017
-0.0005367560253362676
-0.00048002149411267674
-0.0004471419907129521
-0.000429168698544998
-0.00042124661525336443
-0.00042124661528989646
-0.00042916869852258055
-0.0004471419905153115
-0.0004800214941730862
-0.0005367560257125093
-0.0006329278441717378
-0.0007952228970559583
-0.0010691337371780347
-0.0015323499896057928
-0.0023170241527526968
-0.003650486087288365
-0.005907151657712287
-0.009747596877891507
-0.015977171986441475
-0.026194997935958336
-0.036752716601719276
-0.02768981130451255
0.12963153105860492
0.1300329649577901
-0.027724957154203096
-0.03688655311601041
-0.02643255914352944
-0.016301792502061478
-0.010143955543120779
-0.006361711697873003
-0.004150418477676729
-0.002851488852595804
-0.002092398244881284
-0.0016477259219592356
-0.0013869832569594121
-0.0012338638055978373
-0.0011439614888591981
-0.0010914084400039754
-0.001061211436023986
-0.0010448225987734756
-0.0010376340417031227
-0.0010376340416999963
-0.0010448225989576516
-0.0010612114362300812
-0.0010914084400427846
-0.0011439614888786348
-0.001233863805775219
-0.0013869832569189697
-0.0016477259215739951
-0.002092398244647718
-0.0028514888523337293
-0.004150418477450261
-0.006361711697958187
-0.010143955543290433
-0.016301792502204624
-0.02643255914347481
-0.03688655311598146
-0.02772495715414572
0.13003296495742844
0.1311694749414412
-0.027823541297536274
-0.037261327181356066
-0.027087777329604802
-0.017187468200464587
-0.011213096623640915
-0.0075749143037612396
-0.005472011305199405
-0.004252738722867972
-0.0035506442146968327
-0.0031459144261999136
-0.0029126310050583528
-0.002778068071804674
-0.0027004897186519196
-0.0026559484323722612
-0.0026307796933441215
-0.002617310550937231
-0.0026114589199713583
-0.0026114589201062625
-0.002617310551056879
-0.0026307796931963248
-0.0026559484320943043
-0.0027004897185191248
-0.0027780680717533817
-0.0029126310048749326
-0.00314591442620314
-0.0035506442149803533
-0.004252738723024219
-0.005472011305233434
-0.00757491430386076
-0.011213096623555283
-0.0171874682002578
-0.027087777329612754
-0.03726132718140019
-0.02782354129728356
0.13116947494129116
0.13438811502564482
-0.02813160455665848
-0.03836386540240729
-0.0289512042378881
-0.019663417707392036
-0.014156151348367337
-0.010870881002211823
-0.00902259988244733
-0.007983000971848776
-0.007404440258332055
-0.007083045392065829
-0.006905019703592296
-0.006806560442572159
-0.006752228093127171
-0.0067223861915015025
-0.006706227849123126
-0.006697895512840745
-0.006694368465565537
-0.006694368465532445
-0.0066978955128180785
-0.006706227848912076
-0.0067223861913608286
-0.006752228093236863
-0.0068065604425620214
-0.00690501970331746
-0.007083045391916962
-0.007404440258211693
-0.007983000971565495
-0.009022599882473873
-0.010870881002545133
-0.014156151348482481
-0.019663417707626377
-0.02895120423805353
-0.03836386540236744
-0.028131604556540676
0.13438811502534323
0.14330444750258503
-0.029220046316930613
-0.04179507548735336
-0.03443398131209208
-0.02677118924028354
-0.022439392343968155
-0.020002882534820333
-0.018737467196462396
-0.01809027953238657
-0.017769538640007805
-0.01761480458580897
-0.017542981004946105
-0.0175114212420827
-0.01749876142085158
-0.017494511796655204
-0.017493658500537045
-0.017493886451349812
-0.01749418611400692
-0.017494186113840682
-0.01749388645119191
-0.017493658500810097
-0.017494511796794242
-0.01749876142054764
-0.017511421241919893
-0.017542981005124747
-0.017614804586111945
-0.017769538640128882
-0.018090279532564424
-0.01873746719661878
-0.02000288253469565
-0.02243939234353732
-0.026771189239947167
-0.034433981311944514
-0.041795075487120845
-0.029220046316717173
0.14330444750263832
0.1658071577611508
-0.0335294752469525
-0.053044772170242685
-0.05107873240669396
-0.047673406940405554
-0.046234042068250915
-0.045778092939258046
-0.04579643759990612
-0.04596811498507664
-0.04615860201484473
-0.04631921476523616
-0.04643994911383087
-0.04652512512582621
-0.046582751059311825
-0.04662041192960258
-0.04664401498335563
-0.046657666939451545
-0.04666389614107398
-0.04666389614099754
-0.04665766693935748
-0.04664401498332492
-0.046620411929596116
-0.046582751059288476
-0.04652512512589652
-0.04643994911396218
-0.0463192147652877
-0.04615860201462471
-0.045968114984911074
-0.04579643759996985
-0.04577809293960253
-0.04623404206849288
-0.04767340694032769
-0.05107873240694684
-0.05304477217042872
-0.033529475246905346
0.16580715776096178
0.2023432674070485
-0.051710695159975034
-0.09015173010472899
-0.10154792114265793
-0.1089685483844377
-0.1143886395488001
-0.11834692243824682
-0.12104205936461006
-0.12282060589859228
-0.12396014490223971
-0.12467812299447067
-0.12512483232431842
-0.12540037197391227
-0.1255689960690617
-0.12567108131324203
-0.1257314643504735
-0.1257649755502595
-0.12577988664860862
-0.12577988664873552
-0.12576497555043437
-0.12573146435043622
-0.1256710813131706
-0.12556899606904293
-0.12540037197370008
-0.12512483232396815
-0.12467812299427675
-0.12396014490213722
-0.12282060589835046
-0.12104205936441877
-0.11834692243823068
-0.1143886395485885
-0.10896854838430439
-0.10154792114286945
-0.09015173010486044
-0.05171069515999643
0.20234326740692393
0.0674004161356758
-0.11408025748694167
-0.179550452705383
-0.2202356991156326
-0.2538949297832423
-0.27484203903046844
-0.28810263173744816
-0.2960412922870712
-0.30077547162999296
-0.3035692589538398
-0.30521656816572884
-0.3061873803391638
-0.30676010402666953
-0.30709796313185533
-0.30729645594233906
-0.3074110955426487
-0.30747360335346874
-0.3075011121714274
-0.3075011121717421
-0.30747360335389257
-0.3074110955424276
-0.30729645594212
-0.3070979631319761
-0.3067601040269546
-0.3061873803388663
-0.3052165681654891
-0.3035692589540626
-0.30077547163031026
-0.2960412922874692
-0.28810263173734063
-0.2748420390304503
-0.25389492978356354
-0.22023569911544633
-0.17955045270489095
-0.11408025748706876
0.067400416135981
-2.268871813476661
0.588926929871584
0.8439012272319314
0.7505157914794254
0.6485792353787178
0.5888539901655259
0.5537445751042646
0.5341371550762796
0.5230712368551262
0.5168245873811799
0.5132690916358806
0.511232582987901
0.5100586418766231
0.5093790921270098
0.5089859509617526
0.5087616464551006
0.5086404439344576
0.5085874042989951
0.5085874042998224
0.5086404439366485
0.5087616464535882
0.5089859509586911
0.509379092128758
0.510058641878526
0.5112325829862706
0.5132690916337114
0.5168245873814357
0.5230712368589199
0.5341371550751253
0.5537445751010562
0.5888539901687982
0.6485792353814421
0.7505157914773486
0.8439012272305632
0.5889269298708657
-2.268871813475739