308.9807332220969
13.466797107038321
13.628713294047486
-11.62377785835016
-15.421493005808124
-19.510071855019955
-20.884497278868587
-21.792585912939337
-22.204393764195977
-22.440350920289745
-22.560224372729685
-22.6262883238613
-22.661397594109047
-22.68061488526453
-22.69103514006847
-22.696752355983953
-22.699885710435705
-22.701612535640272
-22.702565333959896
-22.70309268347205
-22.703384926628292
-22.70354701167784
-22.703636643572118
-22.70368555859419
-22.703710971513047
-22.703721788544875
-22.703721788546133
-22.7037109715168
-22.703685558593506
-22.70363664357251
-22.70354701169339
-22.703384926608564
-22.703092683468178
-22.702565333962212
-22.70161253563935
-22.6998857104359
-22.696752355985055
-22.691035140077858
-22.680614885253036
-22.661397594120885
-22.6262883238817
-22.560224372722516
-22.440350920285283
-22.20439376418036
-21.792585912935763
-20.884497278867435
-19.510071855034745
-15.421493005813332
-11.62377785835148
13.628713294048474
13.466797107046926
308.98073322209166
78.4543149829853
4.880274724001664
9.626957390696681
2.0476311579821713
1.40333560929056
0.0942709973622131
-0.3102324657945685
-0.6230705351362374
-0.7658095811321679
-0.8532419245228968
-0.898736759616116
-0.9247828677334977
-0.9389624065095399
-0.9469299978021266
-0.9513408019117917
-0.9538098071374513
-0.9551865917408888
-0.9559576882599037
-0.9563893560013523
-0.9566314892187587
-0.9567673192875226
-0.9568435020149177
-0.9568860586960223
-0.9569094902148387
-0.9569217513170385
-0.9569269953839108
-0.9569269953845716
-0.9569217513150685
-0.956909490215081
-0.9568860586956838
-0.9568435020163824
-0.9567673192887803
-0.9566314892199477
-0.9563893560016327
-0.9559576882613624
-0.9551865917405282
-0.9538098071368817
-0.9513408019112907
-0.946929997802106
-0.9389624065118649
-0.924782867734667
-0.8987367596154074
-0.8532419245195977
-0.7658095811285417
-0.6230705351374631
-0.31023246579445574
0.09427099736192968
1.4033356092908709
2.047631157983623
9.626957390697015
4.8802747240024855
78.45431498297708
19.02511611152545
1.460257140114352
3.828211429465978
1.5179522857375878
1.4872735572082885
1.062180550880341
0.9499979388130778
0.8423916146231721
0.793957616375623
0.7616601570457413
0.7444779757547336
0.7341607050728626
0.7283845150543077
0.7250286319674875
0.7231216539642017
0.7220258426275237
0.721400675872351
0.7210428559417977
0.7208385623965576
0.7207218393870642
0.7206552424545336
0.7206173001581971
0.7205958011822889
0.7205838146482986
0.7205774784486252
0.7205747500087569
0.7205747500086479
0.720577478448259
0.720583814647596
0.7205958011818832
0.7206173001580185
0.7206552424543475
0.7207218393867961
0.7208385623968424
0.7210428559416128
0.7214006758728705
0.7220258426278141
0.7231216539650722
0.7250286319669624
0.728384515054392
0.7341607050735244
0.7444779757549365
0.7616601570463505
0.7939576163767416
0.842391614623877
0.9499979388138813
1.062180550879321
1.4872735572079994
1.5179522857363281
3.828211429465405
1.4602571401134101
19.025116111527026
-2.7446628374843343
0.1448528689593701
1.0421284937659698
0.9160414662784241
1.0391692479173074
0.9914139756964586
0.9923755774636835
0.9755245550153575
0.9685167260998695
0.9619293527464834
0.9582021052465247
0.9556364306368683
0.9540990643928097
0.9531324011848759
0.9525509896795334
0.9521978840845213
0.9519869616777878
0.9518609848714972
0.9517863091117904
0.9517421490077365
0.9517161586972875
0.9517009263226275
0.9516920741148915
0.9516870289838394
0.9516843148165474
0.9516831323955568
0.9516831323955824
0.9516843148172631
0.951687028983853
0.9516920741151957
0.9517009263225664
0.9517161586972775
0.9517421490074818
0.9517863091119547
0.9518609848707182
0.9519869616772644
0.9521978840842547
0.9525509896793065
0.9531324011843969
0.954099064392381
0.9556364306362568
0.9582021052462867
0.9619293527460978
0.9685167260996219
0.9755245550153411
0.9923755774639065
0.9914139756967792
1.039169247918056
0.9160414662790497
1.0421284937671593
0.14485286895988903
-2.7446628374836592
-11.728172934161446
-0.4353257589623626
-0.24345680605593006
0.59957846448888
0.769102787725767
0.8939360362130766
0.9426300191526011
0.9680152463397553
0.9799594870401475
0.9856881328825757
0.988460059273401
0.9897482726490227
0.9903533967269005
0.9906217462584082
0.9907380467821074
0.990783498374227
0.9907987874813182
0.9908016213396562
0.9908001325787226
0.9907975853074775
0.9907952247188996
0.9907933913721894
0.9907920966176345
0.9907912470258522
0.9907907425972067
0.9907905093186403
0.990790509318827
0.99079074259708
0.9907912470257157
0.9907920966178625
0.9907933913720728
0.9907952247188239
0.9907975853073827
0.9908001325786514
0.990801621339749
0.9907987874811831
0.9907834983744053
0.9907380467816311
0.9906217462584739
0.9903533967269766
0.9897482726494071
0.9884600592735024
0.9856881328831837
0.9799594870396496
0.9680152463399365
0.9426300191526333
0.8939360362130667
0.7691027877255947
0.5995784644885411
-0.2434568060554875
-0.43532575896254
-11.728172934165078
-15.652950777846295
-0.705321184059576
-0.8407250598232456
0.4445572114381131
0.6311413497968955
0.8371165543318602
0.907247015100375
0.9528031151105125
0.9736715930705677
0.9853872916915385
0.9913277775864329
0.9945341658281347
0.9962168035038201
0.9971166858684806
0.9975944720660872
0.997849549529295
0.9979854666400652
0.9980579720386495
0.9980966101979812
0.998117187677721
0.9981281297666258
0.9981339346955594
0.9981369992179256
0.9981385956697029
0.9981393909613546
0.9981397192987997
0.9981397192985715
0.9981393909617792
0.9981385956694733
0.9981369992179034
0.9981339346950995
0.9981281297669795
0.9981171876779003
0.9980966101983257
0.9980579720382508
0.9979854666398598
0.997849549529156
0.9975944720661512
0.9971166858686524
0.9962168035039807
0.9945341658280298
0.9913277775864313
0.985387291691745
0.9736715930706322
0.9528031151103107
0.9072470151005905
0.8371165543315895
0.6311413497968985
0.4445572114383073
-0.840725059822601
-0.7053211840579043
-15.652950777845199
-17.42335504707951
-0.8334334628718139
-1.1211950425362032
0.3693082235539996
0.5631464100207272
0.80775326736547
0.8879026172853097
0.9432209205447952
0.9683787102458201
0.9830333037281003
0.9905320601887082
0.9946956818687867
0.996919762672485
0.9981408412928018
0.9988041978752898
0.9991681063075095
0.9993673002040319
0.9994767574975784
0.9995369065123281
0.9995700157143876
0.9995882437310126
0.9995982761250428
0.9996037774799529
0.9996067538120422
0.9996082879056942
0.9996089371375242
0.9996089371374071
0.9996082879050678
0.9996067538120115
0.9996037774796829
0.9995982761251004
0.9995882437309145
0.9995700157146536
0.9995369065122375
0.9994767574979359
0.999367300204053
0.9991681063076401
0.9988041978745268
0.9981408412927544
0.9969197626720736
0.9946956818693238
0.9905320601883023
0.9830333037284061
0.9683787102455109
0.9432209205445203
0.8879026172855095
0.8077532673654815
0.5631464100195999
0.36930822355379533
-1.1211950425363808
-0.8334334628734849
-17.423355047080417
-18.238372412620468
-0.8947656307751184
-1.2541257612405858
0.332752139694962
0.529931472299803
0.7930607068247518
0.8780002966861249
0.938074190352069
0.965319605096548
0.9814244303849391
0.9896940986047404
0.9943363004307046
0.9968325255462036
0.9982165088660027
0.9989746412780722
0.9993946101943629
0.9996266563670942
0.9997554629003191
0.9998269700509226
0.9998667533857375
0.9998888948787569
0.9999012172938644
0.9999080494889198
0.9999117851228436
0.9999137283216852
0.9999145560125796
0.9999145560127001
0.999913728322392
0.999911785122853
0.9999080494891679
0.9999012172933422
0.9998888948789129
0.9998667533855279
0.9998269700508109
0.999755462899627
0.9996266563668602
0.9993946101942996
0.9989746412786553
0.9982165088665007
0.9968325255463102
0.9943363004301138
0.9896940986039366
0.981424430383852
0.9653196050964867
0.9380741903518053
0.8780002966861232
0.7930607068248194
0.5299314723001967
0.33275213969668965
-1.254125761240256
-0.8947656307731346
-18.238372412620336
-18.618928494780988
-0.9242911771040082
-1.3176024663762211
0.3149518356196782
0.5137287669551598
0.7857826260818646
0.873041222170327
0.935439594314788
0.9637082638838186
0.9805303996591435
0.9891826718689514
0.9940642511614128
0.9966972278345317
0.998163644617946
0.9989700043750344
0.9994186928366824
0.9996676743414459
0.9998065232490303
0.9998839647059476
0.9999272592652954
0.9999514738188613
0.999965017711101
0.9999725645186639
0.9999767104025907
0.9999788757919214
0.9999798007494181
0.9999798007497888
0.999978875791546
0.9999767104028127
0.9999725645187763
0.9999650177116499
0.9999514738187135
0.9999272592653339
0.9998839647053983
0.9998065232492067
0.9996676743414746
0.9994186928368077
0.9989700043745493
0.9981636446178309
0.9966972278343018
0.994064251161568
0.9891826718690522
0.9805303996593507
0.9637082638838954
0.9354395943150133
0.8730412221703663
0.785782626081807
0.5137287669544557
0.31495183561987306
-1.31760246637674
-0.9242911771049411
-18.618928494781244
-18.798498372826266
-0.9385655628605151
-1.3480975921999132
0.3062638745916443
0.5058173817414201
0.7821886109160419
0.8705777035167197
0.9341146333166322
0.9628868174371314
0.9800640665873481
0.988906490139087
0.9939077413780592
0.9966093724212397
0.9981174053087869
0.9989482271358998
0.9994115627008943
0.9996692257175311
0.9998132512064835
0.9998937683891025
0.9999388931617137
0.999964194431272
0.999978382298293
0.999986307946767
0.9999906724425784
0.9999929567431579
0.9999939339104218
0.9999939339102871
0.999992956743242
0.9999906724426042
0.9999863079467237
0.9999783822981534
0.9999641944315631
0.999938893161999
0.9998937683891378
0.999813251205935
0.9996692257173555
0.9994115627005252
0.998948227136079
0.998117405308924
0.9966093724216314
0.9939077413781956
0.9889064901391331
0.9800640665878582
0.9628868174376224
0.9341146333165755
0.8705777035167044
0.7821886109156166
0.5058173817409565
0.30626387459238946
-1.3480975921997187
-0.9385655628591196
-18.798498372825858
-18.883921709097518
-0.9454913512264256
-1.3628207037180595
0.3020142795347315
0.5019480155358942
0.7804150448434156
0.8693575429232778
0.9334530573817026
0.9624735687522805
0.97982668354986
0.9887636566450828
0.9938246836430571
0.9965607398125458
0.9980897347713185
0.998932928209834
0.9994037050733715
0.9996657977306573
0.9998124767142138
0.9998945777251853
0.9999406494380887
0.9999665156448464
0.9999810398941662
0.999989164355822
0.9999936440761116
0.9999959912804637
0.9999969961344761
0.9999969961342847
0.9999959912800067
0.9999936440757011
0.9999891643556288
0.9999810398942648
0.9999665156448085
0.9999406494377328
0.9998945777248938
0.9998124767146659
0.9996657977307921
0.9994037050733819
0.9989329282100052
0.9980897347712494
0.9965607398119886
0.9938246836433176
0.9887636566453564
0.9798266835499595
0.962473568752249
0.9334530573818332
0.8693575429232474
0.7804150448435174
0.5019480155354781
0.30201427953485405
-1.3628207037186293
-0.9454913512274873
-18.88392170909877
-18.924822587979868
-0.9488621085341569
-1.3699584459518475
0.29993155844636515
0.5000520981198522
0.7795396100311208
0.8687537575810553
0.9331237167702207
0.9622668789807931
0.979707110302436
0.9886911023109369
0.9937819616282517
0.9965352586918047
0.9980747910175144
0.9989242254703755
0.9993987704058533
0.9996631143857881
0.9998111472231612
0.999894059460212
0.9999406181362802
0.9999667760311133
0.999981474668326
0.9999897026060303
0.99999424251815
0.9999966226842929
0.9999976420775327
0.9999976420775267
0.9999966226845636
0.9999942425181094
0.9999897026062642
0.9999814746679806
0.999966776031304
0.999940618135758
0.9998940594599768
0.9998111472230584
0.9996631143855701
0.9993987704058895
0.9989242254708462
0.9980747910177219
0.9965352586914542
0.993781961628051
0.9886911023106921
0.9797071103019848
0.9622668789805442
0.9331237167703561
0.8687537575813499
0.7795396100311962
0.5000520981202827
0.2999315584468647
-1.3699584459524354
-0.9488621085335341
-18.924822587980003
-18.944509814173447
-0.9505071190216043
-1.373430887699321
0.2989089880886017
0.49912147352485053
0.779107223608807
0.8684549835557269
0.9329599696022941
0.9621637752602272
0.9796471732594254
0.9886545484085143
0.9937602861398769
0.9965222090236581
0.9980670295886085
0.9989196057797395
0.9993960536129376
0.9996615381191571
0.9998102590760782
0.9998935849932997
0.9999403928375551
0.9999667004945723
0.9999814889765966
0.9999897704054279
0.9999943415306929
0.9999967388351365
0.9999977658008474
0.9999977658007458
0.9999967388351196
0.9999943415311427
0.9999897704057183
0.999981488976384
0.9999667004944979
0.9999403928374857
0.9998935849927878
0.9998102590760558
0.9996615381190384
0.9993960536134039
0.998919605779895
0.9980670295888456
0.9965222090237214
0.9937602861397559
0.9886545484085961
0.9796471732594965
0.9621637752604566
0.9329599696022699
0.8684549835559868
0.7791072236091526
0.49912147352499486
0.2989089880890094
-1.3734308876991392
-0.9505071190203593
-18.944509814173358
-18.954027800520457
-0.9513118594407819
-1.3751252342517168
0.2984061047130288
0.49866390285278295
0.778893497356622
0.8683070812370433
0.9328785884001144
0.9621124054422787
0.979617201063816
0.9886362058396617
0.9937493606209467
0.9965155957319182
0.9980630668352954
0.9989172219490416
0.9993946286899368
0.9996606894942528
0.9998097591229742
0.9998932952441084
0.9999402300654638
0.9999666142644716
0.9999814487999311
0.9999897577266308
0.9999943449401978
0.9999967510974814
0.999997781980847
0.9999977819808309
0.9999967510972327
0.9999943449399934
0.9999897577266392
0.9999814488001968
0.9999666142646493
0.9999402300659794
0.9998932952442192
0.9998097591232044
0.9996606894940245
0.999394628690072
0.9989172219491561
0.9980630668351629
0.9965155957322254
0.9937493606214011
0.9886362058401066
0.9796172010645396
0.9621124054429167
0.9328785884000564
0.8683070812370719
0.7788934973564734
0.4986639028526979
0.29840610471299955
-1.3751252342516742
-0.9513118594406714
-18.95402780052043
-18.958646469686435
-0.9517063824077017
-1.3759541055638038
0.2981584230605178
0.4984385749292233
0.778787765778841
0.8682338223431311
0.9328381425017065
0.9620868236541008
0.9796022310308955
0.9886270206729686
0.9937438720398379
0.9965122617436881
0.9980610600836911
0.9989160076978885
0.9993938968467461
0.9996602482587441
0.9998094941303247
0.9998931367603849
0.999940136078856
0.9999665592533294
0.9999814172988915
0.9999897402971385
0.9999943357619453
0.9999967464681248
0.9999977793671043
0.9999977793672018
0.9999967464675934
0.9999943357614787
0.9999897402970099
0.9999814172990656
0.999966559253161
0.9999401360790473
0.9998931367604783
0.9998094941309825
0.9996602482586229
0.9993938968466334
0.9989160076977983
0.998061060083415
0.9965122617437749
0.9937438720402989
0.9886270206732337
0.9796022310311285
0.9620868236537075
0.9328381425020862
0.8682338223425283
0.7787877657789948
0.49843857492882415
0.298158423059956
-1.375954105564239
-0.9517063824086642
-18.958646469686535
-18.960894833300344
-0.95190016657009
-1.376360499590767
0.29803626580012393
0.4983274555066516
0.7787354158520031
0.8681975116468803
0.9328180368158514
0.9620740854990464
0.9795947583751256
0.9886224261986984
0.9937411197767482
0.9965105856448064
0.9980600481520232
0.9989153931680799
0.9993935247022583
0.9996600224282842
0.9998093572171811
0.9998930536938939
0.9999400856891418
0.9999665286517823
0.9999813986596241
0.9999897288315988
0.9999943285115844
0.9999967415453792
0.999997775477669
0.9999977754776485
0.9999967415459519
0.9999943285116255
0.9999897288318096
0.9999813986591567
0.9999665286519153
0.9999400856888131
0.9998930536936148
0.9998093572167706
0.9996600224284015
0.999393524701957
0.9989153931690948
0.9980600481519502
0.9965105856447929
0.9937411197758947
0.9886224261982424
0.9795947583745431
0.9620740854989555
0.932818036816104
0.8681975116467804
0.7787354158527242
0.49832745550770285
0.29803626580076537
-1.3763604995905596
-0.951900166567818
-18.960894833299747
-18.961992342158318
-0.9519955138230322
-1.3765601481962535
0.2979759410746866
0.49827258592019885
0.778709474918601
0.8681795017876313
0.9328080389132232
0.9620677420433621
0.9795910291141542
0.9886201293486219
0.9937397410556321
0.9965097443444655
0.9980595390665268
0.9989150832281298
0.9993933364338954
0.999659907739632
0.9998092873220099
0.9998930109750797
0.9999400594911811
0.9999665124780565
0.9999813885553293
0.9999897223757277
0.9999943242020408
0.9999967384235781
0.9999977728822019
0.9999977728821152
0.9999967384228748
0.9999943242026277
0.9999897223756049
0.9999813885560513
0.9999665124776218
0.9999400594913646
0.9998930109746229
0.9998092873228224
0.9996599077398105
0.9993933364342744
0.9989150832276515
0.9980595390662623
0.9965097443444568
0.9937397410568818
0.9886201293486983
0.9795910291145158
0.9620677420428845
0.9328080389141102
0.8681795017878338
0.7787094749191774
0.4982725859196939
0.29797594107356495
-1.376560148196927
-0.9519955138257391
-18.96199234216057
-18.962529362371647
-0.9520424998203274
-1.376658401547195
0.29794611620312494
0.49824545943887344
0.7786966101551672
0.8681705628014518
0.9328030652867079
0.9620645823704594
0.9795891680871325
0.9886189814412233
0.9937390508026065
0.9965093224540483
0.9980592833070825
0.9989149272168292
0.9993932414596354
0.9996598497334331
0.9998092518575975
0.9998929892071071
0.9999400460643155
0.9999665041191581
0.999981383271595
0.9999897189408287
0.9999943218575527
0.9999967366818362
0.999997771409733
0.9999977714097703
0.9999967366833202
0.999994321857862
0.9999897189405942
0.99998138327102
0.9999665041194157
0.9999400460645462
0.9998929892073732
0.9998092518573386
0.9996598497334993
0.9993932414594568
0.9989149272184524
0.9980592833078685
0.9965093224547861
0.9937390508017867
0.9886189814415314
0.9795891680871609
0.9620645823710076
0.9328030652864608
0.8681705628013363
0.7786966101546711
0.49824545943909326
0.29794611620368416
-1.3766584015461296
-0.9520424998173033
-18.962529362369942
-18.962792686028983
-0.9520656862749128
-1.3767068308996755
0.29793135476490873
0.4982320338854338
0.7786902253216585
0.8681661230215698
0.9328005899964166
0.9620630080805741
0.9795882392961823
0.9886184078042559
0.9937387053388005
0.9965091110071089
0.9980591549263985
0.9989148487846891
0.9993931936291623
0.9996598204654761
0.9998092339221325
0.9998929781690016
0.9999400392307336
0.9999664998455946
0.9999813805519054
0.9999897171589373
0.9999943206285766
0.9999967357599706
0.9999977706221899
0.9999977706219405
0.999996735758317
0.9999943206276309
0.9999897171582814
0.9999813805527502
0.999966499845802
0.9999400392315346
0.999892978169052
0.9998092339236566
0.9996598204656013
0.9993931936291904
0.9989148487832005
0.9980591549256281
0.9965091110064586
0.993738705340557
0.9886184078052566
0.9795882392970539
0.9620630080792159
0.9328005899973886
0.8681661230209319
0.7786902253216559
0.4982320338840884
0.29793135476318544
-1.3767068309006851
-0.9520656862792688
-18.962792686032085
-18.962922044947806
-0.9520771425605945
-1.3767307351160596
0.29792404164073055
0.49822538264091654
0.7786870542525274
0.8681639164766445
0.9327993575543085
0.9620622234505142
0.9795877756972554
0.9886181211463754
0.9937385324715133
0.996509005067437
0.9980590905190037
0.9989148093823368
0.9993931695683804
0.999659805720037
0.9998092248724613
0.9998929725879198
0.9999400357686845
0.9999664976733217
0.9999813791650951
0.9999897162441694
0.9999943199931647
0.9999967352784802
0.9999977702120177
0.9999977702124603
0.9999967352809049
0.9999943199936971
0.9999897162441275
0.999981379164072
0.9999664976733026
0.9999400357677919
0.9998929725881569
0.9998092248713968
0.9996598057195902
0.9993931695678087
0.9989148093842111
0.9980590905193043
0.9965090050680916
0.9937385324699828
0.9886181211452436
0.9795877756960067
0.9620622234506975
0.9327993575542681
0.8681639164763875
0.7786870542524323
0.49822538264193783
0.29792404164186637
-1.376730735114894
-0.9520771425547014
-18.962922044944605
-18.9629856935087
-0.9520828090055464
-1.3767425478293385
0.29792041561129856
0.4982220847688751
0.77868547839631
0.8681628192602321
0.9327987437099429
0.9620618322928146
0.979587544270065
0.9886179778987525
0.9937384459805285
0.9965089520064219
0.998059058222031
0.9989147896031396
0.9993931574735007
0.9996597982989168
0.9998092203101476
0.9998929697712635
0.9999400340167406
0.9999664965725128
0.9999813784591125
0.999989715778294
0.9999943196689614
0.9999967350345949
0.9999977700011914
0.9999977700011087
0.9999967350330614
0.999994319669092
0.99998971577822
0.9999813784598517
0.9999664965722396
0.999940034017337
0.9998929697707463
0.9998092203109232
0.9996597982989057
0.9993931574739165
0.9989147896016155
0.9980590582215253
0.9965089520060126
0.9937384459819711
0.9886179778983217
0.9795875442705442
0.9620618322919605
0.9327987437108698
0.8681628192601953
0.778685478397628
0.4982220847685491
0.29792041561079396
-1.3767425478291018
-0.9520828090095772
-18.96298569351231
-18.96301704329113
-0.952085613347034
-1.3767483892801509
0.29791861707398837
0.49822044897283074
0.778684695151642
0.8681622736033714
0.9327984379867155
0.962061637315382
0.9795874287747628
0.9886179063429084
0.9937384027307408
0.9965089254451636
0.9980590420373021
0.9989147796792708
0.9993931514001906
0.9996597945681225
0.9998092180149989
0.999892968351292
0.9999400331337973
0.9999664960161907
0.9999813781028657
0.9999897155412372
0.9999943195038463
0.9999967349075771
0.9999977698930165
0.9999977698936524
0.9999967349089812
0.9999943195041205
0.9999897155415582
0.9999813781021623
0.9999664960163008
0.9999400331335446
0.9998929683514193
0.9998092180147413
0.9996597945678884
0.9993931514004798
0.9989147796806939
0.9980590420380443
0.9965089254455766
0.9937384027297322
0.988617906342842
0.9795874287742431
0.9620616373161524
0.9327984379871663
0.8681622736026947
0.7786846951512985
0.4982204489731987
0.29791861707398604
-1.3767483892792411
-0.9520856133441755
-18.963017043289348
-18.96303247444471
-0.9520869997088799
-1.3767512750280613
0.29791772613935924
0.498219638634775
0.7786843064335187
0.8681620026587933
0.9327982859767798
0.9620615402986766
0.9795873712426428
0.9886178706689825
0.9937383811468334
0.9965089121803086
0.9980590339481339
0.9989147747162468
0.9993931483587124
0.9996597926975344
0.9998092168618972
0.9998929676377766
0.9999400326888002
0.9999664957357596
0.9999813779223556
0.9999897154227164
0.9999943194208145
0.9999967348453032
0.999997769838694
0.9999977698384047
0.9999967348440619
0.9999943194201114
0.9999897154227619
0.9999813779229747
0.9999664957360324
0.9999400326890864
0.9998929676377251
0.999809216862318
0.9996597926969331
0.9993931483585197
0.9989147747146748
0.9980590339475586
0.9965089121799279
0.9937383811478453
0.9886178706692987
0.9795873712431279
0.9620615402981844
0.9327982859770202
0.8681620026575829
0.7786843064334363
0.4982196386333147
0.2979177261373731
-1.3767512750298136
-0.9520869997113814
-18.96303247444395
-18.9630400153224
-0.952087679818659
-1.3767526898112878
0.2979172882835164
0.49821924037725457
0.778684115079793
0.8681618692195201
0.9327982110252668
0.9620614924300397
0.9795873428297082
0.9886178530379287
0.9937383704709126
0.996508905612608
0.9980590299388554
0.9989147722534037
0.9993931468493924
0.9996597917690571
0.9998092162900266
0.9998929672834572
0.9999400324677957
0.9999664955962232
0.999981377832617
0.999989715362531
0.9999943193786259
0.9999967348122712
0.9999977698111122
0.999997769810983
0.9999967348130887
0.9999943193786925
0.9999897153629693
0.9999813778319576
0.9999664955959874
0.9999400324674615
0.9998929672827765
0.9998092162894119
0.9996597917689032
0.9993931468491652
0.9989147722539384
0.9980590299383788
0.996508905612199
0.9937383704695496
0.9886178530371974
0.9795873428292371
0.9620614924304481
0.932798211024788
0.8681618692197006
0.7786841150803887
0.4982192403774828
0.29791728828457303
-1.376752689810651
-0.9520876798167355
-18.963040015322523
-18.96304357406325
-0.9520880018131401
-1.3767533592975179
0.29791708066976536
0.49821905153394586
0.7786840242221754
0.868161805836688
0.932798175388275
0.9620614696579326
0.9795873293018019
0.9886178446375664
0.9937383653799794
0.9965089024792075
0.9980590280246804
0.9989147710775187
0.9993931461275902
0.999659791324748
0.9998092160156845
0.9998929671136211
0.9999400323616845
0.9999664955290057
0.9999813777890596
0.9999897153337349
0.9999943193580476
0.9999967347970474
0.9999977697978306
0.9999977697982239
0.9999967347970139
0.9999943193583902
0.9999897153335768
0.9999813777893204
0.9999664955286328
0.9999400323613722
0.9998929671127922
0.9998092160161287
0.9996597913248241
0.9993931461277018
0.9989147710771309
0.9980590280249853
0.9965089024790033
0.9937383653795535
0.9886178446379619
0.9795873293018245
0.9620614696580101
0.9327981753884249
0.8681618058366993
0.7786840242231987
0.49821905153365764
0.2979170806708402
-1.3767533592975827
-0.9520880018138682
-18.963043574065807
-18.9630449888909
-0.9520881301142263
-1.3767536259643491
0.29791699785884196
0.4982189762081055
0.7786839879470421
0.8681617805237114
0.9327981611464675
0.9620614605538054
0.9795873238905941
0.988617841276334
0.9937383633421946
0.9965089012243689
0.9980590272577351
0.9989147706058904
0.9993931458381027
0.9996597911461598
0.9998092159053198
0.999892967045032
0.9999400323190363
0.999966495501575
0.9999813777723432
0.9999897153220665
0.9999943193502873
0.9999967347910258
0.9999977697929261
0.9999977697926012
0.9999967347909069
0.9999943193500958
0.9999897153224182
0.9999813777718727
0.9999664955019926
0.9999400323191364
0.9998929670446342
0.9998092159060975
0.9996597911461416
0.9993931458378311
0.9989147706059625
0.9980590272586147
0.9965089012238915
0.9937383633420056
0.9886178412774991
0.9795873238910875
0.9620614605538512
0.932798161146878
0.8681617805232779
0.7786839879470254
0.49821897620710776
0.2979169978592109
-1.3767536259641693
-0.9520881301133612
-18.963044988891127
-18.963044988892584
-0.9520881301139985
-1.3767536259642807
0.2979169978590045
0.49821897620802924
0.7786839879466634
0.8681617805234347
0.9327981611464107
0.9620614605537655
0.9795873238905659
0.9886178412768668
0.9937383633426982
0.9965089012251896
0.9980590272584877
0.9989147706062595
0.9993931458380373
0.999659791145664
0.9998092159051055
0.9998929670446529
0.9999400323185421
0.9999664955017024
0.9999813777721522
0.9999897153223298
0.9999943193507593
0.9999967347912748
0.9999977697930438
0.9999977697919054
0.9999967347908227
0.9999943193502077
0.9999897153226693
0.9999813777723927
0.9999664955023577
0.9999400323192371
0.999892967044868
0.9998092159052422
0.9996597911456605
0.9993931458372596
0.9989147706057757
0.998059027257978
0.9965089012244828
0.9937383633426431
0.9886178412772636
0.9795873238904929
0.9620614605541242
0.9327981611461662
0.868161780523259
0.7786839879463368
0.49821897620722505
0.2979169978584637
-1.3767536259638742
-0.9520881301140642
-18.963044988891617
-18.96304357406538
-0.9520880018141129
-1.3767533592976107
0.29791708066933376
0.4982190515337232
0.7786840242220716
0.8681618058363307
0.9327981753879689
0.9620614696578659
0.9795873293020221
0.9886178446381787
0.9937383653805487
0.9965089024794365
0.998059028024979
0.9989147710774011
0.9993931461279126
0.9996597913245243
0.9998092160156918
0.9998929671130558
0.9999400323614253
0.9999664955288015
0.9999813777893878
0.9999897153337145
0.9999943193579979
0.9999967347969294
0.9999977697978647
0.999997769798161
0.9999967347974592
0.9999943193589491
0.9999897153343023
0.9999813777896076
0.9999664955287946
0.9999400323614797
0.9998929671121548
0.9998092160148819
0.9996597913235888
0.9993931461271153
0.9989147710773563
0.9980590280247137
0.9965089024792584
0.9937383653796472
0.9886178446374363
0.9795873293014146
0.9620614696580969
0.932798175387237
0.868161805836219
0.7786840242226958
0.4982190515344633
0.29791708067062994
-1.376753359296905
-0.952088001812593
-18.963043574065004
-18.963040015318185
-0.9520876798166884
-1.3767526898115348
0.29791728828344416
0.4982192403778064
0.7786841150796052
0.8681618692195812
0.9327982110253736
0.9620614924303221
0.9795873428291368
0.9886178530373237
0.9937383704698665
0.9965089056120957
0.9980590299380785
0.998914772253539
0.9993931468488564
0.9996597917685779
0.9998092162896366
0.999892967283841
0.9999400324678325
0.9999664955960361
0.9999813778317772
0.9999897153621777
0.9999943193783081
0.9999967348132367
0.9999977698110747
0.99999776981117
0.9999967348123453
0.999994319378934
0.9999897153624564
0.9999813778323876
0.9999664955953151
0.9999400324675809
0.9998929672825198
0.9998092162909158
0.9996597917689554
0.9993931468496032
0.9989147722528962
0.9980590299382863
0.9965089056114381
0.9937383704702099
0.9886178530372758
0.9795873428299513
0.9620614924298698
0.9327982110264896
0.8681618692200406
0.7786841150815035
0.4982192403769291
0.2979172882846472
-1.3767526898109725
-0.9520876798188478
-18.96304001532311
-18.963032474443892
-0.9520869997141632
-1.3767512750295043
0.29791772613739065
0.4982196386337428
0.7786843064338274
0.8681620026586593
0.9327982859773087
0.9620615402980295
0.9795873712427383
0.9886178706692326
0.9937383811474796
0.9965089121792823
0.998059033947212
0.9989147747147714
0.9993931483587011
0.9996597926975861
0.9998092168629193
0.999892967637396
0.999940032688518
0.9999664957355021
0.999981377923281
0.999989715422545
0.9999943194208505
0.9999967348443586
0.9999977698388922
0.9999977698386205
0.9999967348459742
0.99999431942024
0.9999897154225991
0.9999813779214409
0.9999664957358119
0.999940032688593
0.9998929676380297
0.9998092168621167
0.9996597926975306
0.9993931483587992
0.9989147747168352
0.9980590339481702
0.9965089121803477
0.9937383811472835
0.9886178706693902
0.9795873712429897
0.9620615402993367
0.9327982859774795
0.8681620026584957
0.7786843064331732
0.4982196386350862
0.29791772613916057
-1.3767512750287414
-0.952086999708092
-18.963032474439505
-18.96301704328847
-0.9520856133416064
-1.376748389277967
0.29791861707567346
0.4982204489741183
0.7786846951512228
0.8681622736030812
0.9327984379857772
0.9620616373158657
0.9795874287737922
0.9886179063429723
0.993738402729879
0.996508925446907
0.9980590420388917
0.9989147796813669
0.9993931513996396
0.9996597945672788
0.9998092180130751
0.9998929683511177
0.999940033133441
0.9999664960162333
0.9999813781020697
0.9999897155422282
0.9999943195044785
0.999996734909423
0.999997769893034
0.9999977698932514
0.9999967349068034
0.9999943195036829
0.9999897155410994
0.9999813781032537
0.9999664960159143
0.999940033133632
0.9998929683510187
0.9998092180156188
0.9996597945678962
0.9993931514006585
0.9989147796794925
0.9980590420377645
0.996508925445899
0.993738402732274
0.9886179063432545
0.9795874287751277
0.9620616373152631
0.9327984379865988
0.8681622736024359
0.7786846951506425
0.4982204489716986
0.2979186170717343
-1.376748389280304
-0.9520856133491857
-18.963017043291913
-18.962985693511293
-0.9520828090092475
-1.3767425478310484
0.2979204156093067
0.4982220847668168
0.7786854783967088
0.8681628192604072
0.9327987437105667
0.9620618322918647
0.9795875442711526
0.9886179778994435
0.9937384459828869
0.9965089520063433
0.9980590582213775
0.9989147896007925
0.999393157473607
0.9996597982990493
0.9998092203112519
0.9998929697706012
0.999940034016991
0.9999664965719517
0.9999813784605214
0.9999897157779873
0.9999943196690688
0.9999967350323669
0.9999977700008422
0.9999977700007284
0.9999967350348535
0.999994319669297
0.9999897157786701
0.9999813784589784
0.9999664965731236
0.9999400340171638
0.999892969770849
0.9998092203095008
0.9996597982983338
0.9993931574729404
0.9989147896032571
0.9980590582223099
0.9965089520066319
0.9937384459805385
0.9886179778984296
0.9795875442701332
0.9620618322919254
0.9327987437101573
0.8681628192598811
0.7786854783967192
0.49822208476992536
0.29792041561217275
-1.376742547828236
-0.9520828090035272
-18.96298569350717
-18.962922044946087
-0.9520771425521881
-1.37673073511457
0.297924041642755
0.498225382642569
0.7786870542525548
0.8681639164772734
0.9327993575542335
0.9620622234518186
0.9795877756966478
0.9886181211454981
0.9937385324691892
0.9965090050671904
0.9980590905190293
0.9989148093838831
0.999393169567899
0.9996598057201841
0.9998092248715253
0.9998929725893329
0.999940035769046
0.9999664976736363
0.9999813791635219
0.999989716243991
0.9999943199931518
0.9999967352806893
0.9999977702119559
0.9999977702126863
0.9999967352792374
0.9999943199935297
0.9999897162436926
0.9999813791653818
0.999966497672671
0.9999400357684121
0.9998929725879695
0.999809224874059
0.9996598057205573
0.9993931695688392
0.9989148093822373
0.9980590905185714
0.996509005066428
0.9937385324711328
0.9886181211461658
0.9795877756975756
0.9620622234503864
0.9327993575560483
0.868163916477417
0.7786870542531898
0.4982253826409001
0.2979240416401885
-1.3767307351166158
-0.9520771425599976
-18.96292204495049
-18.96279268603468
-0.9520656862816068
-1.3767068309004928
0.297931354763157
0.4982320338841715
0.7786902253227417
0.868166123021864
0.9328005899966845
0.9620630080799581
0.9795882392969711
0.9886184078046085
0.9937387053399824
0.9965091110057145
0.9980591549253859
0.998914848782476
0.9993931936296427
0.9996598204661713
0.9998092339236605
0.9998929781685513
0.9999400392310758
0.9999664998450661
0.9999813805530089
0.9999897171585702
0.9999943206287738
0.9999967357578843
0.9999977706226415
0.9999977706225827
0.9999967357600488
0.9999943206278961
0.9999897171586565
0.9999813805515071
0.9999664998459592
0.9999400392315769
0.9998929781700165
0.9998092339224296
0.9996598204656711
0.9993931936292906
0.9989148487855978
0.9980591549263607
0.9965091110081299
0.9937387053393713
0.9886184078047751
0.9795882392963695
0.9620630080809967
0.9328005899970093
0.8681661230217508
0.77869022532232
0.49823203388618376
0.2979313547650294
-1.3767068308994772
-0.952065686273762
-18.962792686028468
-18.96252936236788
-0.9520424998165924
-1.3766584015452388
0.2979461162048618
0.498245459440116
0.7786966101543658
0.8681705628011649
0.9328030652856196
0.9620645823706244
0.9795891680863902
0.9886189814411858
0.9937390508020489
0.9965093224555854
0.9980592833087545
0.9989149272188961
0.9993932414589148
0.999659849732642
0.999809251855342
0.9998929892066458
0.9999400460638287
0.9999665041199004
0.9999813832711066
0.9999897189415929
0.9999943218581105
0.999996736683403
0.9999977714094054
0.9999977714095829
0.9999967366807772
0.9999943218574661
0.9999897189406184
0.9999813832717013
0.9999665041192409
0.9999400460642045
0.9998929892067155
0.999809251857825
0.9996598497331541
0.9993932414592939
0.9989149272168969
0.9980592833073224
0.996509322454675
0.9937390508032558
0.9886189814421085
0.9795891680877313
0.9620645823699774
0.9328030652858756
0.8681705628001912
0.7786966101542858
0.49824545943765425
0.29794611620167655
-1.376658401547319
-0.9520424998242591
-18.962529362370372
-18.961992342161917
-0.9519955138270055
-1.3765601481970733
0.297975941074089
0.4982725859191912
0.7787094749185861
0.8681795017876273
0.9328080389136708
0.9620677420431056
0.9795910291150363
0.9886201293491016
0.9937397410568549
0.9965097443443411
0.9980595390663481
0.9989150832269795
0.999393336434242
0.9996599077401074
0.9998092873224335
0.9998930109744908
0.9999400594914571
0.9999665124776123
0.999981388556209
0.9999897223754186
0.9999943242019012
0.9999967384221504
0.9999977728817848
0.9999977728823374
0.9999967384238899
0.9999943242026477
0.9999897223761379
0.9999813885554083
0.9999665124781147
0.9999400594914071
0.9998930109747963
0.9998092873213245
0.9996599077388091
0.9993933364338281
0.9989150832283245
0.9980595390669751
0.9965097443446882
0.9937397410560027
0.9886201293480407
0.9795910291137657
0.962067742042415
0.9328080389134101
0.8681795017872409
0.7787094749186314
0.4982725859209739
0.2979759410754542
-1.376560148196013
-0.9519955138241172
-18.961992342158517
-18.960894833301666
-0.9519001665670639
-1.3763604995898233
0.2980362658012031
0.49832745550740687
0.7787354158518434
0.8681975116473344
0.9328180368160701
0.962074085499511
0.9795947583741846
0.9886224261978975
0.9937411197754182
0.9965105856440192
0.9980600481515105
0.99891539316817
0.9993935247018155
0.9996600224284385
0.999809357217172
0.9998930536949306
0.9999400856894775
0.9999665286520887
0.999981398659043
0.9999897288310515
0.9999943285110405
0.9999967415458493
0.9999977754781639
0.9999977754781935
0.9999967415462245
0.9999943285117905
0.9999897288319074
0.9999813986595489
0.9999665286517698
0.9999400856890694
0.9998930536936584
0.9998093572178959
0.9996600224288072
0.999393524702574
0.9989153931678854
0.9980600481514139
0.9965105856435952
0.9937411197761326
0.9886224261980023
0.9795947583750215
0.9620740854994717
0.932818036816603
0.8681975116475789
0.7787354158526361
0.4983274555072199
0.2980362658010969
-1.376360499591118
-0.9519001665697878
-18.96089483330357
-18.95864646968687
-0.9517063824087164
-1.3759541055637792
0.29815842306029144
0.49843857492920374
0.7787877657787742
0.8682338223432357
0.932838142502239
0.9620868236538977
0.9796022310304875
0.988627020672594
0.9937438720389029
0.996512261742119
0.998061060082895
0.9989160076970787
0.9993938968467388
0.9996602482591272
0.9998094941312103
0.9998931367607196
0.9999401360786433
0.9999665592534794
0.9999814172989507
0.9999897402968887
0.9999943357617271
0.999996746467767
0.9999977793674315
0.9999977793672661
0.9999967464679662
0.9999943357615875
0.9999897402967372
0.9999814172981492
0.999966559253134
0.9999401360786888
0.9998931367611834
0.9998094941309759
0.9996602482589914
0.9993938968468945
0.9989160076978869
0.998061060083113
0.9965122617435598
0.9937438720396351
0.9886270206729335
0.9796022310310881
0.962086823654769
0.9328381425020696
0.8682338223434277
0.7787877657780158
0.4984385749287671
0.2981584230598473
-1.375954105563901
-0.9517063824088352
-18.95864646968483
-18.954027800521942
-0.9513118594390928
-1.375125234250763
0.29840610471364515
0.4986639028530446
0.7788934973565191
0.8683070812363249
0.9328785883989146
0.9621124054412731
0.9796172010636075
0.9886362058398581
0.9937493606216663
0.9965155957337093
0.9980630668369692
0.998917221949766
0.9993946286901205
0.9996606894939153
0.999809759121663
0.999893295243238
0.9999402300653638
0.9999666142645544
0.9999814488001372
0.999989757727344
0.999994344940395
0.9999967510972677
0.9999977819803807
0.999997781980597
0.9999967510964762
0.9999943449395795
0.9999897577262786
0.9999814488002443
0.9999666142650369
0.999940230066014
0.9998932952432771
0.9998097591221606
0.9996606894928404
0.9993946286894957
0.9989172219489395
0.9980630668360526
0.9965155957334069
0.9937493606220742
0.9886362058407346
0.9796172010642364
0.9621124054415404
0.9328785883987785
0.8683070812357335
0.7788934973549418
0.4986639028520804
0.29840610471237283
-1.375125234251295
-0.9513118594435815
-18.954027800522674
-18.944509814177685
-0.9505071190217935
-1.3734308877003873
0.2989089880879512
0.4991214735247526
0.7791072236090891
0.8684549835555198
0.9329599696022646
0.962163775260497
0.9796471732599985
0.9886545484093234
0.9937602861410668
0.996522209024689
0.9980670295892246
0.998919605780233
0.999396053613831
0.9996615381196956
0.9998102590765356
0.9998935849934503
0.9999403928377522
0.9999667004944601
0.9999814889768325
0.9999897704055294
0.9999943415308727
0.9999967388350446
0.9999977658010747
0.9999977658006005
0.9999967388352291
0.9999943415310725
0.9999897704059888
0.9999814889765622
0.9999667004945694
0.9999403928366912
0.9998935849919619
0.9998102590762217
0.9996615381189127
0.999396053612943
0.9989196057802867
0.9980670295892271
0.9965222090232185
0.9937602861396725
0.9886545484078303
0.9796471732587646
0.9621637752593464
0.9329599696017441
0.8684549835558018
0.7791072236090246
0.4991214735260838
0.2989089880904526
-1.3734308876979724
-0.950507119019618
-18.944509814177835
-18.924822587979975
-0.9488621085336567
-1.3699584459520076
0.29993155844591646
0.5000520981202776
0.7795396100317292
0.8687537575816511
0.9331237167713891
0.9622668789816109
0.979707110302591
0.9886911023110361
0.9937819616274937
0.9965352586909656
0.9980747910170213
0.9989242254709239
0.9993987704061567
0.9996631143863148
0.9998111472239712
0.9998940594610244
0.9999406181364658
0.9999667760312603
0.9999814746679005
0.9999897026051281
0.9999942425176839
0.9999966226843069
0.9999976420774799
0.9999976420772874
0.9999966226842254
0.9999942425187398
0.9999897026059543
0.9999814746683593
0.999966776031453
0.9999406181361987
0.9998940594606367
0.9998111472239616
0.9996631143857666
0.9993987704057407
0.9989242254706099
0.9980747910167227
0.9965352586904951
0.9937819616279077
0.9886911023105164
0.9797071103019072
0.9622668789812672
0.933123716771386
0.8687537575818227
0.7795396100319634
0.5000520981197911
0.29993155844630975
-1.3699584459531433
-0.9488621085311477
-18.92482258798217
-18.883921709096477
-0.9454913512295893
-1.3628207037182052
0.30201427953400267
0.5019480155352879
0.7804150448441208
0.8693575429238596
0.9334530573826989
0.9624735687523193
0.9798266835504243
0.9887636566449342
0.9938246836430659
0.9965607398113427
0.9980897347698554
0.9989329282084128
0.9994037050740451
0.9996657977315023
0.999812476715304
0.99989457772491
0.9999406494384695
0.9999665156445261
0.9999810398940889
0.999989164355584
0.9999936440757076
0.9999959912790468
0.9999969961337976
0.9999969961346832
0.9999959912809941
0.9999936440758588
0.9999891643558919
0.9999810398941573
0.9999665156445827
0.9999406494383941
0.9998945777254588
0.9998124767149315
0.9996657977308009
0.9994037050738377
0.9989329282102035
0.9980897347711658
0.9965607398122169
0.9938246836423267
0.9887636566448113
0.9798266835493458
0.9624735687537295
0.9334530573818403
0.8693575429239166
0.7804150448439138
0.5019480155358033
0.30201427953520077
-1.3628207037177265
-0.9454913512233315
-18.88392170909404
-18.798498372822806
-0.9385655628542726
-1.3480975921976808
0.30626387459384796
0.50581738174247
0.7821886109157082
0.8705777035162169
0.9341146333156418
0.9628868174369536
0.9800640665867815
0.9889064901393299
0.9939077413779234
0.9966093724235252
0.9981174053109878
0.9989482271386555
0.9994115627008917
0.999669225716671
0.9998132512045819
0.9998937683886487
0.9999388931612677
0.9999641944318427
0.9999783822981368
0.9999863079476135
0.9999906724432603
0.9999929567450279
0.9999939339106633
0.999993933910557
0.9999929567419896
0.9999906724421723
0.9999863079468586
0.9999783822987529
0.999964194431292
0.9999388931624884
0.999893768388323
0.9998132512064226
0.999669225716362
0.9994115627009099
0.9989482271347966
0.9981174053092197
0.9966093724222524
0.9939077413802663
0.9889064901403102
0.980064066587824
0.9628868174362939
0.9341146333163259
0.8705777035154217
0.7821886109155015
0.5058173817399827
0.3062638745917081
-1.3480975921995348
-0.938565562864472
-18.798498372830437
-18.6189284947834
-0.9242911771105661
-1.3176024663772299
0.3149518356186318
0.5137287669535852
0.7857826260819187
0.873041222169592
0.9354395943152422
0.9637082638828999
0.9805303996600029
0.9891826718699804
0.9940642511638178
0.9966972278346303
0.9981636446181861
0.9989700043738269
0.999418692837591
0.9996676743418237
0.9998065232504953
0.9998839647053763
0.9999272592650965
0.9999514738184653
0.9999650177125348
0.9999725645188617
0.9999767104024636
0.9999788757902355
0.9999798007496021
0.9999798007498608
0.9999788757939214
0.9999767104036893
0.9999725645191181
0.9999650177105852
0.9999514738187478
0.9999272592643689
0.9998839647050617
0.9998065232478496
0.9996676743411751
0.9994186928366098
0.9989700043763272
0.9981636446186459
0.9966972278352241
0.9940642511600934
0.989182671868137
0.9805303996579611
0.9637082638845087
0.9354395943142588
0.8730412221697373
0.7857826260819427
0.5137287669554558
0.3149518356220734
-1.3176024663748878
-0.9242911770998923
-18.618928494778032
-18.23837241261519
-0.8947656307699046
-1.254125761238847
0.33275213969686973
0.5299314723007449
0.7930607068246099
0.8780002966864813
0.938074190351954
0.965319605097597
0.9814244303844273
0.9896940986038736
0.994336300427884
0.99683252554604
0.998216508865391
0.9989746412789918
0.9993946101930028
0.9996266563667293
0.9997554628994589
0.9998269700522404
0.9998667533862305
0.9998888948790118
0.9999012172916989
0.9999080494882491
0.9999117851225827
0.9999137283233206
0.999914556012568
0.9999145560126572
0.9999137283201114
0.999911785122131
0.9999080494882961
0.999901217294487
0.99988889487854
0.9998667533861572
0.9998269700509357
0.9997554629012988
0.9996266563673881
0.9993946101946283
0.9989746412764071
0.9982165088646093
0.9968325255444641
0.9943363004308239
0.9896940986034268
0.9814244303848654
0.9653196050961363
0.9380741903528427
0.8780002966870778
0.79306070682687
0.5299314722991302
0.3327521396950599
-1.2541257612423875
-0.8947656307762326
-18.23837241262422
-17.423355047088496
-0.833433462876918
-1.1211950425377712
0.36930822355299786
0.5631464100196302
0.8077532673661859
0.8879026172856725
0.9432209205454857
0.9683787102446968
0.9830333037290118
0.9905320601883634
0.994695681869626
0.9969197626708067
0.998140841290904
0.9988041978728144
0.9991681063076092
0.9993673002050325
0.9994767574992669
0.9995369065115636
0.9995700157146393
0.999588243730472
0.9995982761262676
0.9996037774795249
0.9996067538114826
0.9996082879033028
0.9996089371374506
0.9996089371380892
0.9996082879081243
0.9996067538127549
0.9996037774805935
0.9995982761240279
0.9995882437313783
0.9995700157139884
0.999536906512736
0.9994767574969474
0.9993673002041781
0.9991681063075724
0.9988041978765574
0.9981408412933865
0.9969197626726927
0.9946956818670876
0.9905320601886473
0.9830333037280332
0.9683787102471382
0.9432209205444322
0.8879026172852927
0.8077532673650836
0.5631464100212245
0.36930822355573667
-1.1211950425342299
-0.8334334628661821
-17.4233550470824
-15.652950777847401
-0.7053211840503035
-0.8407250598216083
0.44455721143923677
0.6311413497977716
0.8371165543308718
0.9072470150999661
0.9528031151091072
0.9736715930711226
0.9853872916905139
0.9913277775859815
0.9945341658268911
0.9962168035055121
0.9971166858697482
0.9975944720681369
0.997849549528601
0.9979854666389519
0.9980579720362777
0.9980966101973745
0.9981171876769035
0.9981281297668088
0.9981339346945435
0.9981369992188897
0.9981385956707955
0.9981393909644533
0.9981397192990561
0.9981397192979622
0.9981393909592808
0.9981385956687079
0.9981369992175917
0.9981339346968073
0.9981281297671433
0.998117187679054
0.9980966101975248
0.9980579720391575
0.9979854666385913
0.997849549528806
0.9975944720639626
0.9971166858684266
0.9962168035037833
0.9945341658303899
0.9913277775873214
0.9853872916923943
0.973671593069116
0.9528031151103431
0.9072470150993215
0.8371165543311512
0.6311413497954943
0.44455721143705174
-0.8407250598250235
-0.705321184064754
-15.652950777849867
-11.728172934165126
-0.43532575896710857
-0.2434568060562015
0.5995784644872135
0.7691027877249719
0.8939360362133171
0.9426300191516195
0.9680152463397396
0.9799594870387904
0.98568813288293
0.988460059274292
0.9897482726513644
0.9903533967274474
0.9906217462582099
0.9907380467807877
0.9907834983745101
0.9907987874804718
0.9908016213404087
0.9908001325778053
0.9907975853072648
0.9907952247188353
0.9907933913735185
0.9907920966178823
0.9907912470257407
0.990790742595653
0.990790509318941
0.9907905093184904
0.990790742598805
0.9907912470263249
0.9907920966179047
0.9907933913714058
0.9907952247186802
0.9907975853058095
0.9908001325776508
0.9908016213379811
0.9907987874804076
0.9907834983731296
0.990738046783753
0.9906217462588605
0.9903533967273319
0.9897482726481339
0.9884600592736297
0.9856881328819688
0.9799594870401109
0.9680152463390234
0.9426300191522354
0.8939360362133805
0.7691027877269826
0.5995784644908745
-0.24345680605468265
-0.43532575895731307
-11.728172934160394
-2.7446628374848094
0.14485286895979382
1.0421284937654556
0.916041466278373
1.0391692479181758
0.9914139756962778
0.9923755774644715
0.975524555015683
0.9685167261008336
0.9619293527462119
0.9582021052459722
0.9556364306353404
0.954099064392447
0.9531324011846392
0.9525509896803326
0.9521978840847627
0.9519869616783143
0.9518609848715803
0.9517863091126118
0.9517421490080207
0.9517161586982006
0.9517009263218164
0.9516920741151265
0.9516870289833967
0.9516843148182457
0.9516831323957023
0.9516831323953313
0.9516843148163734
0.9516870289831715
0.951692074114893
0.9517009263220642
0.9517161586970398
0.9517421490076474
0.9517863091121107
0.9518609848720805
0.9519869616784374
0.9521978840852867
0.952550989679606
0.9531324011845633
0.9540990643925698
0.9556364306380599
0.9582021052467831
0.9619293527467419
0.9685167261002374
0.975524555016686
0.9923755774646726
0.9914139756978204
1.0391692479181673
0.9160414662793237
1.0421284937663369
0.14485286896039384
-2.7446628374883106
19.02511611151948
1.4602571401158466
3.8282114294658607
1.5179522857367558
1.4872735572082822
1.0621805508806812
0.9499979388132149
0.8423916146231363
0.7939576163749889
0.7616601570460018
0.7444779757550288
0.7341607050740621
0.7283845150548451
0.7250286319677304
0.7231216539634899
0.7220258426274647
0.7214006758716225
0.7210428559414367
0.7208385623957628
0.720721839386854
0.7206552424541646
0.7206173001583195
0.7205958011830433
0.720583814648947
0.7205774784481989
0.7205747500088147
0.7205747500091922
0.7205774784493761
0.7205838146476509
0.7205958011821845
0.7206173001581262
0.7206552424543713
0.7207218393862602
0.7208385623957084
0.721042855940922
0.7214006758716087
0.722025842627555
0.7231216539655261
0.7250286319692274
0.7283845150566651
0.7341607050751093
0.7444779757566518
0.7616601570464551
0.7939576163753512
0.8423916146213801
0.9499979388104334
1.0621805508784963
1.487273557207954
1.517952285738558
3.828211429466493
1.4602571401163127
19.025116111521122
78.45431498298268
4.880274724006977
9.626957390697235
2.0476311579832656
1.4033356092909668
0.09427099736210391
-0.31023246579587405
-0.6230705351363414
-0.7658095811325181
-0.8532419245241145
-0.8987367596159703
-0.9247828677336423
-0.9389624065083304
-0.946929997801719
-0.951340801909332
-0.9538098071383916
-0.9551865917425331
-0.9559576882626613
-0.956389356002107
-0.9566314892213669
-0.9567673192879378
-0.9568435020152709
-0.9568860586939465
-0.9569094902150618
-0.9569217513147474
-0.9569269953845674
-0.9569269953852793
-0.9569217513176991
-0.9569094902153602
-0.9568860586939747
-0.9568435020143837
-0.9567673192858108
-0.9566314892191905
-0.956389356002127
-0.955957688263839
-0.9551865917432609
-0.9538098071398857
-0.9513408019140663
-0.9469299978017931
-0.9389624065047991
-0.9247828677252694
-0.8987367596092664
-0.8532419245180229
-0.7658095811338945
-0.6230705351424739
-0.3102324658025199
0.09427099735871475
1.4033356092897797
2.047631157985625
9.62695739069957
4.880274723999902
78.45431498298268
308.9807332220935
13.466797107039813
13.628713294046765
-11.623777858349786
-15.421493005807774
-19.51007185501974
-20.884497278869496
-21.792585912938883
-22.204393764196837
-22.440350920290257
-22.560224372730573
-22.62628832386145
-22.661397594108642
-22.68061488526446
-22.69103514006553
-22.696752355983303
-22.699885710434227
-22.701612535642585
-22.702565333961118
-22.703092683473443
-22.70338492662877
-22.703547011679454
-22.703636643569883
-22.70368555859548
-22.703710971511867
-22.703721788545266
-22.703721788547266
-22.703710971516728
-22.70368555859612
-22.703636643568103
-22.70354701168975
-22.70338492660943
-22.70309268346616
-22.70256533396542
-22.701612535642333
-22.699885710439247
-22.69675235598484
-22.69103514007932
-22.680614885252922
-22.661397594112138
-22.626288323873407
-22.560224372720416
-22.44035092028033
-22.20439376418416
-21.79258591293749
-20.884497278878346
-19.51007185503404
-15.421493005814686
-11.623777858354382
13.628713294046385
13.466797107049947
308.98073322209694