-243.51057214503157
5.496982942677113
0.5248646957680709
17.195761182141105
17.040098955174916
18.531709103868273
18.547225705303465
18.694552681478967
18.699851692311608
18.715327630004868
18.716357199055118
18.71806714094442
18.71824101277917
18.7184392037586
18.71846708486062
18.718491185417324
18.718495571445594
18.718498640095277
18.718499311978725
18.718499666460577
18.718499666464062
18.7184993119779
18.718498640098083
18.71849557143586
18.718491185424945
18.71846708485947
18.718439203764078
18.718241012773127
18.718067140948534
18.71635719905171
18.71532763000451
18.699851692314866
18.694552681481046
18.54722570529656
18.531709103866948
17.04009895517571
17.195761182143332
0.524864695770077
5.496982942676841
-243.5105721450273
-32.19102724142875
-0.6069893289070092
-3.3664477577235696
-0.7280507489182863
-0.9686554576693931
-0.7571534365816375
-0.7795424121257415
-0.7629788363694836
-0.7650799888172346
-0.7638305684671217
-0.7640206406913508
-0.7639321470134487
-0.763947434863131
-0.763941658253726
-0.763942459114719
-0.7639420817089753
-0.7639420205477336
-0.7639419825946007
-0.7639419511335541
-0.7639419453331133
-0.7639419453326105
-0.7639419511336268
-0.7639419825951503
-0.763942020547305
-0.763942081709443
-0.7639424591142696
-0.7639416582539632
-0.763947434863121
-0.7639321470130529
-0.7640206406917341
-0.7638305684673842
-0.7650799888166777
-0.7629788363694519
-0.7795424121263754
-0.7571534365823147
-0.9686554576692836
-0.7280507489185768
-3.366447757723162
-0.6069893289065235
-32.19102724142813
0.7702784267989932
-0.4116210121521355
-1.2174451930331847
-0.90268228455897
-0.9970946836562298
-0.9555930934802557
-0.9664233110615401
-0.9623030711056693
-0.9635843489401709
-0.9632265401462716
-0.9633833100738454
-0.9633569728486979
-0.963376886717605
-0.9633756842074414
-0.9633783187470937
-0.9633784140942179
-0.9633787770341915
-0.963378819251149
-0.9633788701177732
-0.9633788777315427
-0.9633788777317296
-0.9633788701177513
-0.9633788192509177
-0.9633787770338123
-0.9633784140945906
-0.963378318747002
-0.9633756842076275
-0.9633768867173524
-0.9633569728487881
-0.9633833100738439
-0.9632265401462082
-0.963584348940696
-0.9623030711058378
-0.9664233110615084
-0.9555930934800463
-0.9970946836560917
-0.9026822845593724
-1.2174451930330636
-0.41162101215195585
0.7702784267983109
10.924536289076144
-0.3242184410481842
-0.3076410933273585
-0.9195930489150119
-0.9401310955184959
-0.9842237135484462
-0.9881304213060202
-0.9918534400684962
-0.9924650625319984
-0.9928335565938375
-0.9929244252342961
-0.9929667334977629
-0.9929800615218669
-0.9929855276440713
-0.9929874920146449
-0.9929882588772005
-0.9929885523333958
-0.9929886655173535
-0.992988709137693
-0.9929887238467408
-0.9929887238469476
-0.9929887091375735
-0.9929886655175264
-0.9929885523330761
-0.9929882588773005
-0.9929874920145259
-0.992985527644094
-0.9929800615217266
-0.9929667334980804
-0.9929244252341258
-0.9928335565939242
-0.9924650625321163
-0.9918534400685762
-0.9881304213059585
-0.9842237135487146
-0.9401310955183357
-0.9195930489151353
-0.30764109332722367
-0.32421844104842734
10.924536289075693
14.518710945558613
-0.28526084175322663
0.05605851613042125
-0.918824185575851
-0.9073017165315441
-0.9891018563975733
-0.9898539723585968
-0.9973743450852477
-0.9976699759800396
-0.9984138208528319
-0.99847267911366
-0.9985517774063263
-0.9985618590686913
-0.9985709193743793
-0.9985725563756336
-0.9985736737243845
-0.9985739345444438
-0.9985740817435637
-0.9985741222096997
-0.9985741398802954
-0.9985741398803857
-0.9985741222096298
-0.998574081743812
-0.9985739345441642
-0.9985736737246511
-0.9985725563753474
-0.9985709193746712
-0.9985618590685263
-0.9985517774065085
-0.9984726791136529
-0.9984138208527535
-0.9976699759801925
-0.9973743450850661
-0.9898539723585952
-0.9891018563976642
-0.907301716531265
-0.9188241855760843
0.05605851613038533
-0.28526084175314836
14.518710945558631
15.865323718738725
-0.2685491883919968
0.20083667347218542
-0.916940980308708
-0.8920028253018067
-0.9898020342778132
-0.9891910713107681
-0.9984496061277193
-0.9986065479852264
-0.999533928702759
-0.9995785013136209
-0.9996765937818
-0.9996851908999373
-0.999696191130462
-0.9996976735967635
-0.999698987356845
-0.9996992321705678
-0.9996993991084225
-0.9996994379539281
-0.9996994574028233
-0.9996994574027653
-0.9996994379539286
-0.9996993991084924
-0.9996992321704175
-0.9996989873568002
-0.9996976735967129
-0.9996961911306029
-0.999685190899809
-0.999676593781943
-0.9995785013135923
-0.9995339287024543
-0.9986065479855554
-0.9984496061275232
-0.9891910713107888
-0.9898020342778489
-0.8920028253017773
-0.9169409803086521
0.20083667347223078
-0.26854918839184877
15.865323718738413
16.38570424073456
-0.26153517464785436
0.25882444573763186
-0.9158210477341577
-0.8853330179548617
-0.989814510737566
-0.9886261687985347
-0.9986542308185566
-0.9987522284140814
-0.999765732656319
-0.9998042658846291
-0.9999117586837287
-0.9999197290502142
-0.9999317355032272
-0.9999331521790034
-0.9999345720699813
-0.9999348099479576
-0.9999349879384801
-0.9999350260658886
-0.9999350465391488
-0.9999350465390124
-0.9999350260659581
-0.9999349879385082
-0.9999348099478029
-0.999934572069923
-0.9999331521790644
-0.9999317355032848
-0.9999197290501989
-0.9999117586838081
-0.9998042658843826
-0.9997657326561425
-0.9987522284142911
-0.9986542308184947
-0.9886261687987418
-0.9898145107375993
-0.8853330179547332
-0.9158210477342128
0.2588244457377267
-0.26153517464803566
16.38570424073472
16.59075057487147
-0.25862046758776747
0.28222364652343124
-0.9152797292473784
-0.8825032958898322
-0.9897573583805317
-0.9883266426785389
-0.998688110289113
-0.9987614240912999
-0.9998140837957227
-0.9998501437792859
-0.9999621202287734
-0.9999698419566451
-0.9999823504077616
-0.9999837417267643
-0.9999852167760035
-0.9999854520300056
-0.9999856359792871
-0.9999856738371278
-0.9999856948792758
-0.9999856948793093
-0.9999856738370703
-0.9999856359791934
-0.9999854520299265
-0.9999852167762634
-0.9999837417266486
-0.9999823504080192
-0.999969841956624
-0.9999621202286926
-0.9998501437790284
-0.999814083795767
-0.9987614240913554
-0.9986881102891982
-0.9883266426785516
-0.9897573583804471
-0.8825032958894297
-0.9152797292479119
0.28222364652362913
-0.2586204675877116
16.590750574871528
16.67263355559964
-0.25741374047139953
0.2917294817008417
-0.9150370463252482
-0.8813169164796129
-0.9897189384932519
-0.9881868899574393
-0.9986908499027346
-0.9987538858289013
-0.9998239398423915
-0.9998590026217073
-0.999973055316514
-0.9999806828495276
-0.9999934335698821
-0.9999948160658252
-0.9999963188043514
-0.9999965532277371
-0.9999967402796123
-0.9999967780596656
-0.9999967994070871
-0.99999679940735
-0.9999967780594284
-0.9999967402794139
-0.9999965532277799
-0.9999963188044414
-0.9999948160656371
-0.9999934335700107
-0.9999806828494135
-0.9999730553165607
-0.99985900262153
-0.9998239398425697
-0.9987538858287448
-0.9986908499029392
-0.9881868899575772
-0.9897189384932534
-0.8813169164794157
-0.9150370463255181
0.29172948170088653
-0.25741374047152693
16.672633555599845
16.70565359611946
-0.2569144541947327
0.29561335056720656
-0.9149318770911743
-0.8808219750469918
-0.9896993632830444
-0.9881250136968844
-0.998689364620132
-0.9987481263374836
-0.9998257805580364
-0.9998604432548547
-0.9999754354808583
-0.9999830285118754
-0.9999958929832262
-0.9999972727762612
-0.9999987890026971
-0.9999990232420259
-0.9999992118597193
-0.9999992496309138
-0.9999992711371803
-0.9999992711372631
-0.9999992496307869
-0.9999992118598187
-0.999999023241984
-0.9999987890027384
-0.9999972727761572
-0.9999958929832344
-0.9999830285120883
-0.9999754354808299
-0.9998604432547271
-0.9998257805580995
-0.9987481263374463
-0.9986893646202448
-0.9881250136969675
-0.9896993632829997
-0.8808219750469455
-0.914931877091332
0.29561335056689486
-0.2569144541951673
16.705653596120065
16.719068812940865
-0.25670769730513454
0.29720784528014266
-0.914887058458824
-0.8806158289687545
-0.9896902999408832
-0.9880982951157574
-0.9986881146011437
-0.9987450974327324
-0.9998260339370668
-0.9998605358860793
-0.9999759458047656
-0.9999835264999583
-0.9999964431965407
-0.9999978223226367
-0.9999993449529129
-0.9999995791987875
-0.9999997685851091
-0.9999998063655611
-0.9999998279520472
-0.9999998279519409
-0.9999998063657047
-0.9999997685850521
-0.9999995791988654
-0.9999993449529849
-0.999997822322755
-0.9999964431965376
-0.9999835264999724
-0.9999759458047908
-0.9998605358860133
-0.9998260339370023
-0.9987450974327743
-0.9986881146011316
-0.988098295115616
-0.9896902999407358
-0.8806158289687362
-0.9148870584585875
0.2972078452799404
-0.25670769730513465
16.719068812941437
16.72455121204083
-0.2566219479635461
0.2978651014393817
-0.9148681213680155
-0.8805299678321352
-0.989686282583135
-0.9880869049483099
-0.998687435823094
-0.9987436771191553
-0.9998260197153358
-0.9998604567608481
-0.9999760499011676
-0.9999836262581201
-0.9999965665042412
-0.9999979455493255
-0.9999994711547716
-0.999999705442099
-0.9999998951966846
-0.9999999329874268
-0.999999954613328
-0.999999954613372
-0.9999999329874636
-0.9999998951965108
-0.9999997054423145
-0.9999994711548243
-0.999997945549373
-0.9999965665040844
-0.999983626258109
-0.9999760499010548
-0.9998604567608076
-0.9998260197154432
-0.9987436771191798
-0.9986874358231493
-0.9880869049483447
-0.9896862825830655
-0.8805299678319984
-0.9148681213680903
0.29786510143910927
-0.25662194796357446
16.724551212040666
16.726802402005987
-0.25658632133598835
0.2981369539438212
-0.9148601542905216
-0.8804941775253351
-0.989684541303552
-0.988082081937771
-0.9986871117106404
-0.9987430433295668
-0.9998259849715333
-0.9998603956433001
-0.9999760683506261
-0.9999836431975977
-0.9999965939116604
-0.999997973002325
-0.9999994999653958
-0.9999997342868199
-0.9999999242141626
-0.9999999620121844
-0.9999999836569076
-0.9999999836572342
-0.9999999620120912
-0.9999999242141502
-0.9999997342869428
-0.9999994999656865
-0.9999979730020458
-0.9999965939118303
-0.9999836431974566
-0.9999760683506248
-0.9998603956432095
-0.9998259849718765
-0.9987430433292914
-0.9986871117106796
-0.988082081937758
-0.9896845413033597
-0.8804941775252113
-0.9148601542909041
0.2981369539439581
-0.25658632133602005
16.72680240200632
16.727730443144527
-0.25657149219894837
0.2982497273713334
-0.914856809096353
-0.880479241224305
-0.9896837957383523
-0.9880800468235988
-0.9986869653301786
-0.9987427673897851
-0.9998259633147781
-0.9998603631976419
-0.9999760702026526
-0.9999836445265677
-0.9999965998416847
-0.9999979789817485
-0.9999995065556835
-0.9999997408979285
-0.9999999309047614
-0.9999999687071218
-0.9999999903608585
-0.9999999903611412
-0.9999999687071601
-0.9999999309047881
-0.9999997408981417
-0.9999995065555669
-0.9999979789816612
-0.9999965998418956
-0.9999836445263859
-0.9999760702028977
-0.9998603631975794
-0.9998259633149832
-0.9987427673894882
-0.9986869653300976
-0.9880800468234441
-0.9896837957383672
-0.8804792412244029
-0.914856809096199
0.29824972737156924
-0.25657149219907704
16.727730443144388
16.728114296654404
-0.25656530871941974
0.2982966283284185
-0.914855405500133
-0.8804729996881464
-0.9896834786953569
-0.9880791895392933
-0.9986869010521378
-0.9987426488174893
-0.9998259524265729
-0.9998603478686671
-0.9999760695776493
-0.9999836437204719
-0.9999966010402936
-0.9999979802122534
-0.9999995080574424
-0.9999997424108902
-0.9999999324541706
-0.999999970258874
-0.9999999919168381
-0.9999999919168423
-0.9999999702588993
-0.9999999324539931
-0.9999997424111668
-0.9999995080569575
-0.9999979802122452
-0.9999966010400494
-0.9999836437204517
-0.9999760695776098
-0.9998603478687251
-0.9998259524268944
-0.9987426488174302
-0.9986869010519088
-0.9880791895395744
-0.9896834786956412
-0.8804729996885798
-0.9148554055000437
0.2982966283281865
-0.2565653087195816
16.728114296654123
16.728273506464923
-0.25656272611958175
0.29831617571204855
-0.9148548165844068
-0.8804703881707567
-0.9896833444060575
-0.9880788286753931
-0.9986868732591293
-0.9987425982392686
-0.9998259473821031
-0.9998603409861766
-0.9999760689738046
-0.9999836430536899
-0.9999966012406319
-0.9999979804302779
-0.9999995083947195
-0.999999742754152
-0.9999999328136125
-0.9999999706194488
-0.9999999922794125
-0.9999999922794874
-0.9999999706194926
-0.9999999328134186
-0.999999742754377
-0.9999995083945086
-0.9999979804304553
-0.9999966012405926
-0.9999836430537177
-0.9999760689738606
-0.9998603409862605
-0.9998259473820318
-0.9987425982392977
-0.9986868732587493
-0.988078828675757
-0.9896833444059938
-0.880470388170856
-0.9148548165840678
0.2983161757117788
-0.25656272611912917
16.72827350646498
16.728339667673666
-0.25656164636223355
0.29832433394714253
-0.9148545695138585
-0.880469294681457
-0.989683287677381
-0.9880786768718415
-0.9986868613542738
-0.9987425767655264
-0.9998259451351479
-0.9998603379755445
-0.9999760686350894
-0.9999836426930582
-0.9999966012529475
-0.9999979804515369
-0.9999995084680373
-0.9999997428303398
-0.9999999328967215
-0.999999970703243
-0.9999999923641356
-0.9999999923640097
-0.9999999707031915
-0.9999999328969333
-0.999999742830517
-0.9999995084679898
-0.9999979804517332
-0.9999966012529834
-0.999983642693038
-0.9999760686351578
-0.9998603379756592
-0.9998259451348062
-0.9987425767657454
-0.9986868613540099
-0.9880786768720606
-0.989683287677409
-0.880469294681586
-0.9148545695130809
0.2983243339471113
-0.25656164636226764
16.728339667673637
16.72836712341404
-0.25656119588902276
0.29832773246978184
-0.9148544661614784
-0.8804688379097119
-0.9896832638256101
-0.9880786132296653
-0.9986868563005653
-0.9987425677030443
-0.9998259441583508
-0.9998603366814128
-0.9999760684716479
-0.9999836425219051
-0.9999966012411089
-0.9999979804440033
-0.9999995084827324
-0.9999997428461456
-0.9999999329161429
-0.9999999707229839
-0.9999999923841378
-0.9999999923838041
-0.9999999707228154
-0.9999999329161187
-0.9999997428461802
-0.9999995084827349
-0.9999979804438939
-0.9999966012408446
-0.9999836425217856
-0.9999760684718687
-0.9998603366815141
-0.9998259441581328
-0.9987425677033657
-0.9986868563001884
-0.9880786132297308
-0.9896832638257116
-0.8804688379097836
-0.914854466161433
0.29832773246975025
-0.2565611958892508
16.728367123414642
16.728378298640983
-0.2565610117014976
0.2983291202902798
-0.9148544238172909
-0.880468650962918
-0.9896832540168674
-0.9880785871090172
-0.9986868542079153
-0.9987425639660578
-0.9998259437481782
-0.999860336141625
-0.9999760683993051
-0.9999836424466758
-0.9999966012320786
-0.9999979804368667
-0.9999995084850186
-0.9999997428492855
-0.9999999329203795
-0.9999999707269893
-0.9999999923886017
-0.9999999923883093
-0.9999999707272816
-0.9999999329204495
-0.9999997428494993
-0.9999995084851035
-0.9999979804369175
-0.9999966012320372
-0.9999836424468591
-0.9999760683994237
-0.9998603361417033
-0.9998259437476678
-0.9987425639658809
-0.9986868542075147
-0.9880785871093041
-0.9896832540166542
-0.8804686509627921
-0.9148544238173072
0.29832912029093905
-0.2565610117008218
16.728378298640923
16.72838227597989
-0.25656094592954265
0.29832961540126934
-0.9148544086758035
-0.8804685841626715
-0.9896832505006559
-0.9880785777577259
-0.9986868534547708
-0.9987425626239461
-0.9998259435988947
-0.9998603359464788
-0.9999760683721133
-0.9999836424186987
-0.9999966012282588
-0.9999979804335559
-0.9999995084852203
-0.9999997428496485
-0.9999999329213483
-0.9999999707280174
-0.9999999923897407
-0.9999999923894282
-0.9999999707281344
-0.9999999329213802
-0.9999997428498484
-0.9999995084850584
-0.9999979804337888
-0.9999966012279703
-0.9999836424191342
-0.9999760683719552
-0.9998603359465553
-0.9998259435985757
-0.9987425626239762
-0.998686853454499
-0.9880785777582355
-0.9896832505005282
-0.8804685841626407
-0.914854408675819
0.2983296154013934
-0.2565609459299091
16.728382275980174
16.72838227597907
-0.2565609459293715
0.2983296154015586
-0.9148544086755922
-0.8804685841625923
-0.9896832505005653
-0.9880785777578653
-0.9986868534546833
-0.9987425626237059
-0.9998259435987606
-0.999860335946435
-0.9999760683719783
-0.9999836424188746
-0.9999966012281829
-0.9999979804335253
-0.9999995084853078
-0.9999997428495602
-0.9999999329214427
-0.9999999707283285
-0.999999992389814
-0.9999999923893437
-0.9999999707281142
-0.9999999329213215
-0.9999997428496045
-0.9999995084852336
-0.9999979804337857
-0.9999966012280865
-0.9999836424185135
-0.9999760683722001
-0.9998603359464936
-0.999825943598887
-0.9987425626240778
-0.9986868534546252
-0.9880785777580208
-0.9896832505006323
-0.8804685841624336
-0.9148544086757542
0.29832961540108216
-0.2565609459298114
16.728382275980817
16.728378298638958
-0.2565610117011452
0.2983291202902146
-0.9148544238173025
-0.8804686509629427
-0.9896832540167304
-0.9880785871088857
-0.9986868542076137
-0.9987425639658021
-0.9998259437479731
-0.9998603361415996
-0.9999760683991131
-0.9999836424467398
-0.9999966012318438
-0.9999979804366277
-0.9999995084852684
-0.9999997428492171
-0.9999999329202796
-0.9999999707270938
-0.9999999923883662
-0.9999999923882004
-0.9999999707272956
-0.9999999329205238
-0.9999997428493426
-0.9999995084851933
-0.9999979804367731
-0.9999966012318109
-0.9999836424467312
-0.9999760683992813
-0.9998603361416185
-0.9998259437477037
-0.998742563965906
-0.9986868542075796
-0.988078587108858
-0.9896832540168825
-0.8804686509627389
-0.9148544238171671
0.2983291202901967
-0.2565610117009073
16.728378298639107
16.7283671234135
-0.25656119588918186
0.29832773246993327
-0.9148544661613278
-0.8804688379096208
-0.989683263825432
-0.9880786132294876
-0.9986868563004488
-0.9987425677029135
-0.9998259441580553
-0.9998603366814092
-0.9999760684714427
-0.9999836425217554
-0.9999966012408488
-0.9999979804439358
-0.9999995084827376
-0.9999997428460103
-0.9999999329161948
-0.9999999707228193
-0.9999999923840382
-0.999999992384013
-0.9999999707228409
-0.999999932916031
-0.9999997428461147
-0.9999995084825883
-0.9999979804438217
-0.9999966012406707
-0.9999836425220223
-0.9999760684715281
-0.9998603366814456
-0.999825944158219
-0.9987425677031591
-0.9986868563000564
-0.9880786132297378
-0.9896832638256319
-0.8804688379100056
-0.9148544661613783
0.2983277324691537
-0.2565611958890871
16.728367123413875
16.728339667674504
-0.2565616463622549
0.298324333947381
-0.9148545695135031
-0.8804692946811362
-0.9896832876772889
-0.9880786768718968
-0.9986868613543582
-0.9987425767654176
-0.9998259451350098
-0.9998603379755903
-0.9999760686350074
-0.9999836426930755
-0.9999966012530972
-0.9999979804516862
-0.9999995084680864
-0.9999997428301659
-0.9999999328969924
-0.9999999707032157
-0.9999999923641263
-0.9999999923640597
-0.9999999707032717
-0.9999999328968114
-0.9999997428303314
-0.999999508467955
-0.9999979804514697
-0.9999966012530481
-0.9999836426930513
-0.9999760686348693
-0.9998603379757904
-0.9998259451350257
-0.9987425767655442
-0.9986868613540358
-0.9880786768718863
-0.9896832876773851
-0.8804692946813202
-0.9148545695135792
0.298324333947359
-0.2565616463620607
16.728339667674966
16.728273506465847
-0.25656272611908537
0.29831617571187063
-0.91485481658458
-0.8804703881707441
-0.9896833444062056
-0.9880788286753966
-0.9986868732591538
-0.9987425982393789
-0.9998259473821116
-0.9998603409862814
-0.999976068973692
-0.9999836430537612
-0.999996601240585
-0.9999979804300947
-0.9999995083947639
-0.9999997427541893
-0.9999999328134912
-0.999999970619354
-0.9999999922793076
-0.9999999922793197
-0.9999999706194925
-0.9999999328135569
-0.9999997427545354
-0.9999995083948279
-0.9999979804305847
-0.9999966012406759
-0.9999836430539302
-0.9999760689736387
-0.9998603409864648
-0.9998259473819233
-0.9987425982390861
-0.9986868732588319
-0.9880788286753529
-0.9896833444061843
-0.8804703881706017
-0.9148548165840075
0.2983161757121399
-0.2565627261196496
16.72827350646584
16.728114296656138
-0.25656530871913796
0.298296628328657
-0.914855405500298
-0.8804729996883591
-0.9896834786955013
-0.98807918953944
-0.998686901052353
-0.9987426488176103
-0.9998259524266344
-0.9998603478689159
-0.9999760695777486
-0.9999836437207752
-0.9999966010400823
-0.9999979802123717
-0.9999995080573391
-0.999999742410785
-0.999999932454203
-0.9999999702590643
-0.9999999919168959
-0.9999999919170024
-0.9999999702587942
-0.9999999324540585
-0.9999997424111411
-0.9999995080573179
-0.9999979802122311
-0.9999966010402461
-0.9999836437204296
-0.9999760695776707
-0.9998603478687293
-0.9998259524269533
-0.9987426488175912
-0.9986869010519549
-0.9880791895398509
-0.9896834786956356
-0.8804729996881203
-0.9148554055001623
0.2982966283283142
-0.2565653087199624
16.72811429665629
16.727730443144367
-0.2565714921985853
0.298249727371548
-0.9148568090962974
-0.8804792412241702
-0.9896837957382092
-0.9880800468235336
-0.9986869653301707
-0.998742767389753
-0.9998259633147271
-0.9998603631976241
-0.9999760702027584
-0.9999836445266324
-0.9999965998417664
-0.9999979789818368
-0.9999995065556475
-0.9999997408980537
-0.9999999309049293
-0.9999999687070844
-0.9999999903609109
-0.9999999903610929
-0.999999968707076
-0.9999999309047788
-0.999999740898147
-0.9999995065556441
-0.9999979789816951
-0.9999965998417233
-0.9999836445266842
-0.9999760702028045
-0.999860363197685
-0.9998259633149531
-0.9987427673894369
-0.9986869653302068
-0.9880800468238158
-0.9896837957382558
-0.8804792412243208
-0.9148568090965961
0.29824972737134203
-0.2565714921984832
16.72773044314448
16.72680240200499
-0.25658632133510495
0.2981369539435996
-0.9148601542906535
-0.8804941775251869
-0.9896845413034894
-0.9880820819377009
-0.9986871117107794
-0.9987430433295483
-0.9998259849716078
-0.9998603956431122
-0.9999760683504295
-0.9999836431974314
-0.9999965939117295
-0.9999979730022039
-0.999999499965613
-0.9999997342868456
-0.9999999242140394
-0.9999999620121827
-0.9999999836570793
-0.9999999836571105
-0.9999999620121682
-0.9999999242141326
-0.999999734287106
-0.9999994999654203
-0.9999979730023643
-0.9999965939114033
-0.999983643197496
-0.9999760683509498
-0.9998603956429462
-0.9998259849717076
-0.9987430433293598
-0.9986871117104501
-0.9880820819379179
-0.9896845413034805
-0.8804941775252969
-0.9148601542902113
0.29813695394411016
-0.25658632133612524
16.726802402004573
16.724551212040115
-0.2566219479635623
0.2978651014392426
-0.9148681213676823
-0.8805299678318672
-0.9896862825830794
-0.9880869049483366
-0.9986874358230132
-0.9987436771187643
-0.9998260197152666
-0.9998604567606851
-0.9999760499012138
-0.9999836262580615
-0.9999965665042655
-0.9999979455494135
-0.9999994711547564
-0.9999997054420686
-0.9999998951967985
-0.9999999329875295
-0.9999999546134544
-0.9999999546133779
-0.9999999329873395
-0.9999998951965596
-0.9999997054420217
-0.9999994711545152
-0.9999979455490937
-0.9999965665041763
-0.9999836262580575
-0.9999760499011321
-0.9998604567604669
-0.9998260197153296
-0.9987436771191748
-0.998687435823266
-0.988086904948551
-0.9896862825831635
-0.8805299678321915
-0.9148681213679848
0.29786510143921885
-0.2566219479635816
16.72455121203935
16.719068812939263
-0.25670769730577614
0.2972078452794644
-0.9148870584585052
-0.880615828968756
-0.9896902999407793
-0.988098295115548
-0.9986881146008082
-0.9987450974327411
-0.9998260339370073
-0.9998605358860355
-0.9999759458049325
-0.9999835264999326
-0.9999964431964354
-0.9999978223226327
-0.9999993449527163
-0.9999995791989795
-0.9999997685850509
-0.999999806365439
-0.9999998279516573
-0.9999998279519813
-0.9999998063652502
-0.999999768584787
-0.9999995791989021
-0.9999993449528641
-0.9999978223225785
-0.9999964431964519
-0.9999835264998316
-0.9999759458046898
-0.9998605358859929
-0.999826033936922
-0.9987450974327843
-0.9986881146008912
-0.9880982951157975
-0.9896902999406019
-0.880615828968557
-0.9148870584585754
0.2972078452801955
-0.256707697304404
16.71906881293824
16.705653596120698
-0.2569144541952727
0.2956133505671794
-0.914931877090986
-0.8808219750471755
-0.989699363283179
-0.9881250136970011
-0.9986893646203233
-0.9987481263376352
-0.9998257805579944
-0.999860443254782
-0.9999754354808918
-0.999983028511644
-0.9999958929829665
-0.9999972727763942
-0.9999987890023054
-0.9999990232420588
-0.9999992118594148
-0.9999992496307719
-0.999999271137187
-0.9999992711375361
-0.9999992496307989
-0.9999992118599088
-0.9999990232422286
-0.9999987890028259
-0.999997272775992
-0.9999958929836952
-0.9999830285116299
-0.9999754354810467
-0.999860443254493
-0.9998257805580659
-0.9987481263373916
-0.9986893646200286
-0.9881250136969618
-0.9896993632827347
-0.8808219750467685
-0.9149318770911926
0.295613350567565
-0.25691445419498904
16.705653596119554
16.67263355560153
-0.25741374047144405
0.29172948170105595
-0.9150370463253016
-0.8813169164796264
-0.9897189384934449
-0.9881868899576853
-0.9986908499028273
-0.9987538858289187
-0.9998239398426155
-0.9998590026215447
-0.9999730553165366
-0.999980682849355
-0.9999934335701581
-0.9999948160658299
-0.9999963188042549
-0.9999965532279089
-0.9999967402794655
-0.9999967780597085
-0.9999967994071519
-0.999996799407125
-0.9999967780596548
-0.9999967402797336
-0.9999965532275739
-0.9999963188044136
-0.999994816065345
-0.9999934335703204
-0.9999806828493776
-0.9999730553167179
-0.9998590026214865
-0.9998239398424983
-0.9987538858288598
-0.9986908499028601
-0.9881868899576481
-0.9897189384934978
-0.8813169164794288
-0.9150370463256339
0.29172948170140267
-0.25741374047113313
16.672633555602495
16.590750574873596
-0.25862046758761703
0.28222364652315596
-0.9152797292477177
-0.8825032958900441
-0.9897573583807553
-0.9883266426786215
-0.99868811028922
-0.998761424091503
-0.9998140837960443
-0.9998501437792569
-0.9999621202287126
-0.9999698419568332
-0.9999823504077576
-0.9999837417267581
-0.9999852167763384
-0.999985452030255
-0.9999856359792072
-0.9999856738373017
-0.9999856948792942
-0.9999856948793597
-0.9999856738375277
-0.9999856359793264
-0.9999854520301772
-0.9999852167763961
-0.9999837417271142
-0.9999823504081227
-0.9999698419563379
-0.999962120229438
-0.999850143779236
-0.9998140837957429
-0.998761424091697
-0.9986881102888518
-0.9883266426787527
-0.9897573583805644
-0.8825032958896435
-0.9152797292474488
0.2822236465233316
-0.2586204675871367
16.590750574872374
16.38570424073298
-0.26153517464756004
0.25882444573790886
-0.9158210477339512
-0.8853330179548595
-0.9898145107374761
-0.9886261687985459
-0.9986542308185268
-0.9987522284140447
-0.9997657326560982
-0.9998042658844839
-0.9999117586836976
-0.999919729050276
-0.9999317355032102
-0.9999331521789162
-0.999934572069737
-0.9999348099477041
-0.9999349879386396
-0.999935026066063
-0.9999350465392144
-0.9999350465391141
-0.9999350260656837
-0.9999349879384847
-0.9999348099478444
-0.9999345720700649
-0.999933152178935
-0.9999317355031969
-0.9999197290500861
-0.9999117586837363
-0.9998042658844646
-0.9997657326561691
-0.9987522284143273
-0.9986542308184281
-0.9886261687987024
-0.9898145107375564
-0.8853330179545293
-0.9158210477341422
0.25882444573725993
-0.26153517464729203
16.38570424073365
15.865323718735603
-0.2685491883917914
0.20083667347208722
-0.9169409803087463
-0.8920028253017279
-0.9898020342776617
-0.9891910713104464
-0.9984496061272243
-0.9986065479849453
-0.9995339287026801
-0.999578501313601
-0.9996765937817806
-0.9996851908999778
-0.9996961911304008
-0.9996976735967895
-0.9996989873568497
-0.9996992321707292
-0.9996993991085648
-0.9996994379539883
-0.9996994574024305
-0.9996994574024325
-0.9996994379535327
-0.9996993991084073
-0.9996992321702278
-0.9996989873567921
-0.9996976735964196
-0.9996961911302982
-0.9996851908994456
-0.999676593782076
-0.9995785013132776
-0.9995339287027444
-0.9986065479854139
-0.9984496061277139
-0.989191071310571
-0.9898020342779947
-0.8920028253016901
-0.9169409803090942
0.20083667347185585
-0.268549188391671
15.865323718737187
14.51871094555867
-0.2852608417530748
0.05605851613020437
-0.9188241855759083
-0.907301716531516
-0.989101856397391
-0.9898539723585422
-0.9973743450852203
-0.9976699759799197
-0.9984138208527066
-0.9984726791136751
-0.9985517774061432
-0.9985618590687255
-0.9985709193743009
-0.9985725563755816
-0.9985736737244137
-0.9985739345442073
-0.9985740817434523
-0.9985741222096793
-0.9985741398802306
-0.9985741398805887
-0.9985741222096801
-0.998574081743911
-0.998573934544077
-0.9985736737245908
-0.9985725563755438
-0.9985709193745327
-0.9985618590684866
-0.9985517774064292
-0.9984726791134502
-0.9984138208529183
-0.9976699759798656
-0.9973743450851684
-0.9898539723583617
-0.9891018563979586
-0.9073017165312006
-0.9188241855761063
0.05605851613017351
-0.28526084175425687
14.518710945559238
10.92453628907613
-0.3242184410485939
-0.30764109332685446
-0.9195930489146089
-0.9401310955180584
-0.984223713548509
-0.9881304213061882
-0.9918534400688477
-0.9924650625318843
-0.9928335565937985
-0.9929244252343368
-0.992966733497755
-0.9929800615217106
-0.9929855276440951
-0.9929874920146232
-0.9929882588772475
-0.9929885523330253
-0.9929886655176782
-0.9929887091375047
-0.99298872384678
-0.9929887238469752
-0.9929887091376349
-0.9929886655174021
-0.9929885523329773
-0.9929882588771552
-0.992987492014246
-0.9929855276441808
-0.9929800615219464
-0.992966733497658
-0.9929244252342433
-0.9928335565938207
-0.9924650625316843
-0.9918534400686052
-0.9881304213062274
-0.9842237135484795
-0.9401310955180542
-0.9195930489154007
-0.30764109332752043
-0.3242184410481357
10.924536289076276
0.7702784268002599
-0.4116210121523141
-1.2174451930333476
-0.9026822845593334
-0.9970946836561334
-0.9555930934803565
-0.9664233110614248
-0.9623030711054764
-0.9635843489401008
-0.96322654014633
-0.9633833100740082
-0.9633569728487891
-0.9633768867176424
-0.9633756842072487
-0.9633783187468654
-0.9633784140946611
-0.9633787770340256
-0.9633788192511678
-0.9633788701174733
-0.9633788777311302
-0.9633788777315306
-0.9633788701176211
-0.9633788192507855
-0.963378777034154
-0.9633784140944142
-0.9633783187470036
-0.9633756842074305
-0.9633768867171
-0.9633569728489257
-0.963383310074
-0.9632265401461786
-0.9635843489403176
-0.9623030711057927
-0.9664233110612208
-0.9555930934804469
-0.9970946836563123
-0.9026822845589868
-1.2174451930328585
-0.4116210121519236
0.7702784267983012
-32.191027241426916
-0.6069893289061339
-3.3664477577232494
-0.7280507489186381
-0.9686554576696182
-0.7571534365820181
-0.7795424121260719
-0.7629788363698267
-0.7650799888170552
-0.763830568467173
-0.7640206406918744
-0.763932147012931
-0.763947434863872
-0.7639416582531846
-0.7639424591147259
-0.7639420817086733
-0.7639420205474999
-0.7639419825951252
-0.7639419511331269
-0.7639419453330527
-0.7639419453326342
-0.7639419511331925
-0.7639419825960488
-0.763942020546614
-0.7639420817094156
-0.7639424591156355
-0.7639416582534302
-0.7639474348642737
-0.7639321470134025
-0.7640206406912995
-0.7638305684678692
-0.7650799888173063
-0.7629788363698029
-0.7795424121264025
-0.7571534365812173
-0.9686554576692276
-0.7280507489178666
-3.3664477577228484
-0.606989328906865
-32.19102724142841
-243.5105721450303
5.496982942676821
0.5248646957685774
17.195761182141297
17.040098955174756
18.53170910386793
18.547225705303347
18.694552681479262
18.699851692311988
18.71532763000471
18.716357199054677
18.718067140944974
18.718241012778677
18.718439203758965
18.71846708486043
18.718491185417506
18.718495571445672
18.71849864009466
18.71849931197972
18.718499666460826
18.718499666463934
18.718499311978572
18.718498640098137
18.71849557143625
18.718491185424973
18.718467084858815
18.71843920376429
18.71824101277306
18.718067140948126
18.71635719905224
18.71532763000389
18.699851692314773
18.694552681480495
18.547225705297187
18.531709103868096
17.040098955176084
17.19576118214252
0.5248646957692509
5.496982942676529
-243.51057214502453