1.8133866949788993
-0.5346542964706618
-0.7180472640681044
-0.6460481591433591
-0.5639615142282763
-0.5163022523412061
-0.48816456751504683
-0.472440303626097
-0.46354584760533313
-0.4585154349194943
-0.4556473319430052
-0.45400449573354584
-0.4530625249654817
-0.45252905065219806
-0.4522423842062575
-0.4521173724385684
-0.45211737243951944
-0.45224238420588125
-0.4525290506529099
-0.4530625249655538
-0.4540044957326884
-0.4556473319427502
-0.4585154349203161
-0.4635458476058585
-0.47244030362585754
-0.48816456751502224
-0.5163022523384675
-0.5639615142315841
-0.6460481591416399
-0.7180472640701601
-0.5346542964699423
1.8133866949795392
-0.039686108184659924
0.11464217236891897
0.1723576359752447
0.2043184243075535
0.23104762010854835
0.24755714063438072
0.25804279125405055
0.2643245618978867
0.26807765908760806
0.2702956418222225
0.2716047429411902
0.2723755175125434
0.27282718146540597
0.27308731807936426
0.2732288225318016
0.2732909962541328
0.2732909962540523
0.27322882253146946
0.2730873180793095
0.27282718146543816
0.2723755175126732
0.2716047429411699
0.27029564182215815
0.26807765908794534
0.2643245618982748
0.25804279125427
0.24755714063454487
0.231047620108448
0.20431842430715547
0.17235763597470738
0.11464217236887528
-0.039686108184226014
-0.16716708503124472
0.0538814174222169
0.08580986190907834
0.09425073701979572
0.09945539047154488
0.10334340270085421
0.10624449364565007
0.10824953009768479
0.10958676363304527
0.11044978103513287
0.11099603430869398
0.11133621830058094
0.11154467399131329
0.11166898451770448
0.11173833914554143
0.11176929076079792
0.11176929076073669
0.11173833914545389
0.11166898451763191
0.11154467399129214
0.11133621830064203
0.11099603430858511
0.11044978103511231
0.10958676363314368
0.10824953009775057
0.10624449364583105
0.10334340270087158
0.09945539047151417
0.09425073701960071
0.08580986190893052
0.05388141742224868
-0.16716708503105668
-0.14559231371476425
0.03456046075509636
0.04991786655043209
0.04749278697201424
0.04374415888482587
0.04200503515913159
0.04127830473310694
0.04108413539091915
0.04109952987289053
0.04118088345668365
0.04126753656127345
0.04133900896668037
0.04139140170230579
0.04142667323764604
0.041448003235923764
0.04145797937484337
0.04145797937484351
0.0414480032359646
0.04142667323766299
0.04139140170222397
0.04133900896675932
0.041267536561295906
0.041180883456671404
0.041099529872908575
0.041084135390854634
0.04127830473319667
0.04200503515914643
0.043744158884900006
0.04749278697194868
0.04991786655038049
0.03456046075506636
-0.14559231371471643
-0.13022676541115863
0.029476964264877947
0.03876539850522938
0.031928426960450604
0.024635966540430036
0.020507051057433744
0.01814169925408612
0.0168861821575595
0.01622418199665348
0.01588243912866016
0.015708069264986503
0.015620432974360058
0.01557710362590315
0.015556175322158947
0.015546533748420556
0.015542798512409993
0.01554279851235511
0.01554653374840139
0.015556175322181669
0.015577103625917762
0.015620432974473419
0.015708069264955233
0.015882439128576595
0.016224181996592243
0.01688618215753099
0.01814169925416557
0.020507051057347733
0.024635966540490356
0.0319284269603953
0.038765398505309315
0.029476964264924063
-0.13022676541113487
-0.12399074621090028
0.028047027159750288
0.03527088453123413
0.026748834443318957
0.01809596844263518
0.0129900362997813
0.009918404037830553
0.008178372900623032
0.007190167384566889
0.006634163532973805
0.006321414465378133
0.0061458893958904175
0.006047754940559163
0.005993671510637485
0.005965333628892754
0.005953199355994544
0.005953199355958543
0.005965333628864615
0.005993671510638586
0.006047754940546234
0.00614588939593509
0.006321414465374275
0.006634163532938482
0.007190167384514154
0.008178372900670687
0.009918404037832299
0.012990036299807934
0.018095968442652675
0.026748834443238736
0.03527088453116471
0.0280470271597084
-0.12399074621088056
-0.12172346118543444
0.02760444686130571
0.03412141946948896
0.024971602830141708
0.01580315488973645
0.010306904295712249
0.006940096061748372
0.0049873907233919995
0.00384918734925881
0.0031901575564015263
0.0028080453183299036
0.002586755220053391
0.0024591003529346265
0.0023866381163502167
0.0023477032032301675
0.002330740010935201
0.00233074001098097
0.0023477032031709445
0.00238663811636266
0.0024591003529214383
0.002586755220066174
0.0028080453183192307
0.003190157556360231
0.003849187349257461
0.004987390723459683
0.006940096061755101
0.010306904295680779
0.015803154889745284
0.024971602830077776
0.034121419469497705
0.027604446861399415
-0.12172346118546382
-0.12092095866130215
0.027454905378567526
0.033723745342695316
0.024341420879093183
0.014977955022839756
0.009327634930586848
0.00583976963340464
0.003796142014615884
0.0025911892168518653
0.0018844834730583093
0.0014690639072324136
0.0012250298383223459
0.001082243788441466
0.0010001090042370286
0.0009554810569609026
0.0009358891244017258
0.0009358891244302201
0.0009554810569396984
0.00100010900423884
0.001082243788547787
0.001225029838189496
0.0014690639072858435
0.0018844834730031255
0.002591189216839757
0.0037961420147020826
0.0058397696333618515
0.009327634930530852
0.014977955022894267
0.024341420879100677
0.033723745342810044
0.027454905378630115
-0.12092095866140709
-0.12063725844636267
0.02740069329633038
0.03358003706691135
0.024111261085272617
0.014673732424855297
0.00896288049704217
0.0054258941940731106
0.0033440577606589326
0.0021100725712750973
0.0013819133417605578
0.0009510102697679598
0.000696075330152096
0.0005458335712011957
0.00045881807849277185
0.00041126367725388105
0.0003903042765450665
0.0003903042766174046
0.00041126367729305317
0.00045881807854092935
0.0005458335711434482
0.000696075330060027
0.0009510102697899538
0.0013819133417917293
0.002110072571309879
0.0033440577606595784
0.005425894194046835
0.008962880496999403
0.01467373242493261
0.02411126108524493
0.03358003706694239
0.027400693296271518
-0.12063725844647319
-0.12053618123281631
0.027379986728487817
0.03352623708160318
0.02402503888346682
0.014559182321042863
0.008824548895017948
0.0052677340902683575
0.0031700127311238575
0.0019235968196297903
0.0011859777430448166
0.0007480502503770094
0.00048803501496061646
0.0003342323424552693
0.00024483607323469886
0.00019583048005944166
0.0001741857773414027
0.0001741857773402396
0.00019583048002831565
0.00024483607329395696
0.00033423234242652253
0.00048803501499699805
0.0007480502503100163
0.0011859777430459828
0.0019235968196484932
0.003170012731081626
0.005267734090310484
0.008824548894900919
0.014559182321097281
0.02402503888348393
0.033526237081756755
0.02737998672854612
-0.12053618123289817
-0.12049977870309439
0.02737178058363176
0.033505525210970555
0.023992038244322896
0.014515253777218778
0.008771250813944304
0.005206444517973247
0.003102160517421677
0.0018504780909143858
0.0011087481755742978
0.0006676916484302329
0.0004053594506330424
0.00024989742117722706
0.00015937096808564782
0.00010966645463925977
0.00008768863488728889
0.00008768863488035169
0.00010966645469424524
0.0001593709681376898
0.00024989742105010153
0.0004053594507118619
0.0006676916483653032
0.0011087481756513386
0.0018504780909721712
0.0031021605173504434
0.005206444518012953
0.008771250813827337
0.014515253777288052
0.023992038244331323
0.033505525210923905
0.027371780583575468
-0.12049977870316447
-0.12048651765784636
0.027368445377380375
0.0334973757426985
0.02397917896573684
0.01449814073605138
0.008750429768504018
0.005182400186626997
0.003075413563480484
0.0018215151717101547
0.0010780173707802577
0.000635585986068389
0.0003722146493481717
0.00021599430543644294
0.0001249429493807496
0.00007490972410283624
0.000052773973421116375
0.00005277397339626728
0.00007490972404322284
0.00012494294937283454
0.000215994305355453
0.00037221464941580694
0.000635585986102386
0.0010780173708264972
0.0018215151717122092
0.003075413563387254
0.005182400186761924
0.00875042976842696
0.014498140736147445
0.023979178965644287
0.033497375742602614
0.027368445377537756
-0.12048651765779808
-0.12048163302710807
0.027367067538554772
0.033494115914452366
0.023974094676290837
0.014491386202640073
0.008742200288276894
0.00517286806633035
0.0030647699873172446
0.0018099434521912177
0.001065691188640232
0.0006226621049561041
0.0003588309323068776
0.00020226952338316839
0.00011097876059070677
0.00006079397701826982
0.00003858490539442355
0.000038584905327912296
0.000060793977049995454
0.00011097876053703811
0.00020226952350023587
0.0003588309322796804
0.000622662105072777
0.0010656911885483307
0.001809943452145398
0.003064769987317824
0.005172868066380801
0.008742200288277257
0.0144913862026365
0.023974094676283995
0.03349411591445279
0.027367067538551924
-0.12048163302712075
-0.12047981764168761
0.027366494229113754
0.03349279930631539
0.023972065748758334
0.014488697542655353
0.008738923117344265
0.00516906425956863
0.0030605102612266946
0.0018052970866446858
0.0010607255082497012
0.000617439440403066
0.00035340754618523693
0.00019669518416712213
0.00010529719461102604
0.00005504390374379512
0.00003280149571916903
0.00003280149572670339
0.00005504390370916086
0.00010529719458840781
0.00019669518408760685
0.00035340754625665474
0.0006174394404159643
0.001060725508354503
0.0018052970866125361
0.003060510261132939
0.00516906425963843
0.008738923117448541
0.014488697542701172
0.023972065748548585
0.03349279930611259
0.027366494229156914
-0.12047981764156501
-0.12047914627134768
0.027366259326264665
0.03349227328248566
0.023971263988013768
0.014487637950836008
0.008737631755308692
0.0051675633065955484
0.0030588257354612017
0.001803454929962563
0.0010587514811612893
0.0006153579149140776
0.00035124101864987165
0.00019446400760666875
0.00010301965193031175
0.00005273651679759184
0.000030479517842505934
0.000030479517906249005
0.00005273651681099121
0.0001030196520069989
0.00019446400765786592
0.00035124101876214664
0.0006153579148501459
0.0010587514811294077
0.0018034549298943142
0.00305882573551271
0.005167563306642692
0.008737631755145797
0.01448763795087879
0.023971263987918573
0.03349227328270794
0.027366259326369744
-0.12047914627139883
-0.1204789235993814
0.027366175180292267
0.0334920881794486
0.023970984139450074
0.014487268911997638
0.00873718212831924
0.005167040273024757
0.0030582378873263015
0.0018028109417943172
0.0010580601045228266
0.0006146275620251618
0.000350479581723267
0.0001936787443648215
0.00010221718656639809
0.00005192292227438431
0.000029660464795062156
0.00002966046481748576
0.00005192292234270407
0.00010221718657869371
0.00019367874430521094
0.0003504795817354688
0.0006146275620308356
0.0010580601046266199
0.0018028109416935133
0.0030582378873888908
0.005167040273061495
0.008737182128261498
0.014487268912065001
0.023970984139340925
0.03349208817952493
0.027366175180270725
-0.12047892359943091
-0.12047892359931787
0.02736617518029471
0.03349208817942396
0.023970984139388425
0.01448726891197774
0.008737182128288865
0.00516704027308037
0.00305823788733394
0.0018028109417992247
0.001058060104533005
0.0006146275620497202
0.0003504795818058444
0.0001936787443443672
0.0001022171865315255
0.00005192292229679594
0.000029660464842939562
0.00002966046476936319
0.00005192292225873177
0.00010221718653358178
0.00019367874438495285
0.00035047958168473576
0.0006146275620723218
0.0010580601045715793
0.001802810941732643
0.0030582378873442425
0.005167040273121891
0.008737182128224958
0.014487268912012012
0.02397098413935858
0.033492088179520305
0.027366175180314603
-0.12047892359943826
-0.1204791462713108
0.02736625932628984
0.03349227328232553
0.023971263987981994
0.014487637950941662
0.008737631755413174
0.005167563306549587
0.0030588257354319474
0.001803454929986016
0.001058751481176186
0.000615357914883891
0.0003512410186752026
0.00019446400762114567
0.0001030196519686045
0.00005273651686715035
0.00003047951785836599
0.00003047951787230635
0.0000527365169540963
0.00010301965195441177
0.00019446400772389985
0.00035124101853607206
0.0006153579149616973
0.0010587514810788414
0.0018034549299858658
0.003058825735507565
0.005167563306538793
0.008737631755313967
0.014487637950895707
0.023971263988094127
0.03349227328251727
0.027366259326263055
-0.12047914627148715
-0.12047981764159618
0.02736649422891612
0.033492799306306
0.023972065748748165
0.014488697542640963
0.008738923117402674
0.005169064259539679
0.003060510261205066
0.0018052970865993787
0.0010607255082443591
0.0006174394404373032
0.0003534075461537972
0.0001966951841618068
0.00010529719458774044
0.00005504390372047226
0.00003280149570488898
0.00003280149579750247
0.000055043903695608
0.0001052971945690241
0.00019669518391169855
0.00035340754629716064
0.0006174394403114764
0.001060725508404967
0.0018052970866974534
0.0030605102610524854
0.005169064259635803
0.008738923117402108
0.014488697542734278
0.023972065748632115
0.033492799306122506
0.027366494229009296
-0.12047981764159474
-0.12048163302699147
0.02736706753843572
0.0334941159143803
0.023974094676232134
0.014491386202586432
0.008742200288341393
0.005172868066384782
0.0030647699873264335
0.0018099434521536262
0.0010656911886536505
0.0006226621050937154
0.0003588309322643434
0.00020226952336325024
0.00011097876056580575
0.00006079397698325992
0.00003858490539046733
0.000038584905312855343
0.00006079397699369044
0.00011097876064951634
0.00020226952341090244
0.00035883093239136104
0.0006226621048948543
0.0010656911885970296
0.0018099434521748256
0.003064769987272835
0.005172868066409507
0.008742200288152455
0.014491386202638786
0.023974094676306797
0.03349411591458923
0.027367067538476644
-0.12048163302720487
-0.120486517657838
0.027368445377422924
0.03349737574270182
0.023979178965818304
0.014498140736106998
0.008750429768473143
0.005182400186556679
0.003075413563453688
0.0018215151717471585
0.001078017370814286
0.0006355859860405948
0.00037221464934398553
0.0002159943054607885
0.00012494294941430275
0.00007490972416751354
0.00005277397345080245
0.00005277397337906508
0.00007490972408699759
0.0001249429493543047
0.00021599430536681062
0.00037221464935326565
0.0006355859861460639
0.0010780173708586091
0.0018215151716993922
0.0030754135633923796
0.005182400186709754
0.008750429768547343
0.014498140736151997
0.023979178965740467
0.03349737574251459
0.02736844537756123
-0.12048651765778007
-0.12049977870324065
0.027371780583764126
0.03350552521102661
0.023992038244202533
0.01451525377713443
0.008771250813851116
0.005206444518045497
0.0031021605174145614
0.0018504780909103158
0.001108748175620529
0.0006676916484104077
0.0004053594507818504
0.0002498974210934149
0.00015937096803254316
0.00010966645459985132
0.00008768863488518738
0.00008768863480519759
0.00010966645460587914
0.00015937096807177838
0.00024989742127219384
0.00040535945069063585
0.0006676916484354208
0.001108748175529178
0.0018504780909023287
0.0031021605173693484
0.00520644451808796
0.008771250813788607
0.014515253777154818
0.023992038244202513
0.03350552521097537
0.027371780583798605
-0.12049977870330032
-0.12053618123289095
0.02737998672855129
0.0335262370817255
0.024025038883612626
0.014559182321143515
0.008824548894992665
0.005267734090226287
0.0031700127311492456
0.0019235968196562362
0.0011859777430512932
0.0007480502502695813
0.0004880350148793068
0.0003342323424494339
0.0002448360733273157
0.0001958304801932429
0.00017418577731111807
0.0001741857773492107
0.00019583048012188374
0.0002448360732943553
0.000334232342502749
0.00048803501485774817
0.0007480502503637042
0.0011859777430057454
0.0019235968196199649
0.003170012731113582
0.0052677340902652445
0.008824548895028886
0.014559182321138873
0.024025038883497336
0.033526237081727354
0.027379986728589677
-0.12053618123269635
-0.12063725844648972
0.027400693296430655
0.03358003706709702
0.024111261085361546
0.014673732424784623
0.008962880496985496
0.005425894194108045
0.0033440577606910697
0.0021100725712461296
0.0013819133416646777
0.0009510102698510553
0.0006960753301051949
0.0005458335713347614
0.0004588180784827259
0.00041126367724266964
0.00039030427650422567
0.00039030427666703895
0.00041126367719859276
0.0004588180785366166
0.0005458335710607853
0.0006960753303492005
0.0009510102696673734
0.0013819133418861
0.002110072571299252
0.003344057760688071
0.0054258941941023875
0.008962880496968936
0.01467373242492635
0.02411126108510913
0.033580037066950126
0.0274006932963189
-0.12063725844636658
-0.12092095866156075
0.027454905378607897
0.03372374534261246
0.02434142087911082
0.014977955022885486
0.00932763493068288
0.005839769633429989
0.0037961420146140584
0.002591189216866896
0.0018844834730747943
0.0014690639072781405
0.0012250298382702283
0.0010822437884105455
0.0010001090042651812
0.0009554810569773947
0.0009358891244678446
0.0009358891243821221
0.0009554810570064456
0.0010001090043202006
0.001082243788601154
0.0012250298381535542
0.0014690639072144573
0.0018844834730025119
0.002591189216866674
0.0037961420147040077
0.005839769633334265
0.009327634930556456
0.01497795502292637
0.024341420879212053
0.03372374534285684
0.02745490537859036
-0.120920958661643
-0.12172346118536778
0.027604446861203773
0.03412141946952544
0.02497160283015869
0.015803154889789964
0.01030690429567339
0.00694009606167125
0.00498739072337397
0.003849187349252901
0.0031901575563631243
0.002808045318221793
0.002586755220074657
0.002459100352900376
0.002386638116340954
0.00234770320316616
0.0023307400109354092
0.002330740010999778
0.002347703203245175
0.0023866381162750703
0.0024591003527875705
0.0025867552199584764
0.0028080453184500184
0.003190157556382827
0.0038491873492470935
0.004987390723376524
0.0069400960617324575
0.0103069042957573
0.015803154889779056
0.024971602830113453
0.03412141946934676
0.027604446861138797
-0.12172346118532243
-0.12399074621098703
0.02804702715958457
0.03527088453122758
0.026748834443144617
0.018095968442619834
0.012990036299802228
0.009918404037933658
0.008178372900595867
0.007190167384465566
0.006634163533015262
0.006321414465376448
0.0061458893960840266
0.006047754940460689
0.005993671510539414
0.0059653336287129235
0.005953199355913829
0.005953199355916945
0.0059653336287722614
0.005993671510700158
0.006047754940574249
0.006145889395972055
0.006321414465376559
0.006634163532877083
0.007190167384599556
0.008178372900613209
0.009918404037920207
0.012990036299619895
0.018095968442585496
0.026748834443192274
0.035270884531351736
0.028047027159700352
-0.12399074621110469
-0.1302267654109685
0.029476964264775318
0.038765398505184734
0.03192842696059638
0.024635966540542835
0.02050705105747363
0.018141699254009006
0.016886182157525367
0.01622418199666857
0.015882439128661732
0.01570806926502506
0.015620432974273542
0.01557710362586055
0.015556175322222532
0.015546533748602724
0.015542798512514017
0.015542798512442016
0.015546533748495926
0.015556175322165931
0.015577103625785016
0.015620432974370081
0.015708069264921715
0.015882439128678982
0.016224181996693662
0.01688618215749313
0.018141699254053026
0.020507051057460184
0.024635966540677068
0.031928426960570605
0.03876539850520347
0.029476964264816843
-0.13022676541090708
-0.1455923137151602
0.034560460755282366
0.0499178665503206
0.04749278697188909
0.04374415888467018
0.04200503515907174
0.041278304733187166
0.04108413539097264
0.04109952987287856
0.04118088345666417
0.04126753656151008
0.04133900896668157
0.04139140170254589
0.0414266732376148
0.04144800323584534
0.04145797937470425
0.04145797937481556
0.04144800323584654
0.04142667323765428
0.04139140170221638
0.04133900896714417
0.041267536561228675
0.04118088345675983
0.0410995298729455
0.041084135390885596
0.041278304733284615
0.04200503515906345
0.043744158884740425
0.04749278697180646
0.049917866550184736
0.03456046075509914
-0.14559231371529827
-0.1671670850309461
0.05388141742218488
0.08580986190907233
0.09425073701995446
0.09945539047164487
0.10334340270087869
0.10624449364560096
0.10824953009769478
0.1095867636331328
0.11044978103520194
0.11099603430857975
0.11133621830050323
0.11154467399113963
0.11166898451779733
0.11173833914580557
0.11176929076091793
0.11176929076068973
0.11173833914559342
0.11166898451762089
0.11154467399146892
0.1113362183002719
0.11099603430866756
0.1104497810349335
0.10958676363303936
0.10824953009769617
0.10624449364549554
0.10334340270093641
0.09945539047172225
0.09425073702010417
0.08580986190900747
0.053881417422442325
-0.16716708503077643
-0.03968610818456798
0.11464217236899543
0.1723576359754388
0.20431842430739483
0.23104762010840954
0.24755714063412845
0.25804279125412344
0.26432456189799725
0.26807765908765413
0.2702956418222449
0.2716047429408631
0.272375517512607
0.27282718146528817
0.2730873180796659
0.2732288225316425
0.2732909962538723
0.27329099625400183
0.2732288225314914
0.2730873180795908
0.27282718146511487
0.27237551751277733
0.27160474294110826
0.2702956418223913
0.26807765908747794
0.2643245618975241
0.25804279125438234
0.24755714063422118
0.23104762010933155
0.20431842430693653
0.17235763597538561
0.11464217236888138
-0.03968610818431807
1.8133866949791564
-0.5346542964704674
-0.7180472640681848
-0.6460481591433251
-0.5639615142283052
-0.5163022523413939
-0.4881645675149266
-0.47244030362606904
-0.46354584760522244
-0.45851543491980035
-0.4556473319430704
-0.454004495733237
-0.4530625249657799
-0.4525290506517872
-0.4522423842065607
-0.45211737243869055
-0.45211737243953765
-0.4522423842056214
-0.4525290506525502
-0.4530625249665534
-0.4540044957319955
-0.4556473319425658
-0.4585154349199254
-0.4635458476060932
-0.4724403036259426
-0.48816456751483717
-0.5163022523389431
-0.5639615142308719
-0.6460481591424063
-0.7180472640704049
-0.5346542964703418
1.813386694979739