-4.576459423310224
0.7726401682040289
1.4263071384070924
1.219184752095319
1.0170305137288396
0.8955818125634494
0.8250020839878378
0.7856294676393911
0.7635292546350909
0.751109662482385
0.7440771652118856
0.740069580654197
0.737770316089297
0.7364431217937809
0.7356727052973618
0.7352232084200077
0.734959736518268
0.7348046568552036
0.7347130350921709
0.7346587303263064
0.7346264679193206
0.7346072922828714
0.7345959452186351
0.7345893499452218
0.7345857357549859
0.7345841400237965
0.7345841400272273
0.7345857357524777
0.7345893499565133
0.7345959452081143
0.7346072922774449
0.7346264679255053
0.7346587303405251
0.7347130350871323
0.7348046568558722
0.734959736510584
0.7352232084276373
0.7356727052873318
0.7364431217882708
0.7377703160855921
0.7400695806597303
0.7440771652051675
0.7511096624819034
0.7635292546347798
0.7856294676498474
0.8250020839838124
0.8955818125692414
1.0170305137229538
1.2191847520985335
1.4263071384132024
0.7726401681992314
-4.5764594233097124
0.2464061320409562
-0.08509794290149195
-0.178265894557872
-0.26452546914638214
-0.3331586224741922
-0.376833973285683
-0.4042319634104439
-0.42061464200981014
-0.4303383419455656
-0.43605499958579164
-0.439411518390581
-0.44138170181886444
-0.44253996578515387
-0.44322232955181273
-0.44362533611061217
-0.44386397589388926
-0.4440056581272842
-0.44408999081979256
-0.4441403080127496
-0.4441703923124958
-0.44418840405828586
-0.4441991830462193
-0.444205599562038
-0.44420934777417065
-0.4442114097770292
-0.4442123224607931
-0.44421232246032183
-0.4442114097768136
-0.4442093477729272
-0.44420559956349004
-0.4441991830458665
-0.4441884040591555
-0.4441703923118551
-0.4441403080128956
-0.44408999082088096
-0.4440056581273546
-0.44386397589222765
-0.44362533611046834
-0.4432223295518536
-0.4425399657851492
-0.4413817018192169
-0.4394115183903843
-0.43605499958576244
-0.43033834194568826
-0.42061464200971216
-0.40423196341073675
-0.37683397328540735
-0.33315862247407885
-0.26452546914815234
-0.1782658945590751
-0.08509794290174302
0.24640613204244138
0.39016785281631516
-0.02995348778161601
-0.09543761881452387
-0.12283711808642381
-0.14178531836074817
-0.1552832963970464
-0.1647441633403321
-0.1710148097354996
-0.17506533415933437
-0.17762052628427866
-0.17921065959430266
-0.18019041159774307
-0.1807903247383395
-0.18115613523098428
-0.18137862995733645
-0.18151375558705485
-0.1815957601661224
-0.18164551540804305
-0.18167570576752823
-0.1816940264056834
-0.18170514001329185
-0.18171186812129356
-0.1817159135421445
-0.18171829654344182
-0.18171961599020128
-0.18172020242094306
-0.18172020242049142
-0.18171961598935518
-0.18171829654303673
-0.18171591354183575
-0.18171186812142598
-0.18170514001352295
-0.1816940264058986
-0.18167570576768957
-0.18164551540840324
-0.18159576016656243
-0.18151375558620167
-0.1813786299571136
-0.18115613523054425
-0.18079032473810955
-0.18019041159780053
-0.17921065959410562
-0.17762052628466185
-0.1750653341600134
-0.1710148097352675
-0.16474416334035968
-0.1552832963972586
-0.14178531836003916
-0.12283711808653251
-0.09543761881406468
-0.029953487781630997
0.39016785281521
0.26533631863188456
-0.024409993262176636
-0.060871786080810356
-0.062284692655477175
-0.061194075358657216
-0.061688198025318
-0.06282236233612445
-0.06403479816882512
-0.06505709135774558
-0.06582845192343095
-0.06637491701603107
-0.0667468121649239
-0.06699322932191343
-0.06715347609389129
-0.06725629897939228
-0.06732163122551937
-0.06736284095648767
-0.06738869232617625
-0.06740484039601746
-0.06741489190633804
-0.06742112686535753
-0.06742497583846083
-0.06742732936537041
-0.06742873524816592
-0.06742952205606309
-0.06742987415083579
-0.06742987415058832
-0.06742952205600197
-0.06742873524810249
-0.0674273293656244
-0.06742497583831951
-0.0674211268653913
-0.06741489190608892
-0.06740484039617513
-0.0673886923261825
-0.06736284095674691
-0.06732163122517733
-0.06725629897988078
-0.06715347609417288
-0.06699322932190205
-0.06674681216487491
-0.06637491701593012
-0.06582845192351995
-0.0650570913580855
-0.06403479816838267
-0.0628223623360897
-0.061688198025609695
-0.061194075358497746
-0.06228469265567348
-0.06087178608033844
-0.02440999326217825
0.265336318631882
0.2020372633808623
-0.02641555647373715
-0.05217100969599212
-0.04323714801562854
-0.03440796595726348
-0.02952585137813721
-0.02699395491609491
-0.025823936567776883
-0.0253286813647568
-0.025153908150532665
-0.02511816261536346
-0.025135509907657918
-0.02516753477970715
-0.025198788291687545
-0.02522425455639818
-0.025243291866687424
-0.025256826780806596
-0.025266141469541196
-0.025272407950773887
-0.025276553283622542
-0.025279258313531887
-0.025281000648828666
-0.025282104370721748
-0.02528278277236335
-0.025283170650393243
-0.025283346569294
-0.025283346569376405
-0.025283170650404252
-0.025282782772658975
-0.02528210437089774
-0.02528100064879105
-0.02527925831349321
-0.025276553283724884
-0.02527240795074008
-0.025266141469568272
-0.025256826780574917
-0.02524329186659119
-0.02522425455637467
-0.025198788291835122
-0.02516753477951131
-0.025135509907513114
-0.025118162615113414
-0.025153908150455782
-0.025328681365038425
-0.0258239365673526
-0.02699395491632435
-0.02952585137821083
-0.034407965957651304
-0.043237148015866464
-0.052171009695913054
-0.02641555647378884
0.20203726338086847
0.17782942687956493
-0.02788772157142879
-0.050123586770990755
-0.03729402215799208
-0.025558135233641133
-0.018527152746450753
-0.014450079486239352
-0.012215710736632602
-0.011004270336382715
-0.010359132408431565
-0.01001971280523058
-0.009843817152572178
-0.009754226887556942
-0.009709616050615946
-0.009688080659777741
-0.009678152856646909
-0.009673910615923719
-0.009672348658717505
-0.009671976350833167
-0.009672077529506351
-0.009672324087276573
-0.009672576963086356
-0.009672785371643847
-0.009672936878338138
-0.009673033363984548
-0.00967307989759414
-0.009673079897633979
-0.009673033363998947
-0.009672936878568603
-0.009672785371501565
-0.009672576963027833
-0.00967232408731233
-0.00967207752963387
-0.009671976350758473
-0.00967234865858073
-0.009673910615949154
-0.009678152856922017
-0.00968808065980218
-0.00970961605076588
-0.009754226887524982
-0.009843817152724529
-0.010019712804943213
-0.010359132408233426
-0.011004270336588807
-0.012215710736517508
-0.014450079486415818
-0.018527152746255958
-0.025558135233793227
-0.03729402215828387
-0.05012358677086697
-0.027887721571156217
0.17782942687956943
0.1691468708163511
-0.02855500427754038
-0.04963602538072322
-0.03537518047113385
-0.022559844577751148
-0.014687517387706288
-0.009977531096484488
-0.007284986756864382
-0.005750197218044539
-0.0048826468518413475
-0.004393225189346999
-0.004117881074092549
-0.003963270451681879
-0.0038766409203677826
-0.0038282106404006772
-0.003801204343818261
-0.00378618787805952
-0.003777865565474915
-0.0037732706388679976
-0.0037707447948674934
-0.003769363527544302
-0.0037686130684506814
-0.003768209146039674
-0.003767995633084706
-0.0037678882238720898
-0.003767843638872025
-0.0037678436388258675
-0.003767888223895699
-0.0037679956333525845
-0.0037682091458022702
-0.003768613068312864
-0.003769363527476776
-0.0037707447953522055
-0.00377327063882274
-0.0037778655650876486
-0.0037861878781668456
-0.0038012043440022155
-0.0038282106405105568
-0.0038766409202950648
-0.003963270451441453
-0.004117881074487095
-0.004393225188955761
-0.0048826468515708685
-0.005750197218404923
-0.007284986756563265
-0.009977531096642888
-0.014687517387555915
-0.022559844577864994
-0.0353751804716117
-0.049636025380580075
-0.028555004277182817
0.16914687081599622
0.16607157273935133
-0.028820291427754892
-0.04951274030480505
-0.03472953816183814
-0.021513812260135882
-0.013315550500826322
-0.0083507558868978
-0.005465790475150223
-0.0037894912135355745
-0.0028205709312655097
-0.0022600598825313206
-0.0019357928170958554
-0.0017480449617240724
-0.001639275381123519
-0.0015762239599780765
-0.001539657691843329
-0.0015184434850275237
-0.001506132450607382
-0.0014989867542408255
-0.0014948390555096403
-0.0014924324767674974
-0.0014910384280282622
-0.0014902353018384326
-0.0014897805055206904
-0.001489536856642706
-0.0014894309626954827
-0.0014894309629478989
-0.001489536856881196
-0.0014897805057412655
-0.0014902353017614077
-0.0014910384280196359
-0.0014924324769113257
-0.0014948390560162667
-0.001498986753945387
-0.001506132450253672
-0.0015184434851230953
-0.001539657692078982
-0.0015762239599883955
-0.00163927538108601
-0.0017480449614018967
-0.0019357928173174505
-0.0022600598819072512
-0.0028205709307865317
-0.003789491213777373
-0.005465790474798088
-0.008350755887246743
-0.013315550500693283
-0.021513812260213285
-0.03472953816262226
-0.04951274030474754
-0.028820291427733815
0.16607157273980402
0.16497818151810076
-0.02892015407839308
-0.049477886087808357
-0.03450350690295664
-0.02113860740089194
-0.012814560928056965
-0.007748151279487928
-0.004783646341401733
-0.00304673405753258
-0.0020328243511811414
-0.0014396504653830273
-0.001092137288967847
-0.0008881275218939615
-0.0007681524621723293
-0.0006974807098157278
-0.0006557914767260915
-0.000631167693414673
-0.0006166074034552303
-0.000607989538786173
-0.0006028852553474993
-0.000599861626074796
-0.0005980730257972564
-0.0005970210803955107
-0.0005964137482119085
-0.0005960830095039158
-0.000595937643891596
-0.000595937643873041
-0.0005960830095756245
-0.0005964137482682289
-0.0005970210806119405
-0.0005980730256367218
-0.0005998616262757067
-0.0006028852554365524
-0.0006079895389776043
-0.0006166074032395436
-0.0006311676933326882
-0.0006557914766166528
-0.0006974807100128739
-0.0007681524622049009
-0.0008881275218149365
-0.0010921372889861054
-0.0014396504651223029
-0.002032824351344084
-0.0030467340575941666
-0.00478364634127418
-0.007748151279511867
-0.01281456092810402
-0.021138607400930907
-0.0345035069032418
-0.04947788608767063
-0.028920154078463416
0.16497818151798313
0.1645858426312959
-0.028956726706593418
-0.049466414240724704
-0.03442153796741981
-0.02100065248961671
-0.012628038145631381
-0.007521280635703639
-0.004524215064313209
-0.0027617157879428764
-0.0017282162214856543
-0.0011203772656162912
-0.0007621083528726287
-0.0005503510905157656
-0.0004248844286479107
-0.00035037513658985606
-0.00030603792911305586
-0.000279607426737372
-0.0002638267427866597
-0.0002543920087114194
-0.00024874560047868926
-0.00024536528346884745
-0.00024334440685198103
-0.000242143551375404
-0.00024144363386134705
-0.0002410594472891834
-0.00024088968360910754
-0.00024088968370108814
-0.0002410594471459363
-0.00024144363396905253
-0.00024214355141157642
-0.0002433444068041784
-0.00024536528342372296
-0.0002487456003873815
-0.00025439200877114607
-0.0002638267428031653
-0.0002796074266639801
-0.0003060379290996923
-0.00035037513671803977
-0.00042488442867568376
-0.0005503510904616899
-0.0007621083528925222
-0.00112037726538998
-0.0017282162219753852
-0.00276171578793154
-0.004524215064227915
-0.007521280635624773
-0.012628038145795863
-0.021000652489632794
-0.03442153796728876
-0.049466414240777724
-0.028956726706399174
0.16458584263139203
0.16444354831936464
-0.028969908447234745
-0.04946202941678372
-0.034390907090909056
-0.020948828039973326
-0.012557401542676715
-0.007434638658156915
-0.004424316784215567
-0.002651119824072858
-0.00160920500996213
-0.0009948934469699703
-0.0006317481667468183
-0.0004163844838858513
-0.00028829478392998476
-0.00021190605875281933
-0.00016624024492694497
-0.00013888185996700731
-0.00012246024570032718
-0.00011258724567751518
-0.00010664401655472697
-0.00010306464060943268
-0.00010091181786554984
-0.00009962500741774846
-0.00009887090698531437
-0.0000984551026943253
-0.00009827080576130076
-0.0000982708058096198
-0.00009845510267122815
-0.00009887090683230324
-0.00009962500760322557
-0.00010091181777825398
-0.00010306464054559011
-0.00010664401622509999
-0.00011258724586504567
-0.00012246024579346134
-0.0001388818598927278
-0.00016624024466957787
-0.00021190605899918324
-0.0002882947840547293
-0.0004163844836768102
-0.0006317481666606533
-0.0009948934468265998
-0.0016092050105085002
-0.0026511198240069685
-0.004424316783647098
-0.00743463865833353
-0.012557401542751243
-0.02094882803989276
-0.03439090709078113
-0.049462029416683415
-0.028969908447021346
0.16444354831898483
0.16439138665957304
-0.028974607705497528
-0.049460166501855224
-0.03437917263131336
-0.020928998257412193
-0.012530251096256228
-0.007401131531567715
-0.0043854265831509
-0.0026077843145873598
-0.0015622887723755344
-0.0009451563771571297
-0.0005798343966483867
-0.00036282218342396303
-0.00023350506819510143
-0.00015621648875908904
-0.00010990017207003624
-0.0000820775203786313
-0.00006532842183859636
-0.00005522692787452139
-0.00004912593674474309
-0.000045438811767334987
-0.000043213343474699184
-0.00004187847533145338
-0.00004109367748982175
-0.000040659774079735476
-0.00004046710224758387
-0.000040467102155664194
-0.000040659774146338984
-0.00004109367739239771
-0.000041878475323707445
-0.00004321334349965052
-0.00004543881156947908
-0.000049125936613223375
-0.00005522692796869887
-0.00006532842177427343
-0.00008207752043688798
-0.00010990017186527908
-0.00015621648891154892
-0.00023350506815620757
-0.0003628221832525253
-0.0005798343967109041
-0.0009451563770991414
-0.0015622887726223608
-0.002607784314771432
-0.004385426582687858
-0.007401131531870697
-0.012530251096513064
-0.02092899825719178
-0.03437917263129266
-0.049460166501694526
-0.028974607705162435
0.16439138665896535
0.1643720709067057
-0.028976267558307754
-0.04945932966559774
-0.03437458532506181
-0.020921291199082107
-0.01251967970963985
-0.007388029124618858
-0.004370139588502712
-0.0025906568113223784
-0.0015436476002534008
-0.0009252972414942914
-0.0005590151061943148
-0.0003412600016306994
-0.00021137789535023499
-0.0001336663318696109
-0.00008703788330211353
-0.00005898793665822479
-0.00004207534170242606
-0.00003185759278823948
-0.000025674861355192428
-0.000021930935675261062
-0.000019666548430017726
-0.00001830555459592266
-0.000017503856863010516
-0.000017059891605301126
-0.000016862533861357593
-0.000016862534178031888
-0.000017059891403127565
-0.00001750385689662632
-0.00001830555409934837
-0.00001966654855410335
-0.000021930935438178786
-0.000025674861555876085
-0.00003185759274901984
-0.00004207534186336816
-0.000058987936785073744
-0.00008703788334577415
-0.000133666331870244
-0.00021137789526769532
-0.0003412600014199214
-0.0005590151063457891
-0.0009252972414427769
-0.0015436476004174874
-0.0025906568115497157
-0.004370139588158491
-0.007388029124800216
-0.012519679709795933
-0.020921291198576365
-0.034374585325101986
-0.049459329665650476
-0.02897626755841893
0.16437207090660122
0.16436485064040027
-0.02897684824571109
-0.049458945494266104
-0.034372762479643576
-0.0209182558073644
-0.01251551713620553
-0.007382855423037822
-0.004364078710820981
-0.002583835320253027
-0.001536189036194755
-0.0009173163450044274
-0.0005506144989327092
-0.00033252834467391204
-0.00020238957156066984
-0.00012448214131009254
-0.0000777063985178929
-0.000049547179196315154
-0.00003255454048793513
-0.000022278860302932865
-0.00001605469567524451
-0.000012281505726759252
-9.996759422139334e-6
-8.62190798430864e-6
-7.811140104108269e-6
-7.361723754176309e-6
-7.161813092803115e-6
-7.161813186759549e-6
-7.361723765189773e-6
-7.811140040234685e-6
-8.621907867192123e-6
-9.99675924078833e-6
-0.000012281505898410423
-0.00001605469597599417
-0.000022278860275916675
-0.00003255454045308864
-0.00004954717922632557
-0.00007770639875429852
-0.00012448214122311527
-0.00020238957143201345
-0.0003325283446260668
-0.0005506144991159116
-0.0009173163451882986
-0.001536189035839628
-0.002583835320387624
-0.004364078710529679
-0.00738285542316435
-0.012515517136235771
-0.02091825580699752
-0.034372762479723984
-0.0494589454939059
-0.028976848246092243
0.16436485064051698
0.16436212822202803
-0.028977049049293956
-0.04945876841551072
-0.03437202854044062
-0.02091704680627457
-0.012513861986317236
-0.007380794811188821
-0.0043616572501174134
-0.0025810997220646293
-0.0015331860513320345
-0.0009140904431167868
-0.0005472063875418483
-0.000328974000564279
-0.00019871985484257903
-0.00012072283137901819
-0.00007387853387703001
-0.000045667575887192935
-0.000028636393259784846
-0.00001833235346947982
-0.000012087579563953915
-8.29960943438714e-6
-6.004432191520704e-6
-4.622388591677134e-6
-3.8068603726587385e-6
-3.354558177525557e-6
-3.153288440993901e-6
-3.1532883989311713e-6
-3.354558246223263e-6
-3.806860394060606e-6
-4.622388564121062e-6
-6.00443215699838e-6
-8.29960978839383e-6
-0.000012087579629370722
-0.000018332353342767277
-0.00002863639309360207
-0.00004566757589494127
-0.00007387853401270996
-0.00012072283100114246
-0.00019871985490011113
-0.0003289740006718075
-0.0005472063877831748
-0.0009140904431831957
-0.001533186051047935
-0.0025810997222972367
-0.004361657250232274
-0.0073807948113370145
-0.012513861986246603
-0.02091704680618992
-0.0343720285403398
-0.04945876841558214
-0.02897704904968286
0.16436212822281965
0.16436109352198358
-0.028977117423677312
-0.04945868709099147
-0.03437172987065555
-0.020916560621105536
-0.012513198209078542
-0.007379967799577928
-0.004360683158283245
-0.0025799958574998115
-0.0015319701422949802
-0.0009127797250800076
-0.0005458169768799213
-0.000327520439023671
-0.00019721487187266066
-0.00011917727553835866
-0.0000723014346097962
-0.00004406629084721248
-0.00002701680673751597
-0.000016699093532115857
-0.000010444234048177947
-6.6489268459456274e-6
-4.348501786641812e-6
-2.9627958667561165e-6
-2.1448179883408967e-6
-1.6910192143424275e-6
-1.4890408326381368e-6
-1.4890408277422211e-6
-1.691019268244152e-6
-2.1448180526996264e-6
-2.9627957535657214e-6
-4.3485020587601185e-6
-6.648926948231205e-6
-0.000010444234117474234
-0.00001669909371770868
-0.00002701680658721781
-0.00004406629104543373
-0.00007230143436272791
-0.00011917727534771583
-0.000197214871805554
-0.0003275204387881294
-0.0005458169771762275
-0.0009127797251370447
-0.001531970142392313
-0.002579995857547179
-0.004360683158193565
-0.007379967799635201
-0.012513198209020054
-0.020916560620834454
-0.03437172987066553
-0.04945868709128269
-0.028977117423751045
0.16436109352148467
0.16436069737293985
-0.02897714020326263
-0.04945864997876879
-0.03437160727233246
-0.020916363495044464
-0.012512930006306934
-0.007379633616926744
-0.004360288880376731
-0.0025795479240340426
-0.0015314752935287315
-0.0009122446470792912
-0.0005452480451752187
-0.00032692351618893525
-0.00019659518687544457
-0.00011853936757285327
-0.00007164915034287911
-0.00004340282195470352
-0.00002634475131290134
-0.000016020530971737402
-9.760804848931657e-6
-5.961909825171367e-6
-3.658886522854606e-6
-2.2713465274357473e-6
-1.4521302017644161e-6
-9.975689105557473e-7
-7.952278306431271e-7
-7.952275542842219e-7
-9.975688766073573e-7
-1.4521300290015878e-6
-2.2713466916175156e-6
-3.6588866112544064e-6
-5.961909669734734e-6
-9.760804661341046e-6
-0.000016020530888295177
-0.000026344751125477843
-0.000043402822433209455
-0.00007164915001281854
-0.00011853936759552734
-0.0001965951869706119
-0.0003269235159542082
-0.0005452480453503012
-0.0009122446470018677
-0.001531475293484109
-0.002579547924102634
-0.004360288880081869
-0.007379633617377885
-0.012512930006106784
-0.020916363494687815
-0.034371607272572546
-0.049458649978506554
-0.028977140202656262
0.16436069737283546
0.16436054466982725
-0.028977147548088042
-0.04945863315676894
-0.03437155658858397
-0.02091628300109425
-0.012512820918261194
-0.007379497754202189
-0.00436012839908048
-0.0025793652302366138
-0.0015312729576444843
-0.0009120252668875259
-0.0005450141427839248
-0.0003266774517375118
-0.00019633910196764184
-0.00011827515329745866
-0.00007137843589952566
-0.00004312698222984108
-0.000026064923361776924
-0.00001573764097316629
-9.475594737555706e-6
-5.674968556822346e-6
-3.370676292525702e-6
-1.98223149880135e-6
-1.1623987927355155e-6
-7.074553602941685e-7
-5.049312336550268e-7
-5.04931192086482e-7
-7.074550285133409e-7
-1.1623987695584174e-6
-1.9822315367812756e-6
-3.3706764792235147e-6
-5.674968021839382e-6
-9.47559467062482e-6
-0.000015737640842156327
-0.000026064923825291493
-0.00004312698223275941
-0.00007137843565302058
-0.0001182751533515973
-0.00019633910242502903
-0.0003266774516228941
-0.0005450141428083238
-0.000912025267104999
-0.0015312729579264228
-0.002579365230318622
-0.0043601283987162245
-0.007379497754528124
-0.012512820918408368
-0.02091628300072179
-0.03437155658855002
-0.049458633157170695
-0.028977147548414333
0.1643605446696729
0.1643604854358065
-0.02897714979514464
-0.049458625580284785
-0.034371535511083386
-0.020916249929368247
-0.012512776287064572
-0.007379442215955333
-0.004360062748138492
-0.002579290369673828
-0.0015311898708150165
-0.0009119349650400861
-0.0005449176241861522
-0.0003265756659209067
-0.0001962329244691719
-0.00011816536888082269
-0.00007126573198676255
-0.000043011947638470704
-0.000025948052933656884
-0.00001561934335553107
-9.356202970450712e-6
-5.554750357098038e-6
-3.2498462581479475e-6
-1.8609608771527771e-6
-1.0408253614413559e-6
-5.85692970686764e-7
-3.830782989500301e-7
-3.830787356586229e-7
-5.856927516950071e-7
-1.0408253079707614e-6
-1.8609607816930021e-6
-3.249846550523514e-6
-5.554749929795742e-6
-9.356202677208832e-6
-0.0000156193432280471
-0.000025948053374561464
-0.00004301194771874062
-0.00007126573198073159
-0.00011816536903118157
-0.00019623292467300994
-0.00032657566580705343
-0.0005449176239690739
-0.0009119349651820314
-0.0015311898708759261
-0.002579290369549293
-0.0043600627479457345
-0.007379442216095634
-0.012512776287419059
-0.020916249929077084
-0.03437153551126089
-0.04945862558060811
-0.028977149795621153
0.16436048543637471
0.16436046232339796
-0.028977150420680307
-0.049458622187090975
-0.03437152670236729
-0.020916236268251946
-0.012512757931169391
-0.007379419400680228
-0.004360035767548948
-0.0025792595638606816
-0.0015311556174097186
-0.0009118976586147173
-0.0005448776604501863
-0.00032653342667968215
-0.00019618876711755137
-0.00011811961876319933
-0.00007121867784678297
-0.00004296384034236888
-0.00002589910629305112
-0.00001556973712615694
-9.30608549987765e-6
-5.504242659299247e-6
-3.1990470144320807e-6
-1.809949316478751e-6
-9.896670370031704e-7
-5.344422580955772e-7
-3.317833163541147e-7
-3.317834603875056e-7
-5.344418457846665e-7
-9.896670946764764e-7
-1.8099493160334269e-6
-3.199047093241501e-6
-5.50424236808813e-6
-9.306085477795994e-6
-0.00001556973731287376
-0.00002589910672673119
-0.00004296384026944911
-0.0000712186775923488
-0.0001181196186760262
-0.00019618876720071517
-0.00032653342645166006
-0.0005448776601576352
-0.0009118976588314289
-0.0015311556176220414
-0.002579259563821425
-0.004360035767126966
-0.007379419400717034
-0.012512757931334807
-0.020916236268105855
-0.03437152670230652
-0.04945862218696441
-0.02897715042139458
0.16436046232363363
0.16436045325581006
-0.028977150562474095
-0.04945862067436492
-0.03437152300542126
-0.02091623059866614
-0.012512750346744438
-0.007379409986060517
-0.004360024632573024
-0.0025792468373405947
-0.0015311414448923857
-0.0009118821941242643
-0.0005448610608619638
-0.0003265158459441257
-0.00019617035119271338
-0.00011810050184995228
-0.00007119898112945293
-0.00004294367040615759
-0.000025878555895536185
-0.000015548884092760806
-9.284994992671808e-6
-5.482969391017073e-6
-3.1776358134313008e-6
-1.788437167935751e-6
-9.680845820529246e-7
-5.128151638552037e-7
-3.1013514199340056e-7
-3.101353726136227e-7
-5.12815446068554e-7
-9.680847988077554e-7
-1.7884370986273708e-6
-3.1776361435005315e-6
-5.482969632185637e-6
-9.284995122805706e-6
-0.000015548883793311207
-0.00002587855577993018
-0.000042943670599916944
-0.00007119898126433147
-0.00011810050168715034
-0.0001961703511573948
-0.0003265158460484832
-0.0005448610609849296
-0.0009118821942854206
-0.0015311414448118536
-0.002579246837412398
-0.004360024632717329
-0.00737940998641665
-0.012512750346574892
-0.020916230598653055
-0.034371523005402665
-0.049458620674464826
-0.028977150562251572
0.16436045325645404
0.16436044968130353
-0.028977150576046648
-0.04945862000273632
-0.03437152144851762
-0.020916228236060243
-0.01251274719981861
-0.007379406085901453
-0.004360020020058924
-0.002579241561130525
-0.0015311355611548763
-0.0009118757636329633
-0.0005448541462073871
-0.0003265085089444664
-0.0001961626512825717
-0.00011809249456056063
-0.00007119071724159407
-0.00004293519493042586
-0.000025869908338829398
-0.000015540098103164515
-9.27610022640324e-6
-5.473989869768909e-6
-3.1685919126054874e-6
-1.7793454243392906e-6
-9.589593017654892e-7
-5.036689086603132e-7
-3.0097861684783757e-7
-3.009784505558281e-7
-5.036691347148791e-7
-9.58959090235897e-7
-1.7793454302048794e-6
-3.1685919407156137e-6
-5.473990243420963e-6
-9.276100220821797e-6
-0.000015540098275874872
-0.000025869908182361765
-0.00004293519517156062
-0.00007119071697287393
-0.00011809249443806256
-0.00019616265113690313
-0.00032650850887521127
-0.0005448541464645022
-0.0009118757639469501
-0.001531135561236447
-0.002579241561096562
-0.004360020019978402
-0.007379406085897633
-0.012512747199797444
-0.020916228235516143
-0.03437152144839256
-0.04945862000270058
-0.028977150575635414
0.16436044967994434
0.16436044826588606
-0.02897715056448879
-0.04945861970601548
-0.03437152079062736
-0.020916227248145396
-0.012512745890031292
-0.0073794044649699185
-0.004360018103125455
-0.0025792393675628028
-0.0015311331127396948
-0.0009118730837367928
-0.0005448512595650625
-0.0003265054407558661
-0.00019615942589093938
-0.00011808913488743621
-0.00007118724411397739
-0.000042931627886767996
-0.000025866264080261598
-0.000015536391574714143
-9.272343775831214e-6
-5.470194341832887e-6
-3.16476628035755e-6
-1.7754976010004272e-6
-9.550954940287944e-7
-4.997951581904277e-7
-2.970996424061081e-7
-2.970996178160557e-7
-4.9979526214443e-7
-9.550951678596028e-7
-1.7754973526131713e-6
-3.1647662582199837e-6
-5.470194495497919e-6
-9.272343588371803e-6
-0.00001553639135398433
-0.0000258662640113678
-0.0000429316281085676
-0.00007118724416254742
-0.00011808913478592308
-0.00019615942574734212
-0.00032650544083382457
-0.0005448512599900431
-0.0009118730836202107
-0.001531133112374219
-0.0025792393676873143
-0.004360018103368281
-0.0073794044648981955
-0.012512745889903941
-0.020916227247547783
-0.03437152079110373
-0.04945861970598346
-0.028977150563877358
0.16436044826590818
0.1643604477026174
-0.02897715055187579
-0.049458619575878895
-0.03437152051388478
-0.020916226835619434
-0.012512745344834122
-0.007379403791350962
-0.0043600173073100185
-0.002579238456379752
-0.0015311320941126493
-0.0009118719674619495
-0.000544850055814599
-0.00032650415948696457
-0.00019615807642566044
-0.00011808772703607976
-0.00007118578691041306
-0.000042930129171951913
-0.000025864730813211456
-0.000015534830290714218
-9.270759977527332e-6
-5.468593001801461e-6
-3.163150919799616e-6
-1.773871905680627e-6
-9.534625705335073e-7
-4.981575088005007e-7
-2.95459826083653e-7
-2.954598201819306e-7
-4.981574525107685e-7
-9.534622591643123e-7
-1.773872001344724e-6
-3.163150964628657e-6
-5.468592715419701e-6
-9.270759626417969e-6
-0.00001553483023614052
-0.000025864731182399622
-0.00004293012907263361
-0.00007118578686117648
-0.00011808772711549761
-0.00019615807674165837
-0.0003265041594260841
-0.0005448500559717202
-0.0009118719676946361
-0.0015311320944353603
-0.0025792384563818422
-0.004360017307145045
-0.0073794037915803036
-0.012512745345201342
-0.020916226835133896
-0.03437152051394318
-0.04945861957613244
-0.02897715055220073
0.16436044770255537
0.16436044748081244
-0.028977150543742315
-0.04945861952054284
-0.034371520399476024
-0.02091622666666291
-0.012512745122557942
-0.0073794035171983316
-0.004360016983187347
-0.0025792380849268028
-0.0015311316788730314
-0.0009118715120076974
-0.0005448495635655742
-0.00032650363464610055
-0.00019615752306353744
-0.00011808714911065088
-0.00007118518779413182
-0.00004292951168305142
-0.000025864098644131734
-0.000015534186028704665
-9.270105890668759e-6
-5.467931083913145e-6
-3.162482849701073e-6
-1.7731992308965962e-6
-9.527870195714017e-7
-4.974797292772294e-7
-2.9478101590734823e-7
-2.947809364015109e-7
-4.974793112653264e-7
-9.527866006555511e-7
-1.773199235167494e-6
-3.1624826527509946e-6
-5.4679307226069474e-6
-9.270105397915657e-6
-0.00001553418594386458
-0.000025864099175164302
-0.00004292951193219962
-0.00007118518754365392
-0.00011808714910850501
-0.00019615752318584726
-0.00032650363452888746
-0.0005448495634915072
-0.0009118715118054041
-0.0015311316789365648
-0.0025792380850688003
-0.004360016982849902
-0.007379403517606308
-0.01251274512264779
-0.020916226666287795
-0.03437152039940272
-0.04945861952077795
-0.028977150543859853
0.16436044748116713
0.1643604474052965
-0.028977150539950133
-0.049458619500211985
-0.03437152035849196
-0.02091622660606672
-0.012512745042828986
-0.007379403419064324
-0.0043600168673273865
-0.0025792379523559813
-0.001531131530512262
-0.0009118713489735799
-0.0005448493876323835
-0.00032650344695421194
-0.00019615732504136367
-0.00011808694204068975
-0.0000711849729071048
-0.00004292929039496218
-0.000025863871911443215
-0.000015533954719432104
-9.269870740589114e-6
-5.467693020895525e-6
-3.16224213515937e-6
-1.772956901407317e-6
-9.525434432105192e-7
-4.972353446421395e-7
-2.9453600941046906e-7
-2.9453622684269107e-7
-4.972348829425281e-7
-9.525433180870127e-7
-1.7729568876815864e-6
-3.1622424319477666e-6
-5.467692513164293e-6
-9.269870347152081e-6
-0.000015533954564208034
-0.000025863872722576528
-0.00004292929049636272
-0.00007118497263324187
-0.0001180869420710076
-0.0001961573252869785
-0.00032650344677823953
-0.0005448493876883368
-0.0009118713490567215
-0.0015311315309546843
-0.0025792379526569506
-0.004360016866787239
-0.007379403419548609
-0.012512745042829426
-0.020916226605507356
-0.03437152035824438
-0.04945861950032
-0.028977150539752
0.16436044740493533
0.16436044740563446
-0.028977150540797213
-0.04945861950015329
-0.03437152035847463
-0.02091622660586071
-0.01251274504266153
-0.0073794034187743725
-0.004360016867013671
-0.0025792379519792514
-0.0015311315301119208
-0.0009118713487858085
-0.0005448493877059613
-0.00032650344701942334
-0.00019615732521534323
-0.00011808694214075207
-0.00007118497308649058
-0.00004292929056488836
-0.00002586387220824738
-0.000015533954914516108
-9.269871096648843e-6
-5.467692967858724e-6
-3.1622421544408686e-6
-1.7729569720973188e-6
-9.525434640611063e-7
-4.972349821933393e-7
-2.945359248165941e-7
-2.945361747343378e-7
-4.972352549450385e-7
-9.525434151835392e-7
-1.7729573420187796e-6
-3.1622426049854745e-6
-5.467692909009709e-6
-9.269870714217063e-6
-0.00001553395511668399
-0.000025863872566082844
-0.000042929290564274
-0.00007118497286792984
-0.00011808694229910977
-0.00019615732528229912
-0.0003265034469157707
-0.0005448493878428738
-0.0009118713491959426
-0.0015311315307053152
-0.0025792379520702476
-0.00436001686664045
-0.007379403419215613
-0.012512745042716152
-0.020916226605357295
-0.034371520358168525
-0.04945861950015318
-0.028977150540080023
0.16436044740477687
0.16436044748496215
-0.028977150545403722
-0.04945861952048618
-0.03437152039926006
-0.020916226666575312
-0.012512745122574394
-0.0073794035172537265
-0.0043600169830846115
-0.0025792380848766792
-0.0015311316789587619
-0.0009118715120988012
-0.0005448495637511372
-0.0003265036347296892
-0.0001961575233751818
-0.0001180871494048186
-0.0000711851878933513
-0.000042929512125041764
-0.000025864099155167277
-0.000015534186460928245
-9.270106004728302e-6
-5.467930812856929e-6
-3.1624827509646436e-6
-1.7731994718631097e-6
-9.527868025029929e-7
-4.974797682369619e-7
-2.947812004992811e-7
-2.9478116386288123e-7
-4.974799059432946e-7
-9.527867322440206e-7
-1.7731994211867031e-6
-3.162482909615875e-6
-5.467931122948063e-6
-9.270106119127836e-6
-0.00001553418638662993
-0.000025864099276923296
-0.00004292951224763771
-0.00007118518784848634
-0.00011808714897632307
-0.00019615752322079002
-0.00032650363448901326
-0.0005448495637699997
-0.0009118715118957289
-0.0015311316787174215
-0.0025792380849818802
-0.004360016982800717
-0.007379403517295849
-0.012512745122646569
-0.02091622666593681
-0.034371520399451086
-0.049458619520458554
-0.028977150544824772
0.16436044748479278
0.16436044770292946
-0.02897715055246694
-0.04945861957597933
-0.03437152051394572
-0.02091622683571812
-0.012512745345058567
-0.007379403791676302
-0.004360017307667391
-0.0025792384564739556
-0.0015311320941722448
-0.0009118719676539768
-0.0005448500561257972
-0.00032650415940104946
-0.00019615807656741337
-0.00011808772706142785
-0.00007118578678561637
-0.00004293012896829001
-0.00002586473060123427
-0.00001553483007153921
-9.270759715723092e-6
-5.468592444606399e-6
-3.16315076994356e-6
-1.7738717213336652e-6
-9.534624678216166e-7
-4.981576750993007e-7
-2.954597976764507e-7
-2.9545973202949894e-7
-4.981576267781759e-7
-9.534621947138386e-7
-1.7738717765331522e-6
-3.1631507630762265e-6
-5.468592794699766e-6
-9.270759841104625e-6
-0.00001553483021293198
-0.000025864730722069213
-0.00004293012906044806
-0.00007118578657830412
-0.00011808772712923433
-0.0001961580766105516
-0.0003265041592059408
-0.000544850056370085
-0.000911871968007443
-0.00153113209443134
-0.002579238456385308
-0.004360017307259632
-0.007379403791991536
-0.01251274534532603
-0.02091622683510528
-0.03437152051402244
-0.0494586195759673
-0.028977150553093065
0.16436044770259606
0.16436044826506047
-0.02897715056367965
-0.04945861970616238
-0.034371520790583004
-0.020916227247990825
-0.012512745889872355
-0.007379404464706559
-0.0043600181031128865
-0.002579239367607411
-0.001531133112744979
-0.0009118730838438259
-0.0005448512595040252
-0.0003265054407049017
-0.00019615942577189984
-0.00011808913447381545
-0.00007118724393990919
-0.00004293162761861292
-0.0000258662640325334
-0.00001553639149010606
-9.272343537686773e-6
-5.470194189472465e-6
-3.1647662529361787e-6
-1.7754973016429838e-6
-9.550955712964557e-7
-4.997947203905169e-7
-2.970993889235973e-7
-2.9709941308839876e-7
-4.997949423417203e-7
-9.550950219744348e-7
-1.7754971968104544e-6
-3.1647660047588828e-6
-5.470194427358206e-6
-9.272343396092525e-6
-0.000015536391301449754
-0.000025866263681451903
-0.00004293162801125621
-0.0000711872442303562
-0.0001180891348017327
-0.00019615942566486865
-0.00032650544093622725
-0.0005448512598160281
-0.000911873083746569
-0.0015311331123031738
-0.002579239367553019
-0.004360018103463894
-0.007379404464887751
-0.012512745889701759
-0.020916227247971167
-0.034371520790977016
-0.0494586197062016
-0.02897715056422633
0.16436044826695512
0.1643604496796059
-0.028977150574807764
-0.04945862000265253
-0.03437152144818737
-0.02091622823573977
-0.012512747199579916
-0.007379406085622972
-0.004360020019919633
-0.00257924156107924
-0.0015311355610654748
-0.0009118757635394824
-0.0005448541460441356
-0.00032650850900366787
-0.00019616265108546278
-0.0001180924945665665
-0.00007119071728292765
-0.00004293519510388915
-0.000025869908197659763
-0.00001554009817231717
-9.276100446148209e-6
-5.473990418453911e-6
-3.168592204792974e-6
-1.7793456536347508e-6
-9.589595355944506e-7
-5.036687374626669e-7
-3.0097826306098657e-7
-3.0097834105474724e-7
-5.036685737891598e-7
-9.589591488316278e-7
-1.7793454171047451e-6
-3.168592037298006e-6
-5.473990068188596e-6
-9.27610036629586e-6
-0.000015540098375641147
-0.000025869908438399577
-0.000042935195288516025
-0.00007119071718992083
-0.00011809249442445921
-0.00019616265115876498
-0.0003265085087766186
-0.0005448541459506752
-0.0009118757636785103
-0.0015311355610095304
-0.002579241560999342
-0.0043600200193123035
-0.007379406085669646
-0.012512747199458538
-0.020916228235723307
-0.034371521448073095
-0.04945862000321771
-0.028977150575420343
0.164360449678929
0.16436045325567883
-0.028977150562970046
-0.04945862067398264
-0.034371523005114445
-0.02091623059889721
-0.012512750346842145
-0.007379409986096009
-0.004360024632483815
-0.002579246837266797
-0.0015311414447849775
-0.0009118821938365442
-0.0005448610607748447
-0.0003265158458800958
-0.00019617035117295268
-0.00011810050187903487
-0.00007119898108426948
-0.00004294367063189317
-0.000025878555881891247
-0.000015548884137151035
-9.284995225813125e-6
-5.482969596432524e-6
-3.1776360721304226e-6
-1.7884372680047635e-6
-9.680845155274558e-7
-5.128154285770914e-7
-3.1013533728576443e-7
-3.1013565350160386e-7
-5.128155391590168e-7
-9.680846668893564e-7
-1.7884373607677902e-6
-3.177636460453949e-6
-5.482969517886393e-6
-9.28499510930377e-6
-0.000015548883738658646
-0.000025878555958575623
-0.000042943670813117916
-0.00007119898098432828
-0.00011810050178837151
-0.0001961703512469734
-0.00032651584598183893
-0.0005448610607593468
-0.0009118821940429024
-0.0015311414447466332
-0.0025792468374202585
-0.004360024632652859
-0.007379409986386488
-0.012512750346995439
-0.02091623059845983
-0.034371523005622406
-0.04945862067421178
-0.02897715056205791
0.16436045325536625
0.16436046232598167
-0.028977150422911435
-0.049458622187035325
-0.03437152670237783
-0.020916236268481013
-0.01251275793158595
-0.00737941940095768
-0.004360035767736303
-0.0025792595640581183
-0.0015311556175625625
-0.0009118976587604529
-0.0005448776605551574
-0.0003265334268236165
-0.00019618876724489752
-0.00011811961878344758
-0.0000712186779668209
-0.000042963840326043154
-0.000025899106364030516
-0.000015569737014361
-9.306085313246866e-6
-5.504242661243533e-6
-3.1990470288024347e-6
-1.8099493171674172e-6
-9.896669706042291e-7
-5.344426585908159e-7
-3.317834695085536e-7
-3.3178360632562866e-7
-5.344421511721104e-7
-9.896671867286688e-7
-1.8099495639299902e-6
-3.199047233347829e-6
-5.504242406183878e-6
-9.30608533132627e-6
-0.000015569737049208063
-0.000025899106662838857
-0.00004296384020524765
-0.00007121867729708128
-0.00011811961878669587
-0.00019618876747890803
-0.00032653342663084036
-0.0005448776604217655
-0.0009118976591854667
-0.0015311556180560744
-0.0025792595642871357
-0.0043600357674444985
-0.007379419400768115
-0.012512757931993773
-0.02091623626785346
-0.034371526701850605
-0.049458622186725615
-0.028977150422262846
0.16436046232470747
0.16436048543681275
-0.028977149797099533
-0.049458625580498725
-0.03437153551115235
-0.02091624992948505
-0.012512776287422284
-0.007379442216165481
-0.004360062748208654
-0.0025792903695685977
-0.0015311898709743563
-0.0009119349651869388
-0.0005449176243283836
-0.00032657566613762527
-0.00019623292450230095
-0.00011816536885722606
-0.00007126573194493602
-0.00004301194734406215
-0.00002594805283371943
-0.000015619343304246665
-9.356202861201138e-6
-5.554750317546013e-6
-3.2498461755854604e-6
-1.8609607097735998e-6
-1.0408251678405982e-6
-5.856927490382296e-7
-3.830783036740669e-7
-3.8307857321839323e-7
-5.856929187874736e-7
-1.0408253009467623e-6
-1.8609609160137987e-6
-3.249846631220083e-6
-5.554749864849059e-6
-9.356202622840157e-6
-0.000015619342942867637
-0.000025948053090359128
-0.000043011947557126654
-0.00007126573193720216
-0.00011816536899034836
-0.00019623292469916095
-0.000326575665752927
-0.000544917624348534
-0.0009119349652065112
-0.0015311898707950841
-0.002579290369407186
-0.004360062747737428
-0.007379442216398784
-0.012512776287435695
-0.02091624992887129
-0.03437153551092305
-0.04945862558016671
-0.0289771497964693
0.16436048543722345
0.16436054466871342
-0.02897714754702515
-0.04945863315677829
-0.03437155658863262
-0.020916283000918127
-0.012512820918167166
-0.007379497754086794
-0.004360128399037245
-0.0025793652301261414
-0.0015312729574719415
-0.0009120252666695055
-0.0005450141426682554
-0.00032667745144086883
-0.00019633910196699948
-0.00011827515319080508
-0.00007137843615305103
-0.000043126982397113846
-0.000026064923765806436
-0.00001573764101013807
-9.47559490493665e-6
-5.674968250607439e-6
-3.3706761581749986e-6
-1.9822313530412484e-6
-1.1623987587715772e-6
-7.074551631160789e-7
-5.049316068411983e-7
-5.049313526284444e-7
-7.074552605866659e-7
-1.1623985381958142e-6
-1.982231587125421e-6
-3.370676198801796e-6
-5.6749680767952815e-6
-9.475594908951857e-6
-0.000015737641435724748
-0.000026064923769812004
-0.00004312698265498422
-0.00007137843575044669
-0.0001182751534219234
-0.00019633910223080457
-0.0003266774513858375
-0.0005450141427606584
-0.0009120252668867627
-0.001531272957699731
-0.0025793652301249696
-0.0043601283986026635
-0.0073794977544858
-0.012512820918152676
-0.020916283000618707
-0.03437155658849398
-0.04945863315674643
-0.02897714754891542
0.1643605446692313
0.164360697369532
-0.028977140201675043
-0.04945864997876668
-0.03437160727221401
-0.020916363494768386
-0.01251293000603241
-0.0073796336166427005
-0.004360288880204304
-0.0025795479237620362
-0.0015314752932474114
-0.0009122446472919794
-0.0005452480450023979
-0.000326923515941905
-0.00019659518679539137
-0.0001185393676182823
-0.00007164915026014881
-0.00004340282175970505
-0.00002634475131948187
-0.000016020531226527183
-9.760804808428683e-6
-5.961909712731089e-6
-3.6588864305666654e-6
-2.2713466308409014e-6
-1.4521302931833493e-6
-9.975688036262083e-7
-7.952274525701182e-7
-7.95227361249687e-7
-9.97568590367956e-7
-1.4521301695427574e-6
-2.2713462885245107e-6
-3.658886238920277e-6
-5.9619098069121205e-6
-9.760804729327623e-6
-0.000016020531018623488
-0.000026344751170271706
-0.000043402822352137906
-0.00007164915043632138
-0.0001185393675096117
-0.0001965951867168706
-0.0003269235158461552
-0.0005452480450971223
-0.0009122446469166893
-0.0015314752931895638
-0.002579547923699443
-0.004360288880219975
-0.007379633616945325
-0.012512930005971942
-0.02091636349480737
-0.03437160727215476
-0.0494586499787023
-0.02897714020220581
0.16436069737090553
0.1643610935231116
-0.028977117424154833
-0.04945868709097523
-0.03437172987052309
-0.02091656062112413
-0.012513198209238316
-0.007379967799810936
-0.004360683158589753
-0.002579995857608687
-0.0015319701426221408
-0.0009127797253686008
-0.0005458169771371983
-0.0003275204393092964
-0.00019721487179308873
-0.00011917727528417714
-0.00007230143429039592
-0.00004406629069315414
-0.000027016806753408527
-0.00001669909352968336
-0.000010444233894511012
-6.648926787948636e-6
-4.348502006604365e-6
-2.9627958149387773e-6
-2.14481811906913e-6
-1.6910191954412833e-6
-1.4890409023029896e-6
-1.4890406922429577e-6
-1.691019216696094e-6
-2.144817824699245e-6
-2.9627956124052138e-6
-4.348501709503671e-6
-6.648927134716461e-6
-0.000010444234172826103
-0.000016699093753857383
-0.000027016806718536204
-0.00004406629087088455
-0.00007230143444787474
-0.00011917727507316305
-0.0001972148716634757
-0.0003275204389187965
-0.0005458169772351688
-0.0009127797256112177
-0.0015319701419962894
-0.0025799958577905533
-0.004360683158114315
-0.0073799677997902985
-0.01251319820912523
-0.020916560621123376
-0.034371729870692834
-0.04945868709132882
-0.028977117423331582
0.16436109352183262
0.16436212822379398
-0.02897704905203717
-0.04945876841501617
-0.034372028539747204
-0.020917046806490612
-0.012513861986819919
-0.00738079481167463
-0.004361657250116599
-0.002581099722110157
-0.0015331860515508926
-0.0009140904431430054
-0.0005472063876290182
-0.00032897400056925547
-0.00019871985496851396
-0.0001207228315818379
-0.00007387853405528635
-0.000045667576017573234
-0.000028636392965400334
-0.000018332353568186176
-0.000012087579594240528
-8.29960944256109e-6
-6.004432327787783e-6
-4.622388950127011e-6
-3.8068606385612335e-6
-3.354558504738721e-6
-3.153288545488163e-6
-3.1532885518203332e-6
-3.3545585959105925e-6
-3.806860363603574e-6
-4.622388708738504e-6
-6.004432260872455e-6
-8.299609649262408e-6
-0.000012087579569416315
-0.00001833235328864684
-0.000028636392983109096
-0.00004566757600374814
-0.00007387853373512528
-0.00012072283139753833
-0.00019871985486286217
-0.00032897400075044864
-0.000547206388154228
-0.0009140904432690439
-0.0015331860512023594
-0.002581099722920475
-0.004361657250371938
-0.007380794811958444
-0.01251386198678774
-0.020917046806084534
-0.034372028540461994
-0.049458768415061034
-0.028977049051153274
0.1643621282229974
0.16436485064431822
-0.02897684824895013
-0.0494589454939415
-0.03437276247905624
-0.020918255807345652
-0.012515517136254274
-0.007382855422913559
-0.004364078710560907
-0.002583835320092486
-0.0015361890359831968
-0.0009173163447073289
-0.0005506144986671773
-0.0003325283447284082
-0.00020238957174143724
-0.0001244821415445657
-0.00007770639894997464
-0.00004954717951261532
-0.00003255454076273532
-0.000022278860475515083
-0.00001605469564750363
-0.000012281506079005644
-9.996759474968236e-6
-8.621908054402451e-6
-7.811140012204108e-6
-7.361723939743545e-6
-7.161813197029955e-6
-7.1618134481667506e-6
-7.361723693212693e-6
-7.811140406101456e-6
-8.621908076264732e-6
-9.996759797724806e-6
-0.000012281505835515269
-0.000016054695847753258
-0.00002227886027898213
-0.00003255454063039679
-0.000049547179467710805
-0.00007770639867833192
-0.0001244821414163465
-0.00020238957153799185
-0.000332528344702403
-0.000550614499006819
-0.0009173163446757344
-0.0015361890361198054
-0.0025838353205285096
-0.004364078710248412
-0.007382855423101391
-0.012515517136439919
-0.020918255806760367
-0.03437276247884279
-0.04945894549335511
-0.028976848247847166
0.1643648506431325
0.16437207090624367
-0.0289762675585973
-0.04945932966514148
-0.03437458532484862
-0.02092129119917699
-0.012519679709607196
-0.00738802912435489
-0.004370139588373653
-0.0025906568112583697
-0.0015436476003971022
-0.0009252972414860116
-0.0005590151063880613
-0.00034126000169871405
-0.00021137789538444
-0.0001336663317742795
-0.0000870378835001051
-0.000058987936588669165
-0.00004207534167523462
-0.00003185759270790078
-0.000025674861446934638
-0.000021930935724706393
-0.000019666548502177032
-0.000018305554087776463
-0.00001750385697606845
-0.000017059891284489132
-0.00001686253397404182
-0.00001686253393486117
-0.000017059891321572915
-0.000017503856810757447
-0.00001830555452353812
-0.00001966654860303071
-0.00002193093573318839
-0.000025674861460668518
-0.00003185759303146499
-0.00004207534202419134
-0.00005898793671474285
-0.00008703788296851475
-0.0001336663318935766
-0.00021137789544774883
-0.00034126000146462716
-0.0005590151062370339
-0.0009252972413036698
-0.0015436476005379395
-0.002590656811137148
-0.0043701395875579705
-0.007388029124493702
-0.012519679709499028
-0.020921291198600263
-0.034374585324982124
-0.049459329665128865
-0.02897626755942516
0.16437207090676395
0.16439138665699649
-0.028974607704758716
-0.049460166501700945
-0.03437917263122423
-0.020928998257350825
-0.012530251096412382
-0.007401131531736627
-0.004385426583285274
-0.0026077843146238354
-0.0015622887723989337
-0.0009451563771027112
-0.0005798343965973914
-0.0003628221832867117
-0.00023350506820602094
-0.00015621648856578444
-0.00010990017161065954
-0.00008207751974671215
-0.00006532842131007364
-0.000055226927317696226
-0.000049125936254825385
-0.0000454388114157667
-0.00004321334325264359
-0.0000418784748476335
-0.000041093677305440365
-0.0000406597738721294
-0.00004046710203117373
-0.00004046710202075548
-0.0000406597739572556
-0.00004109367737366355
-0.000041878475328349266
-0.00004321334312453308
-0.00004543881136989904
-0.000049125936164585896
-0.00005522692754096967
-0.00006532842153669918
-0.000082077520018592
-0.00010990017160416428
-0.00015621648880672135
-0.00023350506808836465
-0.00036282218321279634
-0.0005798343965087447
-0.0009451563766191301
-0.0015622887728719205
-0.0026077843147211555
-0.004385426583034029
-0.00740113153199216
-0.01253025109665778
-0.020928998257799238
-0.03437917263141899
-0.04946016650159993
-0.028974607705135404
0.16439138665759062
0.16444354831841307
-0.028969908447212055
-0.04946202941687418
-0.034390907091060366
-0.02094882803999716
-0.012557401542586447
-0.007434638658196848
-0.004424316784280441
-0.0026511198240874783
-0.0016092050099426568
-0.000994893447205489
-0.0006317481669051961
-0.0004163844839386211
-0.0002882947837293523
-0.00021190605854312726
-0.0001662402447120462
-0.0001388818598485727
-0.00012246024564853568
-0.00011258724571737694
-0.00010664401673183082
-0.00010306464063728737
-0.00010091181757287477
-0.00009962500750267632
-0.0000988709071244709
-0.00009845510274805615
-0.00009827080569259518
-0.0000982708059406959
-0.00009845510238957112
-0.00009887090694792135
-0.00009962500733216428
-0.00010091181766569863
-0.00010306464028939979
-0.00010664401649669601
-0.00011258724613707051
-0.00012246024584301957
-0.00013888185964284295
-0.00016624024495903104
-0.00021190605885476594
-0.0002882947840266876
-0.00041638448369491225
-0.0006317481667120802
-0.0009948934471345505
-0.0016092050106873861
-0.002651119823715319
-0.004424316784015452
-0.007434638658216504
-0.012557401542835203
-0.020948828039907046
-0.0343909070907223
-0.04946202941682823
-0.028969908446930925
0.1644435483174363
0.16458584263385853
-0.028956726708565538
-0.049466414240497664
-0.03442153796682799
-0.021000652489229166
-0.012628038145531331
-0.00752128063545009
-0.004524215063827466
-0.0027617157875076456
-0.001728216221451268
-0.0011203772657507817
-0.0007621083531173379
-0.0005503510906804995
-0.00042488442880373123
-0.0003503751368041821
-0.00030603792917484985
-0.00027960742702537564
-0.0002638267435675841
-0.00025439200939088123
-0.0002487456011850425
-0.00024536528354142747
-0.00024334440733363315
-0.0002421435519247609
-0.00024144363402462798
-0.00024105944708352605
-0.00024088968349490454
-0.00024088968334341402
-0.00024105944722439663
-0.0002414436338070247
-0.00024214355140526504
-0.00024334440694173174
-0.0002453652839322518
-0.00024874560117644145
-0.0002543920091946519
-0.00026382674286577057
-0.00027960742720716924
-0.0003060379294684294
-0.00035037513687836486
-0.00042488442876903123
-0.0005503510905961612
-0.0007621083530755241
-0.001120377265307361
-0.0017282162211181879
-0.0027617157875269626
-0.0045242150639171995
-0.007521280635403077
-0.012628038145365048
-0.021000652489312065
-0.03442153796744024
-0.04946641424036113
-0.028956726707802416
0.16458584263475298
0.16497818152138277
-0.028920154081544552
-0.04947788608744069
-0.03450350690237665
-0.021138607400658614
-0.012814560928141861
-0.007748151279546924
-0.004783646341250701
-0.003046734057213763
-0.002032824350714632
-0.0014396504652106068
-0.001092137288874923
-0.0008881275217767677
-0.0007681524623076259
-0.0006974807104259773
-0.0006557914769400172
-0.0006311676938612297
-0.0006166074037054946
-0.0006079895390018319
-0.0006028852553848754
-0.0005998616263525979
-0.0005980730260350183
-0.0005970210807330772
-0.0005964137479214758
-0.0005960830099543338
-0.0005959376436895648
-0.0005959376434816043
-0.000596083009810298
-0.0005964137484543025
-0.0005970210806485955
-0.0005980730258228508
-0.0005998616261541866
-0.000602885255939238
-0.0006079895389819942
-0.000616607403154664
-0.0006311676934090688
-0.0006557914767524344
-0.0006974807102186422
-0.0007681524625112953
-0.0008881275217335872
-0.0010921372893392114
-0.0014396504653924527
-0.002032824351161754
-0.0030467340577421767
-0.004783646340862145
-0.007748151279858338
-0.01281456092832279
-0.021138607400856515
-0.034503506902676784
-0.04947788608702379
-0.02892015408138062
0.16497818152030808
0.16607157273951267
-0.02882029142938846
-0.04951274030440983
-0.034729538161649504
-0.021513812260554675
-0.0133155505013422
-0.008350755886929344
-0.005465790475375836
-0.0037894912139583986
-0.0028205709314487746
-0.0022600598826007104
-0.0019357928168284796
-0.0017480449616557683
-0.0016392753810896736
-0.0015762239597068286
-0.001539657691668775
-0.0015184434850233524
-0.0015061324507160002
-0.001498986754002681
-0.0014948390553519977
-0.0014924324764184764
-0.0014910384275806515
-0.0014902353015977257
-0.001489780505457288
-0.0014895368564702529
-0.0014894309628475208
-0.001489430963496832
-0.001489536856926891
-0.001489780505524895
-0.0014902353015885908
-0.0014910384279222212
-0.0014924324767463908
-0.0014948390553326445
-0.0014989867535625638
-0.0015061324499039746
-0.0015184434849726193
-0.0015396576919102277
-0.0015762239598789913
-0.0016392753809170175
-0.0017480449615076906
-0.0019357928173915197
-0.0022600598821782463
-0.0028205709311079326
-0.003789491213948708
-0.00546579047542939
-0.00835075588769115
-0.013315550500865346
-0.02151381226053778
-0.03472953816192896
-0.04951274030425863
-0.028820291430416548
0.16607157274163423
0.16914687081581384
-0.028555004277184153
-0.0496360253805495
-0.035375180470958126
-0.02255984457774319
-0.014687517387636295
-0.009977531096691864
-0.007284986756925406
-0.005750197217798165
-0.0048826468518559105
-0.004393225189267885
-0.00411788107407951
-0.00396327045178145
-0.003876640920210922
-0.0038282106402741135
-0.003801204343847937
-0.0037861878779603974
-0.0037778655649682432
-0.0037732706384262654
-0.0037707447945820836
-0.003769363527718404
-0.0037686130684647192
-0.0037682091457853168
-0.0037679956330584656
-0.0037678882235964665
-0.003767843638889934
-0.0037678436385897495
-0.003767888223157016
-0.0037679956333702778
-0.00376820914594087
-0.0037686130681377763
-0.0037693635274107665
-0.003770744794924844
-0.003773270638807739
-0.0037778655651877755
-0.0037861878776713617
-0.0038012043437774872
-0.0038282106400487187
-0.0038766409201442843
-0.003963270451737305
-0.004117881073977564
-0.00439322518901385
-0.004882646851773743
-0.0057501972181451776
-0.007284986756528128
-0.009977531096238633
-0.014687517387449327
-0.022559844578043886
-0.035375180471107937
-0.04963602538049955
-0.028555004278278964
0.16914687081573815
0.17782942687739373
-0.02788772157137762
-0.050123586770354674
-0.03729402215787225
-0.025558135233520296
-0.01852715274623532
-0.014450079485878049
-0.012215710736327073
-0.011004270336280025
-0.010359132408337655
-0.010019712804915626
-0.009843817152548754
-0.009754226887393351
-0.009709616050549649
-0.009688080659768748
-0.009678152856515684
-0.009673910615926467
-0.009672348658959225
-0.00967197635111772
-0.009672077529985723
-0.00967232408749295
-0.009672576963242141
-0.009672785371742373
-0.009672936878444657
-0.009673033363976936
-0.009673079897613965
-0.009673079897617311
-0.009673033364252312
-0.009672936878715545
-0.00967278537164875
-0.009672576963363778
-0.00967232408749714
-0.009672077529768914
-0.009671976350978153
-0.009672348659138146
-0.00967391061633778
-0.009678152856986522
-0.009688080660060355
-0.009709616051155279
-0.00975422688750249
-0.009843817152581168
-0.010019712804811298
-0.010359132408075894
-0.01100427033642488
-0.012215710736175
-0.014450079486325328
-0.01852715274615196
-0.02555813523353195
-0.03729402215820865
-0.050123586770433284
-0.027887721570451503
0.1778294268774695
0.20203726338121197
-0.026415556475141634
-0.05217100969524063
-0.04323714801529789
-0.034407965957480635
-0.029525851378582373
-0.026993954916543127
-0.025823936567978927
-0.025328681364875576
-0.02515390815055029
-0.025118162615402652
-0.02513550990774653
-0.025167534779663228
-0.025198788291850738
-0.025224254556214853
-0.025243291866794637
-0.025256826780762277
-0.025266141469502172
-0.025272407950462147
-0.025276553283638502
-0.02527925831349262
-0.025281000649154794
-0.025282104370842145
-0.025282782772643196
-0.025283170650833065
-0.025283346569853753
-0.025283346569276326
-0.02528317065061471
-0.025282782772496695
-0.02528210437101753
-0.025281000648837714
-0.02527925831349693
-0.025276553283591637
-0.02527240795109667
-0.02526614146978569
-0.02525682678080536
-0.025243291866293722
-0.02522425455665071
-0.025198788291740784
-0.025167534779356383
-0.025135509907248322
-0.025118162615012374
-0.025153908150477453
-0.02532868136500581
-0.025823936567368033
-0.026993954916366657
-0.02952585137878136
-0.03440796595759808
-0.043237148015820986
-0.052171009695014106
-0.026415556474499828
0.20203726337978412
0.26533631863619295
-0.024409993266572914
-0.06087178608049233
-0.06228469265500934
-0.061194075358484465
-0.06168819802576018
-0.06282236233657454
-0.06403479816904999
-0.0650570913581121
-0.06582845192392367
-0.0663749170166199
-0.06674681216529266
-0.06699322932200172
-0.06715347609408023
-0.06725629897948986
-0.067321631225566
-0.06736284095641241
-0.06738869232608605
-0.0674048403961512
-0.06741489190621577
-0.06742112686511798
-0.06742497583842585
-0.0674273293656778
-0.06742873524846166
-0.06742952205612496
-0.06742987415068882
-0.06742987415054372
-0.06742952205627112
-0.06742873524843315
-0.06742732936549026
-0.06742497583828512
-0.06742112686525423
-0.06741489190605779
-0.06740484039627659
-0.06738869232593898
-0.06736284095649732
-0.06732163122527765
-0.06725629897999245
-0.06715347609379467
-0.06699322932182514
-0.06674681216526568
-0.06637491701627946
-0.06582845192371234
-0.06505709135786097
-0.06403479816851253
-0.06282236233687954
-0.06168819802627268
-0.06119407535852482
-0.06228469265542613
-0.06087178607974714
-0.024409993265268673
0.265336318635714
0.3901678528185849
-0.02995348778406301
-0.0954376188137632
-0.12283711808572095
-0.14178531836059505
-0.15528329639717856
-0.16474416334022457
-0.1710148097352891
-0.17506533415905645
-0.1776205262838712
-0.17921065959417043
-0.1801904115976658
-0.18079032473837303
-0.18115613523068103
-0.18137862995705506
-0.18151375558678942
-0.18159576016621692
-0.1816455154081697
-0.18167570576769992
-0.1816940264057153
-0.18170514001326582
-0.18171186812096812
-0.18171591354218364
-0.18171829654337912
-0.1817196159897047
-0.1817202024205127
-0.18172020242047804
-0.18171961598955894
-0.18171829654336996
-0.1817159135417689
-0.18171186812102527
-0.18170514001291752
-0.18169402640594076
-0.18167570576807116
-0.18164551540812165
-0.1815957601657776
-0.18151375558684812
-0.18137862995768708
-0.18115613523068863
-0.1807903247381792
-0.18019041159837787
-0.17921065959500768
-0.17762052628489494
-0.1750653341588369
-0.1710148097350523
-0.1647441633406352
-0.15528329639744415
-0.14178531836014832
-0.12283711808581396
-0.09543761881341255
-0.029953487784785206
0.390167852819376
0.24640613203999906
-0.08509794290293986
-0.17826589455761083
-0.2645254691458792
-0.33315862247390804
-0.3768339732861171
-0.4042319634103698
-0.42061464200937715
-0.43033834194516934
-0.43605499958471894
-0.43941151838998904
-0.44138170181886127
-0.4425399657851248
-0.44322232955155016
-0.4436253361114405
-0.443863975893826
-0.4440056581284921
-0.4440899908197271
-0.44414030801281346
-0.4441703923131214
-0.44418840405865384
-0.4441991830458064
-0.44420559956218075
-0.44420934777354376
-0.4442114097772439
-0.44421232246075515
-0.44421232246049047
-0.44421140977711326
-0.4442093477730037
-0.44420559956293426
-0.44419918304658446
-0.44418840405879495
-0.44417039231282684
-0.44414030801368826
-0.44408999081898026
-0.44400565812840376
-0.44386397589312787
-0.44362533611184884
-0.4432223295491031
-0.44253996578272936
-0.4413817018182442
-0.4394115183903038
-0.43605499958614286
-0.43033834194459686
-0.420614642008324
-0.40423196341333945
-0.3768339732873198
-0.3331586224730844
-0.2645254691452499
-0.17826589455716507
-0.08509794290537115
0.24640613204034892
-4.576459423311432
0.7726401682046067
1.4263071384079362
1.2191847520954195
1.017030513728788
0.8955818125631061
0.8250020839879155
0.785629467640035
0.7635292546348018
0.7511096624823375
0.7440771652120077
0.7400695806538546
0.7377703160888549
0.7364431217940381
0.7356727052965497
0.7352232084207855
0.734959736517437
0.7348046568560467
0.7347130350924094
0.7346587303261363
0.7346264679191647
0.7346072922833251
0.7345959452185975
0.7345893499461518
0.7345857357550153
0.734584140023854
0.7345841400267619
0.734585735752282
0.7345893499569245
0.7345959452095707
0.7346072922761764
0.7346264679253623
0.7346587303394421
0.7347130350865394
0.7348046568575057
0.734959736509536
0.7352232084281973
0.7356727052869569
0.7364431217908265
0.737770316087381
0.740069580660054
0.7440771652054243
0.7511096624805793
0.7635292546348131
0.785629467650997
0.8250020839816927
0.8955818125674982
1.0170305137239728
1.219184752100508
1.4263071384145873
0.7726401681997602
-4.576459423312068