-519.3335388052205
-9.42816565163616
-16.585256681008595
20.818401442596674
22.584477793361536
26.70492670481596
27.28187797350344
27.82606943063959
27.951063787864747
28.031458664522454
28.05556136301915
28.068330585630346
28.072775896303266
28.07490105050245
28.075706532745745
28.07607104584809
28.07621612136124
28.076279891755142
28.076306003685755
28.0763173098163
28.07632201787537
28.07632404123585
28.07632489243376
28.076325257000303
28.076325411375002
28.07632547738269
28.07632550543272
28.076325517367188
28.07632552236744
28.076325524085313
28.076325524108164
28.076325522336248
28.076325517400946
28.07632550544259
28.076325477360697
28.076325411396702
28.07632525698494
28.07632489240702
28.076324041233832
28.076322017876194
28.07631730981607
28.076306003685474
28.076279891756094
28.07621612135921
28.076071045847222
28.07570653275181
28.074901050518637
28.072775896260417
28.06833058567058
28.05556136299419
28.031458664517608
27.951063787874915
27.826069430643756
27.281877973454954
26.70492670480094
22.58447779342123
20.818401442601804
-16.58525668104461
-9.42816565159437
-519.3335388052312
-103.11962365652168
-1.9022106268058132
-9.721366025372966
-0.868413445936699
-1.2891371491852373
-0.33391486867346126
-0.30232777930056365
-0.18002950936757597
-0.1629192691207239
-0.14496688155319362
-0.1406524976953446
-0.13774806239138843
-0.13683038630291572
-0.13633009795829
-0.13614728259384953
-0.13605779883218572
-0.13602243819199616
-0.1360060804530933
-0.13599933712940782
-0.13599630971097423
-0.13599503267938343
-0.13599446843661583
-0.13599422742422407
-0.13599412183916143
-0.13599407642727185
-0.13599405663023334
-0.1359940480866779
-0.1359940443912527
-0.13599404284172842
-0.13599404227276202
-0.13599404227297252
-0.1359940428389902
-0.13599404439182752
-0.1359940480889283
-0.1359940566285451
-0.13599407642758768
-0.13599412183540438
-0.1359942274198529
-0.13599446843903432
-0.13599503267859864
-0.1359963097114049
-0.13599933712142617
-0.13600608044866563
-0.1360224381959896
-0.13605779882988078
-0.13614728259613165
-0.13633009795920079
-0.13683038629699765
-0.13774806239059603
-0.14065249769847998
-0.14496688155772566
-0.16291926912618893
-0.1800295093627377
-0.30232777929686133
-0.33391486867266007
-1.289137149187055
-0.8684134459422358
-9.72136602536844
-1.902210626805212
-103.11962365651837
-17.77681528839345
-0.20250602406340418
-3.1015969465252886
-0.9048830649289064
-1.210765209040689
-0.9601161372589078
-0.9831152477217302
-0.9523121210293313
-0.9523566596987573
-0.9480992471793569
-0.947606877599417
-0.9469451003243265
-0.9467940246526257
-0.9466810973389694
-0.9466455885942449
-0.9466250789863297
-0.9466174799082148
-0.9466136159265658
-0.9466120569939642
-0.9466113146259605
-0.9466110016131615
-0.9466108576177763
-0.9466107955145762
-0.9466107674717337
-0.9466107552375975
-0.9466107497728068
-0.9466107473762052
-0.9466107463190414
-0.946610745868309
-0.9466107457003595
-0.9466107457010257
-0.946610745866926
-0.9466107463196003
-0.9466107473779873
-0.9466107497706195
-0.9466107552389196
-0.9466107674700557
-0.9466107955130798
-0.94661085761895
-0.9466110016133318
-0.9466113146280304
-0.9466120569924255
-0.946613615924927
-0.9466174799103653
-0.9466250789848014
-0.9466455885946161
-0.9466810973408296
-0.9467940246492161
-0.9469451003242875
-0.9476068776004916
-0.9480992471811596
-0.9523566597005267
-0.9523121210281129
-0.9831152477209348
-0.9601161372567346
-1.2107652090420324
-0.9048830649306381
-3.1015969465242743
-0.2025060240634904
-17.77681528839372
8.970797826443803
0.1917280912211815
-0.5198291771062511
-0.7837490517660337
-0.9441003549317223
-0.9604802839173716
-0.9868281320573725
-0.9894070587330116
-0.9933131201487835
-0.9938315605996808
-0.994390761694236
-0.9944888175751077
-0.9945680699225228
-0.9945851407281223
-0.994596294646064
-0.9945990527727515
-0.9946005945520465
-0.9946010066862498
-0.9946012107104611
-0.9946012660625262
-0.9946012905341012
-0.9946012965999964
-0.994601298862154
-0.9946012991755191
-0.994601299195431
-0.9946012990995431
-0.9946012990304547
-0.9946012989850639
-0.9946012989613415
-0.9946012989494492
-0.9946012989500694
-0.994601298961103
-0.9946012989853998
-0.9946012990306476
-0.9946012990988224
-0.9946012991957656
-0.9946012991746166
-0.9946012988622597
-0.9946012965995812
-0.9946012905339259
-0.9946012660625669
-0.994601210710818
-0.9946010066866294
-0.9946005945518271
-0.9945990527722626
-0.9945962946459024
-0.9945851407286292
-0.994568069921359
-0.9944888175751989
-0.994390761694936
-0.9938315605990674
-0.9933131201498454
-0.9894070587337515
-0.9868281320566218
-0.9604802839165256
-0.9441003549335787
-0.7837490517662393
-0.5198291771059975
0.19172809122025136
8.970797826444468
18.587065458981133
0.3371424547982246
0.5014727758617534
-0.734565651354784
-0.8211457529247632
-0.9492467419285652
-0.9735803839002684
-0.9902581558486941
-0.9951781055758931
-0.9976751025710189
-0.998578084508049
-0.9989825986695682
-0.9991429436622377
-0.9992113134541001
-0.9992395134672054
-0.9992513347326846
-0.9992562907926572
-0.9992583603904
-0.9992592334283323
-0.9992595983498513
-0.9992597525894009
-0.9992598172044245
-0.9992598445226466
-0.9992598559922183
-0.9992598608401986
-0.9992598628780871
-0.9992598637385781
-0.9992598640990067
-0.9992598642475478
-0.9992598643001397
-0.9992598643004549
-0.9992598642472246
-0.999259864098819
-0.999259863738445
-0.9992598628784815
-0.9992598608397526
-0.9992598559919713
-0.9992598445233718
-0.9992598172039746
-0.9992597525892901
-0.999259598349986
-0.9992592334285518
-0.9992583603907719
-0.9992562907921181
-0.9992513347328327
-0.9992395134666909
-0.9992113134543954
-0.9991429436621415
-0.9989825986694274
-0.9985780845089831
-0.9976751025709296
-0.9951781055760291
-0.9902581558485286
-0.973580383900299
-0.9492467419285977
-0.8211457529249402
-0.7345656513540025
0.5014727758624207
0.33714245479872634
18.58706545898175
22.253018261228405
0.3981406244528345
0.9122781421317675
-0.7145877066278281
-0.7685104744685709
-0.9438341326667176
-0.9666070936718258
-0.9894082158627678
-0.9946167991134724
-0.9979767465896241
-0.9990029904740167
-0.9995399163908875
-0.9997313278167961
-0.9998215692338347
-0.9998565138527055
-0.9998721555304839
-0.9998784876855198
-0.9998812507993327
-0.9998823966460779
-0.9998828906421215
-0.9998830982390492
-0.9998831872558737
-0.9998832249476859
-0.9998832410751581
-0.9998832479338197
-0.999883250866764
-0.9998832521167352
-0.9998832526479084
-0.9998832528688498
-0.9998832529493278
-0.9998832529490873
-0.9998832528683447
-0.9998832526477994
-0.9998832521168974
-0.9998832508660968
-0.9998832479336351
-0.9998832410755301
-0.9998832249472487
-0.9998831872557556
-0.9998830982388622
-0.9998828906427013
-0.9998823966452278
-0.999881250799138
-0.9998784876860923
-0.9998721555294547
-0.9998565138524382
-0.999821569234628
-0.9997313278165764
-0.9995399163901846
-0.9990029904746298
-0.997976746589986
-0.9946167991125769
-0.9894082158617239
-0.9666070936734376
-0.9438341326670099
-0.768510474467946
-0.7145877066282993
0.9122781421311199
0.3981406244528345
22.253018261229116
23.69416092222907
0.4241309871185447
1.0793735761744925
-0.7062286518865906
-0.7462754792520094
-0.9414957816458176
-0.9634534835936952
-0.9889075987350674
-0.9942027604193432
-0.9979417339473107
-0.9990144216130477
-0.9996096104598631
-0.999813405752327
-0.9999132272940072
-0.9999509389671872
-0.9999682439201507
-0.9999751505403975
-0.9999782141013778
-0.9999794751269397
-0.9999800248770812
-0.9999802551767256
-0.9999803547239055
-0.9999803968546818
-0.999980414993427
-0.9999804227174458
-0.9999804260370756
-0.9999804274550603
-0.9999804280610276
-0.9999804283135445
-0.9999804284050637
-0.9999804284046182
-0.9999804283132754
-0.9999804280610831
-0.9999804274550108
-0.9999804260363998
-0.9999804227176592
-0.9999804149941098
-0.9999803968542029
-0.9999803547240536
-0.9999802551768772
-0.9999800248772778
-0.999979475126233
-0.9999782141021005
-0.9999751505404638
-0.9999682439194639
-0.9999509389672545
-0.9999132272940402
-0.9998134057522553
-0.9996096104592765
-0.9990144216132064
-0.9979417339472707
-0.9942027604193977
-0.9889075987348134
-0.9634534835943305
-0.9414957816453635
-0.7462754792511213
-0.7062286518872547
1.0793735761736314
0.42413098711808317
23.694160922228825
24.27151307817194
0.43517722100580497
1.1479178412183777
-0.702687203436942
-0.7369196558979993
-0.9405006663236555
-0.9620799422405624
-0.9886754673133898
-0.9939979742486933
-0.9979025957907108
-0.998993358303399
-0.9996141891253788
-0.9998230239779583
-0.99992706554206
-0.9999659308597078
-0.9999839670822496
-0.9999911170138254
-0.9999943123654083
-0.9999956227072248
-0.999996196876225
-0.9999964369722962
-0.9999965411299027
-0.9999965851863568
-0.9999966042069253
-0.999996612308051
-0.9999966157970215
-0.9999966172885193
-0.9999966179276176
-0.9999966181939794
-0.9999966182898814
-0.9999966182897857
-0.9999966181941962
-0.9999966179273472
-0.9999966172885144
-0.9999966157974409
-0.9999966123080364
-0.9999966042066077
-0.9999965851862215
-0.9999965411300973
-0.9999964369723826
-0.9999961968759594
-0.9999956227074498
-0.9999943123664579
-0.9999911170131416
-0.9999839670829311
-0.9999659308602538
-0.9999270655414125
-0.9998230239777535
-0.9996141891258351
-0.9989933583036108
-0.997902595790159
-0.9939979742496678
-0.988675467313725
-0.9620799422397308
-0.9405006663234605
-0.7369196558991122
-0.7026872034373027
1.1479178412189657
0.435177221006525
24.27151307817094
24.50582796349363
0.43985867216272645
1.1762283478676991
-0.7011803713936597
-0.7329857034793855
-0.9400775592873963
-0.9614899413676721
-0.988573777545104
-0.9939054626111286
-0.9978819981567879
-0.9989799724136075
-0.9996120341291406
-0.9998229471601859
-0.9999288440376941
-0.9999681943188017
-0.9999865522859788
-0.9999938058885962
-0.9999970592048578
-0.9999983907686149
-0.9999989756742571
-0.99999922001782
-0.9999993262026572
-0.9999993710993069
-0.9999993905078006
-0.999999398773631
-0.9999994023382246
-0.9999994038614224
-0.9999994045146813
-0.9999994047871208
-0.9999994048853651
-0.9999994048864322
-0.9999994047872427
-0.999999404514474
-0.9999994038618641
-0.9999994023377066
-0.9999993987738353
-0.999999390507216
-0.9999993710991093
-0.9999993262030056
-0.9999992200178038
-0.9999989756744971
-0.9999983907689922
-0.9999970592054066
-0.999993805888219
-0.9999865522852944
-0.9999681943187423
-0.99992884403757
-0.9998229471591025
-0.9996120341299453
-0.9989799724136676
-0.9978819981567044
-0.993905462611445
-0.9885737775454053
-0.9614899413669131
-0.9400775592873324
-0.7329857034797935
-0.7011803713937823
1.1762283478696904
0.4398586721620192
24.505827963493683
24.601830909292957
0.4418403669139812
1.187987426364339
-0.7005382841633276
-0.7313301235223415
-0.9398973814135675
-0.9612379725269429
-0.9885299819944079
-0.9938649627948529
-0.9978725469514318
-0.9989734576143251
-0.9996104119092062
-0.9998221905627772
-0.9999288998144668
-0.9999684550454825
-0.9999869542219519
-0.999994252121992
-0.999997530901984
-0.9999988716125903
-0.9999994612380596
-0.9999997074246931
-0.9999998145011972
-0.9999998597644393
-0.9999998793436717
-0.9999998876815781
-0.9999998912790351
-0.99999989281672
-0.9999998934764889
-0.9999998937515018
-0.9999998938512535
-0.999999893851812
-0.9999998937512045
-0.9999998934764163
-0.999999892817275
-0.999999891278583
-0.9999998876818054
-0.999999879343436
-0.9999998597639024
-0.999999814500663
-0.9999997074244833
-0.999999461238092
-0.9999988716126613
-0.9999975309021726
-0.9999942521217109
-0.9999869542212552
-0.9999684550449315
-0.9999288998148623
-0.9998221905622686
-0.9996104119097247
-0.9989734576137987
-0.9978725469516088
-0.9938649627951505
-0.988529981994632
-0.9612379725270921
-0.9398973814135546
-0.7313301235214328
-0.700538284163656
1.187987426365094
0.4418403669135657
24.601830909292232
24.641453097701117
0.442679288910395
1.1928946944815886
-0.7002644913143209
-0.7306322834038744
-0.9398205243594381
-0.9611306141660075
-0.9885112120762609
-0.9938474560168866
-0.9978683928298508
-0.9989705187877901
-0.9996095947612547
-0.9998217369230131
-0.9999288004119966
-0.9999684426127309
-0.9999870035597662
-0.999994320420971
-0.9999976103596802
-0.9999989550142434
-0.9999995467105105
-0.9999997936960487
-0.9999999011640819
-0.9999999465870023
-0.9999999662415973
-0.9999999746114008
-0.9999999782227872
-0.9999999797673448
-0.9999999804301118
-0.9999999807058289
-0.9999999808063027
-0.9999999808059469
-0.9999999807063696
-0.9999999804300157
-0.9999999797674541
-0.9999999782233309
-0.9999999746111943
-0.9999999662416201
-0.999999946587153
-0.9999999011639207
-0.9999997936961571
-0.9999995467103064
-0.9999989550142823
-0.9999976103596003
-0.9999943204212806
-0.9999870035608509
-0.9999684426126716
-0.999928800412341
-0.9998217369230318
-0.9996095947613778
-0.9989705187872671
-0.9978683928302325
-0.9938474560171964
-0.9885112120767587
-0.9611306141653334
-0.9398205243592777
-0.7306322834038139
-0.7002644913147871
1.1928946944811512
0.44267928891222225
24.64145309770134
24.657900966233765
0.4430347062789337
1.1949506914937646
-0.700147680133955
-0.7303375940249757
-0.9397876944268333
-0.9610849003945967
-0.9885031746832453
-0.9938399295691507
-0.9978665943447849
-0.9989692296954433
-0.999609222563826
-0.9998215184000289
-0.999928735808308
-0.9999684150436214
-0.999987002926447
-0.9999943279149857
-0.9999976227308066
-0.9999989690852957
-0.9999995616874376
-0.9999998090193671
-0.9999999166596547
-0.9999999621519731
-0.9999999818391268
-0.9999999902227128
-0.9999999938410509
-0.999999995388244
-0.9999999960520134
-0.9999999963285344
-0.9999999964290551
-0.9999999964289967
-0.9999999963289459
-0.9999999960516399
-0.9999999953881842
-0.999999993840992
-0.999999990223002
-0.9999999818392343
-0.9999999621521927
-0.9999999166597817
-0.9999998090198652
-0.9999995616876534
-0.9999989690853065
-0.999997622730218
-0.9999943279155373
-0.9999870029260903
-0.999968415043609
-0.999928735808647
-0.9998215183996377
-0.9996092225643372
-0.9989692296953163
-0.9978665943447933
-0.9938399295693456
-0.9885031746835211
-0.9610849003936202
-0.9397876944264754
-0.7303375940256026
-0.7001476801340125
1.194950691494093
0.4430347062787762
24.657900966232752
24.664761085198393
0.44318544916232216
1.1958149863834624
-0.7000978152847324
-0.7302129148533096
-0.9397736554373795
-0.9610654312770143
-0.9884997316657771
-0.9938367014078304
-0.997865819790029
-0.9989686706840271
-0.9996090588286598
-0.9998214199815996
-0.9999287040827799
-0.9999683991359585
-0.9999869987317898
-0.9999943272089462
-0.9999976241510938
-0.9999989712385523
-0.9999995642368168
-0.9999998117190086
-0.9999999194344604
-0.9999999649567317
-0.9999999846587193
-0.999999993048388
-0.9999999966698734
-0.9999999982177954
-0.9999999988815307
-0.9999999991587247
-0.99999999925942
-0.9999999992600399
-0.9999999991584159
-0.9999999988811662
-0.9999999982173324
-0.9999999966690527
-0.9999999930489032
-0.9999999846587124
-0.9999999649569687
-0.9999999194341405
-0.9999998117191153
-0.9999995642366886
-0.9999989712382823
-0.9999976241507489
-0.9999943272091651
-0.9999869987308081
-0.9999683991354529
-0.9999287040831667
-0.9998214199810221
-0.9996090588289963
-0.9989686706838852
-0.9978658197900687
-0.9938367014071878
-0.9884997316650663
-0.9610654312771284
-0.9397736554376274
-0.7302129148534591
-0.7000978152849702
1.1958149863837804
0.44318544916216807
24.66476108519657
24.66763357418092
0.44324946332099413
1.1961793623567085
-0.7000765153480344
-0.7301600686713252
-0.9397676465723792
-0.9610571343475075
-0.9884982557030719
-0.9938353180572321
-0.9978654867388821
-0.9989684294616159
-0.999608987736877
-0.9998213767690635
-0.9999286897083697
-0.9999683915340456
-0.9999869962124956
-0.999994326189518
-0.9999976240561252
-0.9999989714600082
-0.9999995646309489
-0.9999998121780689
-0.9999999199263768
-0.9999999654616745
-0.9999999851703071
-0.9999999935622801
-0.9999999971847513
-0.999999998733772
-0.9999999993975064
-0.9999999996747084
-0.9999999997761544
-0.999999999775689
-0.999999999674517
-0.9999999993975128
-0.9999999987333569
-0.9999999971851974
-0.9999999935630419
-0.9999999851700518
-0.9999999654622174
-0.9999999199260717
-0.9999998121783202
-0.999999564630914
-0.9999989714601699
-0.9999976240560755
-0.9999943261887678
-0.9999869962129181
-0.9999683915337906
-0.9999286897086849
-0.9998213767692323
-0.9996089877367065
-0.9989684294614491
-0.9978654867384992
-0.9938353180564413
-0.9884982557030658
-0.9610571343474126
-0.9397676465728158
-0.7301600686708061
-0.7000765153485655
1.196179362356082
0.44324946332244475
24.667633574181963
24.668840346527787
0.4432766820633865
1.1963333610631204
-0.7000674108607501
-0.7301376313045007
-0.9397650727277952
-0.9610535956124189
-0.9884976225161775
-0.9938347253575656
-0.9978653435599731
-0.998968325593126
-0.9996089570229727
-0.9998213579928028
-0.9999286833832546
-0.9999683881150115
-0.9999869949962452
-0.9999943256179169
-0.9999976238861459
-0.9999989714268369
-0.9999995646725975
-0.9999998122482293
-0.9999999200103166
-0.9999999655519399
-0.9999999852626482
-0.9999999936559496
-0.9999999972788107
-0.9999999988278506
-0.9999999994919835
-0.9999999997692234
-0.999999999870057
-0.9999999998697633
-0.9999999997690496
-0.9999999994921027
-0.9999999988282204
-0.9999999972790425
-0.9999999936561406
-0.9999999852624646
-0.9999999655517166
-0.9999999200103877
-0.9999998122479942
-0.9999995646727315
-0.9999989714272436
-0.9999976238861956
-0.9999943256183812
-0.9999869949968739
-0.9999683881156016
-0.9999286833841037
-0.9998213579928199
-0.9996089570227017
-0.9989683255928266
-0.997865343560008
-0.9938347253575655
-0.9884976225161834
-0.9610535956123225
-0.9397650727273412
-0.7301376313045767
-0.7000674108617224
1.1963333610633486
0.44327668206298027
24.66884034652678
24.66934877013432
0.4432882698228464
1.1963985878690702
-0.7000635164999021
-0.7301280899478755
-0.9397639694900044
-0.9610520849289995
-0.9884973506966458
-0.9938344713638395
-0.9978652819908422
-0.9989682809067189
-0.9996089437761169
-0.9998213498705962
-0.9999286806322545
-0.9999683866133058
-0.9999869944468293
-0.9999943253461079
-0.9999976237894512
-0.9999989713888626
-0.9999995646671056
-0.9999998122547978
-0.9999999200229306
-0.9999999655673208
-0.999999985278838
-0.9999999936732378
-0.9999999972964528
-0.9999999988455415
-0.9999999995095559
-0.9999999997866399
-0.9999999998875788
-0.9999999998883627
-0.999999999787069
-0.9999999995097169
-0.9999999988458897
-0.9999999972959833
-0.9999999936732057
-0.9999999852796233
-0.9999999655668571
-0.9999999200232232
-0.9999998122549136
-0.9999995646669724
-0.9999989713890198
-0.9999976237889662
-0.9999943253473318
-0.9999869944465347
-0.9999683866134725
-0.9999286806323394
-0.999821349870684
-0.9996089437761189
-0.9989682809071798
-0.9978652819915331
-0.9938344713634955
-0.9884973506963817
-0.961052084929692
-0.939763969490655
-0.7301280899471658
-0.7000635165006097
1.1963985878702164
0.44328826982112146
24.66934877013353
24.66956350097025
0.4432932088913762
1.1964262676856772
-0.7000618495507193
-0.7301240267315219
-0.9397634963078378
-0.961051439423096
-0.9884972339371306
-0.9938343624756693
-0.9978652555051086
-0.9989682616882092
-0.9996089380669473
-0.9998213463645587
-0.9999286794412248
-0.9999683859601031
-0.9999869942053703
-0.9999943252253556
-0.9999976237431822
-0.9999989713677038
-0.9999995646602471
-0.9999998122536208
-0.9999999200242075
-0.9999999655695259
-0.9999999852822266
-0.9999999936765948
-0.9999999972994864
-0.9999999988487294
-0.9999999995126105
-0.9999999997895676
-0.9999999998914878
-0.9999999998909463
-0.9999999997897127
-0.9999999995122749
-0.9999999988489414
-0.999999997299599
-0.9999999936758808
-0.9999999852818858
-0.9999999655693368
-0.9999999200239886
-0.9999998122541751
-0.9999995646602795
-0.9999989713682542
-0.9999976237424575
-0.9999943252251184
-0.9999869942052328
-0.9999683859598256
-0.9999286794407523
-0.9998213463653991
-0.9996089380660422
-0.998968261688276
-0.9978652555059297
-0.9938343624749084
-0.9884972339372213
-0.9610514394232851
-0.9397634963084696
-0.7301240267295208
-0.7000618495505573
1.1964262676854873
0.44329320889004936
24.669563500973652
24.669654387119387
0.44329531642225806
1.1964380338181684
-0.700061135530014
-0.7301222941374252
-0.939763293238111
-0.9610511633521202
-0.9884971837556822
-0.993834315771836
-0.9978652441062408
-0.9989682534223301
-0.9996089356060109
-0.9998213448524651
-0.999928678926527
-0.9999683856768855
-0.9999869941003309
-0.9999943251714682
-0.9999976237213088
-0.9999989713578192
-0.9999995646568405
-0.9999998122522973
-0.9999999200240159
-0.9999999655702201
-0.9999999852827883
-0.9999999936770789
-0.9999999972996731
-0.9999999988488969
-0.9999999995136049
-0.9999999997908348
-0.9999999998918833
-0.9999999998911617
-0.9999999997910675
-0.999999999514307
-0.9999999988499997
-0.9999999973001886
-0.9999999936772159
-0.9999999852827619
-0.9999999655704598
-0.9999999200243956
-0.9999998122525534
-0.9999995646566476
-0.9999989713584964
-0.9999976237218084
-0.9999943251716679
-0.9999869941004598
-0.9999683856770555
-0.9999286789266292
-0.9998213448527599
-0.9996089356059719
-0.9989682534220321
-0.9978652441063574
-0.9938343157712759
-0.9884971837567673
-0.961051163352251
-0.9397632932381635
-0.7301222941372465
-0.7000611355303583
1.1964380338181861
0.44329531642284187
24.669654387120815
24.66969292834228
0.4432962166542051
1.1964430429021353
-0.7000608294807495
-0.7301215544642606
-0.9397632060408405
-0.9610510451801324
-0.9884971621786769
-0.9938342957288642
-0.9978652391980248
-0.9989682498655424
-0.9996089345441846
-0.9998213441998015
-0.9999286787040529
-0.999968385554711
-0.9999869940544792
-0.9999943251471519
-0.99999762371259
-0.9999989713540851
-0.99999956465497
-0.9999998122513272
-0.9999999200241136
-0.9999999655699878
-0.9999999852819295
-0.9999999936771125
-0.9999999973000546
-0.9999999988485451
-0.9999999995138169
-0.9999999997912042
-0.9999999998912895
-0.9999999998913838
-0.9999999997913143
-0.9999999995137928
-0.9999999988489605
-0.9999999972995934
-0.9999999936775595
-0.9999999852818118
-0.9999999655695778
-0.9999999200241196
-0.9999998122510352
-0.9999995646549835
-0.9999989713541861
-0.9999976237129988
-0.9999943251474379
-0.9999869940539761
-0.9999683855551826
-0.9999286787043165
-0.9998213441997846
-0.9996089345455317
-0.9989682498649918
-0.9978652391975765
-0.9938342957293561
-0.988497162179004
-0.9610510451796004
-0.939763206040146
-0.7301215544643114
-0.7000608294819655
1.196443042903266
0.44329621665354296
24.669692928341803
24.669709299747687
0.4432966015619508
1.1964451782574148
-0.7000606982137078
-0.7301212383418718
-0.9397631685786939
-0.9610509945555823
-0.9884971528959396
-0.9938342871221331
-0.9978652370837386
-0.9989682483356341
-0.9996089340872343
-0.9998213439186182
-0.9999286786085098
-0.9999683855016999
-0.9999869940345626
-0.9999943251376338
-0.9999976237091475
-0.9999989713520483
-0.9999995646544582
-0.9999998122507185
-0.9999999200235101
-0.9999999655692413
-0.9999999852821817
-0.999999993677166
-0.9999999972995427
-0.9999999988491868
-0.9999999995141486
-0.9999999997908708
-0.9999999998920465
-0.9999999998916175
-0.9999999997917562
-0.9999999995136373
-0.9999999988490667
-0.9999999973000844
-0.9999999936770634
-0.9999999852822408
-0.9999999655698371
-0.9999999200240517
-0.9999998122508409
-0.9999995646541667
-0.999998971351743
-0.9999976237084605
-0.9999943251368055
-0.999986994035394
-0.9999683855017333
-0.999928678607376
-0.999821343918884
-0.9996089340867953
-0.9989682483352518
-0.9978652370838539
-0.9938342871224929
-0.9884971528951843
-0.9610509945540007
-0.9397631685791976
-0.7301212383422477
-0.7000606982146425
1.1964451782570453
0.4432966015603763
24.669709299749712
24.669716264453886
0.4432967662827556
1.1964460896606726
-0.7000606418767037
-0.730121103102516
-0.9397631524753534
-0.9610509728502166
-0.9884971489001977
-0.9938342834251195
-0.997865236173513
-0.9989682476771994
-0.9996089338891919
-0.9998213437974284
-0.999928678566979
-0.999968385478269
-0.99998699402629
-0.9999943251339949
-0.9999976237073578
-0.9999989713510258
-0.9999995646541826
-0.9999998122508337
-0.9999999200238214
-0.9999999655699285
-0.9999999852829969
-0.9999999936770614
-0.9999999972994966
-0.9999999988502426
-0.9999999995138755
-0.9999999997903648
-0.9999999998923349
-0.9999999998914251
-0.9999999997909296
-0.9999999995132277
-0.9999999988490982
-0.9999999972998757
-0.9999999936758353
-0.9999999852829995
-0.9999999655700785
-0.9999999200233936
-0.999999812250642
-0.9999995646541873
-0.9999989713504656
-0.9999976237064832
-0.9999943251337879
-0.9999869940270895
-0.9999683854776333
-0.999928678567207
-0.9998213437984347
-0.9996089338887824
-0.9989682476770398
-0.9978652361731923
-0.9938342834246644
-0.988497148900564
-0.9610509728504658
-0.9397631524767978
-0.7301211031021737
-0.7000606418762572
1.1964460896593927
0.4432967662829209
24.66971626445298
24.66971923140914
0.44329683683354826
1.1964464790925013
-0.7000606176841013
-0.7301210451940732
-0.9397631455508069
-0.9610509635382325
-0.9884971471805779
-0.993834281836242
-0.9978652357808309
-0.9989682473928616
-0.9996089338038258
-0.9998213437452321
-0.9999286785486454
-0.9999683854686122
-0.9999869940226682
-0.9999943251312675
-0.9999976237055868
-0.9999989713501516
-0.999999564653437
-0.9999998122496925
-0.9999999200231047
-0.9999999655695366
-0.9999999852821957
-0.9999999936766352
-0.99999999730026
-0.9999999988495507
-0.9999999995133118
-0.9999999997913387
-0.9999999998922412
-0.9999999998923002
-0.9999999997908882
-0.9999999995136142
-0.9999999988497654
-0.9999999973000337
-0.9999999936771915
-0.9999999852837347
-0.9999999655700648
-0.9999999200235534
-0.9999998122511072
-0.9999995646541779
-0.9999989713504958
-0.9999976237059136
-0.999994325131838
-0.9999869940221564
-0.9999683854683785
-0.999928678548961
-0.9998213437450683
-0.9996089338035702
-0.998968247393067
-0.9978652357808191
-0.9938342818361031
-0.9884971471811606
-0.9610509635382116
-0.9397631455503129
-0.7301210451933426
-0.7000606176840933
1.1964464790920009
0.4432968368351442
24.669719231409108
24.669720496874923
0.44329686707418703
1.1964466456618035
-0.7000606072888049
-0.7301210203762163
-0.9397631425706551
-0.9610509595399517
-0.9884971464398036
-0.9938342811522385
-0.9978652356111575
-0.9989682472708741
-0.9996089337677958
-0.9998213437224427
-0.999928678540527
-0.9999683854644723
-0.9999869940207882
-0.9999943251302545
-0.9999976237063974
-0.9999989713506943
-0.9999995646535698
-0.9999998122506446
-0.9999999200241666
-0.99999996556967
-0.9999999852822294
-0.9999999936772528
-0.9999999973001488
-0.9999999988490182
-0.9999999995136652
-0.9999999997913039
-0.9999999998908483
-0.9999999998916962
-0.9999999997911921
-0.9999999995137739
-0.9999999988488364
-0.9999999973002826
-0.9999999936770086
-0.9999999852820796
-0.9999999655695473
-0.9999999200234799
-0.9999998122509486
-0.9999995646530004
-0.9999989713508519
-0.9999976237058561
-0.9999943251301835
-0.9999869940214108
-0.999968385464999
-0.9999286785400701
-0.9998213437224392
-0.9996089337679301
-0.9989682472711012
-0.9978652356112718
-0.9938342811525838
-0.9884971464398487
-0.9610509595388818
-0.9397631425711095
-0.7301210203771407
-0.7000606072885922
1.196446645662045
0.4432968670752613
24.669720496873246
24.669721037232456
0.4432968800462368
1.1964467169720865
-0.7000606028203669
-0.7301210097324742
-0.9397631412881735
-0.9610509578229696
-0.9884971461205292
-0.9938342808581986
-0.9978652355385151
-0.9989682472187303
-0.9996089337517864
-0.9998213437128434
-0.9999286785380056
-0.9999683854628711
-0.9999869940200036
-0.9999943251304605
-0.999997623705946
-0.999998971350029
-0.9999995646533906
-0.9999998122505185
-0.9999999200237051
-0.9999999655693597
-0.9999999852822827
-0.999999993677259
-0.9999999972998996
-0.9999999988499364
-0.9999999995138713
-0.999999999790358
-0.9999999998916702
-0.9999999998923058
-0.9999999997912552
-0.9999999995128797
-0.9999999988487369
-0.9999999973008462
-0.9999999936763609
-0.999999985282076
-0.9999999655700882
-0.999999920024103
-0.9999998122506448
-0.9999995646527851
-0.9999989713509292
-0.9999976237053984
-0.9999943251293695
-0.9999869940209445
-0.9999683854620368
-0.9999286785367036
-0.9998213437129714
-0.999608933752097
-0.9989682472182847
-0.9978652355382929
-0.9938342808582824
-0.9884971461205607
-0.9610509578221904
-0.9397631412892934
-0.7301210097326792
-0.7000606028184664
1.1964467169721718
0.44329688004661816
24.669721037234478
24.66972126819949
0.4432968856158026
1.196446747526577
-0.7000606008978734
-0.7301210051639601
-0.9397631407353637
-0.9610509570839902
-0.9884971459826748
-0.9938342807316529
-0.9978652355071694
-0.9989682471955192
-0.9996089337441931
-0.9998213437085576
-0.9999286785361057
-0.999968385461409
-0.9999869940196866
-0.9999943251301127
-0.9999976237052908
-0.9999989713499318
-0.9999995646537623
-0.9999998122507591
-0.9999999200236216
-0.9999999655699447
-0.999999985282759
-0.9999999936773583
-0.9999999972999365
-0.999999998849505
-0.9999999995130997
-0.9999999997904758
-0.9999999998924016
-0.9999999998920883
-0.9999999997901972
-0.9999999995130614
-0.9999999988496073
-0.9999999973000111
-0.9999999936760131
-0.9999999852826235
-0.9999999655699321
-0.9999999200228925
-0.9999998122503195
-0.9999995646535264
-0.9999989713500932
-0.9999976237050949
-0.9999943251305579
-0.9999869940201869
-0.9999683854616914
-0.9999286785370987
-0.9998213437094579
-0.9996089337446034
-0.9989682471955514
-0.9978652355076709
-0.9938342807318458
-0.9884971459826275
-0.9610509570848508
-0.9397631407359677
-0.7301210051631885
-0.7000606008979045
1.1964467475258505
0.44329688561667113
24.669721268197975
24.66972136700291
0.44329688800676903
1.1964467606292806
-0.7000606000696192
-0.7301210032020435
-0.9397631404977701
-0.961050956766039
-0.9884971459227803
-0.9938342806770348
-0.9978652354934241
-0.9989682471853856
-0.999608933741521
-0.9998213437066867
-0.9999286785352054
-0.9999683854614259
-0.9999869940198325
-0.9999943251300621
-0.9999976237056087
-0.9999989713501481
-0.999999564653504
-0.9999998122502608
-0.9999999200231492
-0.9999999655692795
-0.9999999852821759
-0.9999999936762889
-0.9999999972996405
-0.9999999988492492
-0.9999999995134728
-0.9999999997908046
-0.9999999998921352
-0.9999999998919691
-0.999999999790789
-0.9999999995147164
-0.9999999988503772
-0.9999999973001691
-0.9999999936770116
-0.9999999852837755
-0.9999999655698963
-0.9999999200236218
-0.9999998122516595
-0.9999995646541482
-0.9999989713502941
-0.9999976237059827
-0.999994325130945
-0.9999869940198558
-0.9999683854612302
-0.9999286785354122
-0.9998213437069792
-0.9996089337410379
-0.9989682471853404
-0.9978652354934541
-0.9938342806768332
-0.9884971459224208
-0.9610509567674124
-0.9397631404977312
-0.7301210032014691
-0.7000606000701741
1.1964467606278861
0.4432968880075737
24.669721367001976
24.6697214092789
0.443296889033881
1.1964467662445992
-0.7000605997146825
-0.7301210023600504
-0.9397631403954715
-0.961050956630297
-0.9884971458978797
-0.993834280653613
-0.9978652354871518
-0.9989682471811638
-0.9996089337407272
-0.9998213437060601
-0.9999286785354264
-0.999968385461649
-0.9999869940203019
-0.9999943251304635
-0.9999976237060739
-0.9999989713510808
-0.9999995646541188
-0.9999998122509279
-0.9999999200240115
-0.9999999655697981
-0.9999999852827348
-0.999999993677009
-0.9999999973003934
-0.9999999988497635
-0.9999999995137946
-0.9999999997910244
-0.9999999998921743
-0.9999999998915017
-0.9999999997912856
-0.9999999995133997
-0.9999999988480881
-0.9999999972993798
-0.9999999936768242
-0.9999999852825663
-0.9999999655696128
-0.9999999200239552
-0.9999998122506921
-0.99999956465328
-0.9999989713507926
-0.999997623706886
-0.9999943251302197
-0.9999869940198582
-0.99996838546098
-0.9999286785350501
-0.9998213437067698
-0.9996089337403786
-0.9989682471811742
-0.997865235487349
-0.993834280653849
-0.9884971458976893
-0.9610509566298084
-0.9397631403952782
-0.7301210023597831
-0.7000605997134286
1.1964467662442666
0.44329688903257036
24.669721409283213
24.669721427304744
0.44329688947298473
1.1964467686438511
-0.7000605995616134
-0.7301210019992748
-0.9397631403511721
-0.9610509565716965
-0.9884971458868164
-0.9938342806437308
-0.9978652354845678
-0.9989682471793365
-0.9996089337396734
-0.9998213437056195
-0.9999286785351846
-0.9999683854609385
-0.9999869940190558
-0.9999943251292518
-0.9999976237054672
-0.9999989713505504
-0.9999995646532925
-0.9999998122504106
-0.9999999200240627
-0.999999965569861
-0.9999999852828525
-0.999999993677533
-0.9999999973007165
-0.9999999988491426
-0.999999999513874
-0.9999999997915258
-0.9999999998922953
-0.9999999998920988
-0.9999999997916962
-0.9999999995137796
-0.9999999988492205
-0.9999999973008413
-0.9999999936781669
-0.9999999852825752
-0.9999999655700542
-0.99999992002388
-0.9999998122502839
-0.9999995646534926
-0.9999989713501491
-0.9999976237053545
-0.9999943251289379
-0.9999869940193544
-0.9999683854614951
-0.9999286785352172
-0.9998213437046042
-0.9996089337399157
-0.9989682471794596
-0.9978652354840396
-0.9938342806433799
-0.9884971458866916
-0.9610509565708057
-0.9397631403510618
-0.7301210019999431
-0.7000605995621518
1.1964467686427165
0.4432968894716189
24.669721427304285
24.66972143481514
0.4432968896549694
1.1964467696466423
-0.7000605994986664
-0.7301210018492226
-0.9397631403327276
-0.9610509565468635
-0.9884971458820773
-0.993834280639402
-0.997865235484394
-0.9989682471793198
-0.9996089337401164
-0.9998213437054735
-0.9999286785348055
-0.9999683854614961
-0.9999869940197288
-0.9999943251297623
-0.9999976237053162
-0.9999989713499979
-0.9999995646530735
-0.999999812251037
-0.9999999200238286
-0.9999999655692653
-0.9999999852818876
-0.9999999936775095
-0.9999999972994125
-0.9999999988484678
-0.9999999995138511
-0.9999999997902798
-0.9999999998911753
-0.9999999998908955
-0.9999999997904286
-0.9999999995136921
-0.9999999988489889
-0.9999999973002505
-0.9999999936766963
-0.9999999852825521
-0.9999999655694376
-0.9999999200237826
-0.9999998122502016
-0.9999995646533157
-0.9999989713501217
-0.9999976237058252
-0.9999943251300295
-0.9999869940201722
-0.9999683854622303
-0.9999286785355164
-0.9998213437067831
-0.9996089337407128
-0.9989682471798802
-0.9978652354834501
-0.9938342806392266
-0.9884971458833749
-0.9610509565474252
-0.9397631403335323
-0.73012100184948
-0.700060599498085
1.1964467696470318
0.4432968896594366
24.669721434814548
24.669721437548034
0.4432968897228821
1.1964467700104797
-0.7000605994748219
-0.7301210017942572
-0.9397631403261277
-0.9610509565383313
-0.9884971458803169
-0.9938342806376865
-0.9978652354834423
-0.9989682471783344
-0.9996089337394171
-0.9998213437051255
-0.9999286785349351
-0.9999683854610879
-0.9999869940192373
-0.9999943251299204
-0.9999976237055437
-0.999998971349968
-0.9999995646537878
-0.9999998122510732
-0.9999999200228864
-0.9999999655693848
-0.9999999852825412
-0.9999999936776138
-0.9999999972991294
-0.9999999988495696
-0.9999999995139959
-0.9999999997907554
-0.999999999892287
-0.9999999998919091
-0.9999999997916619
-0.9999999995144295
-0.9999999988493032
-0.9999999973007101
-0.9999999936764834
-0.9999999852835402
-0.9999999655696219
-0.9999999200237202
-0.9999998122504771
-0.999999564653598
-0.9999989713500246
-0.999997623705305
-0.99999432512987
-0.9999869940206055
-0.9999683854613408
-0.9999286785347271
-0.9998213437069865
-0.9996089337378666
-0.9989682471782408
-0.997865235482446
-0.99383428063736
-0.98849714588157
-0.9610509565376143
-0.9397631403261496
-0.7301210017931776
-0.7000605994751021
1.1964467700086767
0.44329688972448056
24.669721437548183
24.66972143754768
0.443296889723072
1.1964467700091408
-0.7000605994747207
-0.7301210017942998
-0.9397631403263436
-0.9610509565386685
-0.9884971458807779
-0.9938342806380673
-0.997865235483161
-0.9989682471784012
-0.999608933739659
-0.9998213437057267
-0.9999286785353441
-0.9999683854613249
-0.9999869940197539
-0.9999943251306115
-0.9999976237066357
-0.9999989713513537
-0.9999995646546376
-0.9999998122509931
-0.9999999200238452
-0.9999999655704593
-0.9999999852833743
-0.9999999936775059
-0.9999999973001119
-0.9999999988498236
-0.9999999995138992
-0.9999999997907925
-0.9999999998920821
-0.9999999998920562
-0.9999999997908638
-0.9999999995128654
-0.9999999988481647
-0.999999997299607
-0.9999999936765817
-0.999999985282347
-0.9999999655686556
-0.9999999200233103
-0.9999998122505002
-0.9999995646535262
-0.9999989713498441
-0.9999976237058605
-0.9999943251305816
-0.9999869940202788
-0.999968385461486
-0.9999286785347379
-0.9998213437052317
-0.9996089337379557
-0.9989682471785458
-0.9978652354828095
-0.9938342806380638
-0.9884971458809793
-0.9610509565375427
-0.9397631403256959
-0.7301210017940013
-0.7000605994750626
1.196446770008428
0.4432968897210089
24.66972143754727
24.669721434823714
0.4432968896549907
1.1964467696468497
-0.700060599498324
-0.7301210018497482
-0.9397631403329563
-0.9610509565469514
-0.9884971458822849
-0.993834280638924
-0.9978652354837341
-0.9989682471792329
-0.9996089337401327
-0.999821343705483
-0.9999286785347377
-0.9999683854621058
-0.9999869940203332
-0.9999943251303897
-0.9999976237063015
-0.9999989713505719
-0.9999995646532615
-0.9999998122502809
-0.9999999200234739
-0.999999965568791
-0.99999998528133
-0.9999999936766601
-0.9999999972999667
-0.9999999988489117
-0.9999999995139452
-0.9999999997907435
-0.9999999998917908
-0.9999999998916198
-0.9999999997911212
-0.9999999995139213
-0.9999999988489301
-0.9999999973003139
-0.9999999936776394
-0.9999999852822303
-0.9999999655699527
-0.9999999200246745
-0.9999998122506452
-0.9999995646534543
-0.9999989713507219
-0.9999976237072916
-0.9999943251302812
-0.9999869940195256
-0.9999683854614007
-0.9999286785344315
-0.9998213437052794
-0.9996089337403316
-0.9989682471793383
-0.9978652354832548
-0.9938342806393157
-0.9884971458823952
-0.9610509565467023
-0.9397631403329914
-0.7301210018496795
-0.7000605994974438
1.196446769649047
0.44329688965650554
24.669721434823483
24.66972142730517
0.44329688947128953
1.1964467686439866
-0.7000605995613005
-0.7301210019996074
-0.9397631403506315
-0.9610509565713498
-0.9884971458866014
-0.993834280643612
-0.9978652354852067
-0.9989682471800123
-0.9996089337398217
-0.9998213437051682
-0.999928678535329
-0.9999683854616359
-0.9999869940190018
-0.9999943251300274
-0.9999976237056675
-0.9999989713498452
-0.9999995646531945
-0.9999998122507967
-0.9999999200235031
-0.9999999655694654
-0.9999999852829342
-0.9999999936772176
-0.9999999972995782
-0.999999998848752
-0.9999999995131186
-0.9999999997899883
-0.9999999998914169
-0.999999999891078
-0.9999999997908667
-0.9999999995130784
-0.9999999988488951
-0.9999999973000382
-0.9999999936768451
-0.9999999852815304
-0.9999999655694976
-0.999999920023009
-0.9999998122499817
-0.9999995646530813
-0.9999989713501216
-0.9999976237055015
-0.9999943251289767
-0.9999869940201167
-0.9999683854617117
-0.9999286785352526
-0.9998213437070027
-0.9996089337402726
-0.998968247179032
-0.9978652354848537
-0.9938342806440025
-0.9884971458870773
-0.9610509565716393
-0.939763140352827
-0.7301210020001845
-0.7000605995622435
1.196446768641561
0.4432968894734476
24.669721427298594
24.669721409282385
0.4432968890332766
1.1964467662416558
-0.7000605997151546
-0.7301210023606792
-0.9397631403950613
-0.961050956630967
-0.988497145898346
-0.9938342806535083
-0.9978652354874742
-0.9989682471815836
-0.9996089337404032
-0.9998213437063314
-0.9999286785358703
-0.9999683854610222
-0.9999869940194773
-0.9999943251302565
-0.9999976237054834
-0.9999989713501098
-0.9999995646540101
-0.9999998122504123
-0.9999999200232219
-0.9999999655698881
-0.9999999852832271
-0.9999999936768408
-0.999999997299712
-0.9999999988498085
-0.9999999995139441
-0.9999999997906137
-0.9999999998924967
-0.9999999998925775
-0.9999999997908666
-0.9999999995132054
-0.9999999988491597
-0.9999999973001765
-0.9999999936760864
-0.999999985282706
-0.9999999655696974
-0.9999999200229281
-0.9999998122502651
-0.9999995646534674
-0.9999989713495739
-0.9999976237050971
-0.9999943251306338
-0.9999869940198864
-0.9999683854607522
-0.9999286785354985
-0.9998213437066248
-0.9996089337390424
-0.9989682471804173
-0.997865235488359
-0.9938342806541409
-0.9884971458966468
-0.9610509566309923
-0.9397631403957376
-0.730121002359448
-0.7000605997147054
1.1964467662423717
0.44329688903558145
24.669721409283376
24.66972136700565
0.4432968880070317
1.1964467606273987
-0.7000606000694707
-0.7301210032028113
-0.9397631404982674
-0.9610509567672546
-0.9884971459232846
-0.9938342806769243
-0.9978652354931973
-0.9989682471859024
-0.9996089337422687
-0.999821343707255
-0.999928678535722
-0.9999683854617306
-0.9999869940204356
-0.9999943251307732
-0.9999976237069734
-0.9999989713511053
-0.9999995646543447
-0.9999998122508293
-0.9999999200242088
-0.9999999655703475
-0.999999985282124
-0.9999999936770427
-0.9999999973003897
-0.9999999988500381
-0.999999999513387
-0.9999999997896062
-0.9999999998916854
-0.9999999998914628
-0.9999999997900011
-0.9999999995131135
-0.999999998848534
-0.9999999972997318
-0.9999999936760591
-0.9999999852824866
-0.9999999655695644
-0.9999999200236072
-0.9999998122510552
-0.9999995646537282
-0.9999989713507145
-0.9999976237067449
-0.9999943251310709
-0.9999869940197004
-0.9999683854611741
-0.9999286785355783
-0.9998213437060122
-0.9996089337414664
-0.9989682471869147
-0.9978652354944886
-0.9938342806763927
-0.9884971459229734
-0.9610509567681182
-0.9397631404977547
-0.7301210032024018
-0.700060600070231
1.1964467606275342
0.44329688800519007
24.669721367004243
24.66972126820604
0.44329688561495084
1.1964467475255758
-0.7000606008969027
-0.7301210051646753
-0.9397631407354581
-0.9610509570835161
-0.9884971459822307
-0.9938342807316976
-0.9978652355066302
-0.9989682471949823
-0.9996089337443339
-0.9998213437081174
-0.999928678535186
-0.9999683854616088
-0.9999869940198247
-0.9999943251294272
-0.9999976237053112
-0.9999989713495504
-0.9999995646529563
-0.9999998122498379
-0.9999999200235592
-0.999999965569513
-0.9999999852819358
-0.9999999936775384
-0.9999999972996085
-0.9999999988489192
-0.9999999995133564
-0.9999999997914277
-0.9999999998926166
-0.9999999998921317
-0.9999999997915394
-0.9999999995144653
-0.9999999988495836
-0.9999999973012963
-0.9999999936777128
-0.9999999852826966
-0.9999999655704551
-0.9999999200240706
-0.9999998122513802
-0.9999995646540992
-0.9999989713516197
-0.9999976237067374
-0.9999943251291321
-0.9999869940203356
-0.9999683854619855
-0.9999286785353296
-0.9998213437079879
-0.9996089337450603
-0.9989682471952401
-0.9978652355059432
-0.9938342807305529
-0.988497145983561
-0.9610509570832201
-0.9397631407354821
-0.7301210051639768
-0.7000606008972559
1.1964467475271465
0.4432968856153442
24.669721268205823
24.669721037232115
0.44329688004790513
1.1964467169712858
-0.7000606028194413
-0.7301210097330642
-0.9397631412878407
-0.9610509578222606
-0.9884971461202046
-0.9938342808582674
-0.997865235538425
-0.9989682472176521
-0.9996089337510576
-0.9998213437123713
-0.9999286785376968
-0.9999683854629925
-0.9999869940202006
-0.9999943251307085
-0.9999976237055346
-0.999998971350107
-0.9999995646541302
-0.999999812250604
-0.9999999200240348
-0.9999999655696055
-0.9999999852824571
-0.9999999936771765
-0.9999999972996731
-0.9999999988487183
-0.9999999995135134
-0.9999999997912861
-0.99999999989159
-0.9999999998916914
-0.9999999997908344
-0.9999999995128437
-0.9999999988486141
-0.9999999973001465
-0.9999999936763662
-0.9999999852819916
-0.9999999655701126
-0.9999999200237735
-0.9999998122507058
-0.9999995646533055
-0.9999989713506322
-0.9999976237048801
-0.9999943251290196
-0.9999869940202997
-0.9999683854623969
-0.9999286785367048
-0.9998213437135899
-0.9996089337519258
-0.9989682472186947
-0.9978652355383665
-0.9938342808593568
-0.9884971461219512
-0.9610509578220776
-0.9397631412883845
-0.7301210097326865
-0.700060602819175
1.196446716972193
0.44329688004827816
24.669721037234652
24.66972049686577
0.44329686707454574
1.1964466456619667
-0.7000606072883413
-0.7301210203761279
-0.9397631425694514
-0.9610509595400023
-0.9884971464396692
-0.9938342811518692
-0.9978652356116787
-0.998968247271558
-0.999608933768141
-0.9998213437230188
-0.9999286785410051
-0.9999683854648118
-0.9999869940209056
-0.9999943251307589
-0.9999976237065005
-0.9999989713507537
-0.9999995646545156
-0.9999998122512852
-0.9999999200241008
-0.9999999655696368
-0.9999999852822974
-0.999999993676717
-0.9999999972996445
-0.9999999988492896
-0.9999999995148443
-0.9999999997908198
-0.9999999998913257
-0.9999999998918774
-0.999999999791302
-0.9999999995141903
-0.9999999988495687
-0.999999997300075
-0.99999999367596
-0.9999999852828121
-0.9999999655704641
-0.9999999200240721
-0.9999998122512335
-0.9999995646543747
-0.9999989713499748
-0.9999976237057326
-0.999994325131237
-0.9999869940209662
-0.9999683854644312
-0.9999286785413405
-0.9998213437235652
-0.9996089337669336
-0.998968247270853
-0.9978652356109121
-0.9938342811521577
-0.988497146439042
-0.9610509595389706
-0.9397631425698687
-0.7301210203762487
-0.7000606072888185
1.1964466456631049
0.44329686707550287
24.669720496865907
24.66971923140079
0.4432968368352516
1.196446479092705
-0.7000606176837134
-0.7301210451943728
-0.9397631455505673
-0.9610509635389243
-0.988497147180954
-0.9938342818358401
-0.9978652357802773
-0.9989682473924526
-0.9996089338043058
-0.99982134374489
-0.9999286785489482
-0.9999683854692938
-0.9999869940222484
-0.9999943251312524
-0.9999976237061039
-0.9999989713507418
-0.9999995646540591
-0.9999998122501295
-0.999999920022917
-0.9999999655693488
-0.9999999852818025
-0.999999993677076
-0.9999999972996387
-0.9999999988490044
-0.9999999995136362
-0.9999999997898241
-0.9999999998925175
-0.9999999998915725
-0.9999999997907841
-0.9999999995133124
-0.999999998848603
-0.9999999972998357
-0.9999999936770958
-0.999999985283395
-0.9999999655696352
-0.999999920023612
-0.9999998122510507
-0.9999995646537618
-0.9999989713501884
-0.9999976237063879
-0.9999943251313459
-0.9999869940226938
-0.9999683854685875
-0.9999286785488442
-0.9998213437460219
-0.9996089338035463
-0.9989682473940907
-0.997865235781412
-0.9938342818357522
-0.9884971471802015
-0.9610509635376613
-0.9397631455508325
-0.7301210451943769
-0.7000606176831254
1.1964464790913882
0.44329683683474397
24.669719231402084
24.669716264457684
0.4432967662834709
1.196446089659265
-0.7000606418755271
-0.7301211031028818
-0.939763152474824
-0.9610509728495904
-0.9884971489000962
-0.9938342834255798
-0.9978652361735856
-0.9989682476766124
-0.9996089338889018
-0.9998213437972152
-0.999928678566311
-0.9999683854782224
-0.9999869940259537
-0.9999943251329464
-0.9999976237061574
-0.999998971350174
-0.99999956465269
-0.9999998122496316
-0.9999999200232361
-0.9999999655695151
-0.9999999852819612
-0.9999999936771373
-0.999999997300332
-0.9999999988494859
-0.9999999995139048
-0.9999999997914393
-0.9999999998927105
-0.9999999998912031
-0.9999999997913741
-0.9999999995140255
-0.9999999988493476
-0.9999999973009496
-0.9999999936774988
-0.9999999852831247
-0.9999999655703053
-0.999999920024264
-0.9999998122506835
-0.9999995646537307
-0.9999989713507895
-0.999997623707426
-0.9999943251325808
-0.9999869940261159
-0.9999683854787333
-0.999928678566779
-0.9998213437980357
-0.9996089338896457
-0.9989682476769156
-0.9978652361726545
-0.9938342834251811
-0.9884971489009176
-0.961050972850426
-0.9397631524754103
-0.7301211031020325
-0.7000606418768376
1.1964460896578863
0.44329676628385717
24.669716264454202
24.66970929974797
0.44329660156166684
1.1964451782572678
-0.7000606982136981
-0.7301212383425847
-0.9397631685785123
-0.9610509945556786
-0.988497152896008
-0.9938342871224644
-0.9978652370844027
-0.9989682483361508
-0.9996089340876069
-0.9998213439187127
-0.999928678607835
-0.9999683855016507
-0.9999869940351818
-0.9999943251381912
-0.999997623709014
-0.9999989713518926
-0.9999995646539963
-0.9999998122512215
-0.9999999200234393
-0.9999999655699996
-0.9999999852825674
-0.9999999936779399
-0.9999999973000684
-0.9999999988485526
-0.9999999995145865
-0.9999999997912243
-0.9999999998907887
-0.9999999998910745
-0.9999999997909574
-0.9999999995141757
-0.9999999988494201
-0.9999999973003117
-0.9999999936781093
-0.9999999852821253
-0.9999999655704839
-0.9999999200240268
-0.9999998122508856
-0.9999995646537194
-0.9999989713517079
-0.9999976237090324
-0.9999943251380052
-0.9999869940352848
-0.9999683855026699
-0.9999286786075771
-0.9998213439184223
-0.9996089340877535
-0.998968248334708
-0.9978652370833281
-0.9938342871224056
-0.988497152895496
-0.9610509945543827
-0.9397631685779132
-0.7301212383424496
-0.7000606982138674
1.1964451782593502
0.4432966015624741
24.669709299752906
24.669692928344304
0.44329621665451124
1.1964430429032151
-0.7000608294812743
-0.7301215544653081
-0.9397632060413277
-0.9610510451820835
-0.988497162179533
-0.993834295727876
-0.9978652391974153
-0.9989682498652172
-0.9996089345433028
-0.9998213441991027
-0.999928678704079
-0.9999683855551444
-0.9999869940535306
-0.9999943251472212
-0.9999976237135411
-0.9999989713538681
-0.9999995646543041
-0.9999998122511058
-0.9999999200234027
-0.9999999655691177
-0.999999985282017
-0.9999999936775418
-0.9999999973000236
-0.999999998849358
-0.9999999995146475
-0.9999999997896356
-0.999999999891972
-0.9999999998923812
-0.999999999791629
-0.9999999995129092
-0.9999999988485136
-0.99999999730014
-0.9999999936773261
-0.9999999852814869
-0.999999965569893
-0.9999999200230034
-0.9999998122507388
-0.9999995646547621
-0.999998971353772
-0.999997623712152
-0.9999943251472871
-0.9999869940537781
-0.9999683855538432
-0.9999286787028565
-0.9998213441997134
-0.9996089345443062
-0.9989682498641661
-0.997865239198938
-0.993834295728846
-0.9884971621792162
-0.9610510451807464
-0.939763206041794
-0.7301215544652011
-0.7000608294805372
1.196443042902735
0.44329621665238794
24.66969292833843
24.669654387132525
0.4432953164204161
1.196438033816539
-0.7000611355293254
-0.7301222941371623
-0.9397632932375615
-0.9610511633530077
-0.9884971837555341
-0.9938343157711242
-0.9978652441061537
-0.9989682534217462
-0.9996089356054414
-0.9998213448523923
-0.9999286789269819
-0.9999683856767636
-0.9999869940992958
-0.9999943251708208
-0.9999976237214673
-0.9999989713576809
-0.9999995646570037
-0.999999812252085
-0.9999999200237857
-0.9999999655700396
-0.9999999852827224
-0.9999999936767563
-0.9999999972990172
-0.9999999988493751
-0.9999999995136366
-0.9999999997897492
-0.9999999998917941
-0.9999999998916682
-0.9999999997912457
-0.999999999512955
-0.9999999988497131
-0.9999999973010381
-0.9999999936762114
-0.999999985282864
-0.9999999655701838
-0.9999999200232547
-0.9999998122528879
-0.9999995646565558
-0.9999989713580186
-0.9999976237217791
-0.9999943251719783
-0.9999869941006766
-0.9999683856771732
-0.9999286789265336
-0.9998213448534014
-0.9996089356050792
-0.9989682534219452
-0.9978652441076383
-0.9938343157701349
-0.9884971837555735
-0.9610511633521168
-0.9397632932395825
-0.7301222941359754
-0.7000611355298008
1.196438033817496
0.4432953164261132
24.669654387126887
24.669563500967335
0.44329320888988155
1.1964262676848274
-0.7000618495497664
-0.7301240267310256
-0.9397634963074072
-0.961051439422929
-0.9884972339365442
-0.9938343624758899
-0.9978652555064542
-0.9989682616900198
-0.9996089380683754
-0.9998213463658291
-0.9999286794415212
-0.9999683859598398
-0.9999869942056081
-0.9999943252249525
-0.9999976237426262
-0.9999989713673647
-0.9999995646601354
-0.9999998122535532
-0.9999999200244677
-0.9999999655702689
-0.9999999852821946
-0.9999999936764423
-0.9999999972997015
-0.9999999988486963
-0.9999999995131004
-0.9999999997904958
-0.9999999998917279
-0.9999999998908986
-0.9999999997896234
-0.9999999995136706
-0.9999999988499804
-0.9999999973003066
-0.9999999936767268
-0.9999999852823904
-0.9999999655694632
-0.9999999200251817
-0.9999998122541243
-0.9999995646602133
-0.9999989713678221
-0.9999976237427981
-0.9999943252253786
-0.9999869942048615
-0.9999683859605207
-0.9999286794416169
-0.9998213463656487
-0.9996089380673977
-0.9989682616895377
-0.9978652555054286
-0.9938343624750043
-0.9884972339371713
-0.961051439423823
-0.9397634963065721
-0.7301240267298807
-0.7000618495506545
1.196426267685189
0.44329320888996715
24.669563500970934
24.669348770123314
0.44328826982169156
1.1963985878684054
-0.7000635164994187
-0.7301280899476797
-0.9397639694889512
-0.9610520849285407
-0.9884973506969927
-0.9938344713642774
-0.9978652819912857
-0.9989682809067219
-0.9996089437762267
-0.9998213498706501
-0.9999286806323158
-0.9999683866142532
-0.9999869944471793
-0.9999943253462131
-0.9999976237904173
-0.9999989713891575
-0.9999995646677935
-0.9999998122553
-0.9999999200235367
-0.999999965567751
-0.9999999852792271
-0.9999999936743639
-0.9999999972967293
-0.9999999988454675
-0.9999999995105101
-0.9999999997870099
-0.9999999998885629
-0.9999999998888311
-0.9999999997876816
-0.9999999995107309
-0.9999999988446098
-0.999999997296148
-0.9999999936731954
-0.9999999852792846
-0.9999999655672359
-0.999999920023463
-0.9999998122543354
-0.9999995646668651
-0.9999989713887796
-0.9999976237888406
-0.9999943253454627
-0.9999869944462055
-0.9999683866134415
-0.9999286806319764
-0.9998213498706289
-0.9996089437761642
-0.9989682809064833
-0.9978652819907596
-0.9938344713637508
-0.9884973506970428
-0.9610520849281877
-0.9397639694884009
-0.7301280899474695
-0.7000635164993778
1.19639858786898
0.4432882698214632
24.669348770127552
24.668840346534168
0.44327668206423565
1.1963333610637559
-0.7000674108595886
-0.7301376313034338
-0.9397650727264897
-0.9610535956126556
-0.9884976225156913
-0.9938347253563187
-0.9978653435588745
-0.9989683255924592
-0.9996089570224569
-0.9998213579921917
-0.9999286833830453
-0.9999683881156123
-0.9999869949957683
-0.9999943256186464
-0.9999976238870012
-0.9999989714269453
-0.9999995646730904
-0.9999998122485902
-0.9999999200107303
-0.9999999655522749
-0.9999999852630288
-0.9999999936558301
-0.999999997278608
-0.9999999988279238
-0.9999999994924446
-0.9999999997691329
-0.9999999998704597
-0.999999999870784
-0.9999999997694466
-0.9999999994918873
-0.9999999988270285
-0.9999999972792735
-0.9999999936556605
-0.9999999852625023
-0.9999999655520565
-0.9999999200105627
-0.999999812248582
-0.9999995646734074
-0.9999989714267727
-0.9999976238867978
-0.9999943256178889
-0.9999869949970391
-0.9999683881145841
-0.9999286833828713
-0.9998213579925088
-0.9996089570217472
-0.9989683255930244
-0.9978653435604269
-0.9938347253567048
-0.9884976225156241
-0.9610535956109876
-0.939765072727213
-0.7301376313053263
-0.7000674108617919
1.1963333610634834
0.4432766820626886
24.66884034653043
24.667633574177827
0.44324946332407666
1.1961793623583823
-0.7000765153477806
-0.7301600686724018
-0.9397676465727802
-0.9610571343480463
-0.9884982557030502
-0.9938353180571261
-0.997865486739193
-0.9989684294607457
-0.9996089877366526
-0.999821376768744
-0.9999286897078001
-0.9999683915329307
-0.9999869962125782
-0.9999943261893846
-0.999997624055782
-0.999998971460455
-0.999999564631314
-0.9999998121782732
-0.9999999199264141
-0.9999999654616918
-0.999999985169213
-0.9999999935613388
-0.999999997184803
-0.9999999987329583
-0.9999999993972684
-0.9999999996745511
-0.9999999997753931
-0.9999999997746718
-0.9999999996736935
-0.9999999993972744
-0.9999999987333008
-0.99999999718464
-0.9999999935627393
-0.999999985169491
-0.9999999654622657
-0.9999999199262601
-0.9999998121788987
-0.9999995646310856
-0.9999989714609125
-0.9999976240569921
-0.9999943261900761
-0.9999869962121977
-0.9999683915345576
-0.9999286897090904
-0.9998213767688343
-0.9996089877378392
-0.9989684294626026
-0.9978654867387544
-0.9938353180562367
-0.9884982557029851
-0.9610571343478775
-0.9397676465728877
-0.7301600686715246
-0.7000765153479467
1.1961793623578445
0.4432494633199878
24.667633574181387
24.664761085190534
0.4431854491618486
1.1958149863814045
-0.7000978152852173
-0.7302129148550892
-0.939773655437233
-0.9610654312766804
-0.9884997316669561
-0.9938367014090415
-0.9978658197908621
-0.9989686706839642
-0.9996090588294998
-0.9998214199822497
-0.9999287040829069
-0.9999683991364434
-0.9999869987316535
-0.999994327207829
-0.9999976241504931
-0.9999989712384928
-0.9999995642370401
-0.9999998117193588
-0.9999999194341331
-0.999999964956368
-0.9999999846586448
-0.9999999930495218
-0.9999999966697493
-0.9999999982163983
-0.9999999988822464
-0.999999999159688
-0.999999999259849
-0.9999999992586148
-0.9999999991584752
-0.9999999988825186
-0.9999999982177907
-0.9999999966698754
-0.9999999930491602
-0.99999998465853
-0.9999999649566981
-0.9999999194332344
-0.9999998117183471
-0.9999995642360089
-0.9999989712377817
-0.9999976241489058
-0.9999943272078662
-0.9999869987310198
-0.9999683991369903
-0.999928704083077
-0.999821419981052
-0.999609058829867
-0.9989686706830255
-0.997865819789685
-0.9938367014077343
-0.9884997316680046
-0.9610654312775354
-0.9397736554370626
-0.7302129148545174
-0.7000978152851013
1.1958149863815057
0.44318544916195224
24.66476108519508
24.657900966245997
0.4430347062811216
1.194950691493065
-0.7001476801338403
-0.7303375940261972
-0.9397876944269563
-0.9610849003953509
-0.9885031746836397
-0.9938399295687224
-0.9978665943448877
-0.9989692296956194
-0.9996092225635833
-0.9998215183991745
-0.9999287358081544
-0.9999684150442154
-0.9999870029262665
-0.9999943279159742
-0.9999976227312628
-0.9999989690845801
-0.9999995616867834
-0.9999998090193696
-0.9999999166592706
-0.9999999621528122
-0.9999999818399823
-0.9999999902231578
-0.9999999938409768
-0.9999999953886995
-0.9999999960525819
-0.999999996328282
-0.9999999964283169
-0.9999999964284401
-0.9999999963286483
-0.99999999605187
-0.9999999953878143
-0.9999999938408796
-0.9999999902226205
-0.9999999818386833
-0.9999999621523865
-0.9999999166585782
-0.9999998090192365
-0.9999995616866885
-0.999998969083876
-0.9999976227298015
-0.9999943279151158
-0.9999870029267981
-0.9999684150429734
-0.9999287358074025
-0.9998215183998106
-0.999609222563903
-0.9989692296938921
-0.9978665943446905
-0.9938399295689218
-0.9885031746842596
-0.9610849003931524
-0.9397876944268069
-0.7303375940255277
-0.7001476801344249
1.194950691492071
0.44303470627912184
24.657900966243837
24.641453097703884
0.44267928891178226
1.1928946944793992
-0.7002644913139243
-0.7306322834042628
-0.9398205243592291
-0.961130614166626
-0.9885112120763038
-0.9938474560163879
-0.997868392829425
-0.9989705187873328
-0.9996095947607863
-0.9998217369233386
-0.9999288004123195
-0.999968442612551
-0.9999870035601477
-0.9999943204214289
-0.9999976103601448
-0.9999989550146239
-0.9999995467104421
-0.9999997936952888
-0.9999999011635656
-0.9999999465866516
-0.9999999662411312
-0.9999999746110079
-0.9999999782239084
-0.9999999797681178
-0.9999999804302109
-0.9999999807048255
-0.9999999808055287
-0.9999999808073728
-0.999999980706622
-0.9999999804293855
-0.9999999797675574
-0.999999978222863
-0.9999999746116619
-0.9999999662413859
-0.9999999465867606
-0.9999999011634215
-0.9999997936958808
-0.9999995467101264
-0.9999989550145922
-0.9999976103612349
-0.999994320422886
-0.9999870035601777
-0.999968442612503
-0.9999288004119146
-0.999821736922762
-0.9996095947617745
-0.9989705187880636
-0.9978683928315314
-0.9938474560169808
-0.9885112120767476
-0.9611306141661459
-0.9398205243597618
-0.7306322834050536
-0.7002644913150062
1.1928946944816046
0.44267928891154945
24.641453097705963
24.601830909285756
0.4418403669143707
1.187987426365539
-0.7005382841622937
-0.731330123522615
-0.9398973814129106
-0.9612379725265237
-0.9885299819945388
-0.9938649627950386
-0.9978725469514195
-0.9989734576138218
-0.9996104119088794
-0.9998221905622331
-0.9999288998131564
-0.9999684550451627
-0.9999869542210136
-0.9999942521200047
-0.9999975309015086
-0.9999988716120276
-0.9999994612373792
-0.9999997074245106
-0.9999998145015736
-0.9999998597646589
-0.9999998793434134
-0.999999887682411
-0.9999998912792516
-0.9999998928160561
-0.9999998934767551
-0.9999998937527135
-0.999999893852801
-0.9999998938520855
-0.9999998937513073
-0.9999998934768658
-0.9999998928170264
-0.9999998912798846
-0.9999998876826428
-0.9999998793429477
-0.9999998597633386
-0.9999998145012949
-0.9999997074249657
-0.9999994612386169
-0.9999988716131771
-0.9999975309029305
-0.9999942521211265
-0.9999869542204151
-0.9999684550467265
-0.9999288998146652
-0.9998221905613562
-0.9996104119099878
-0.9989734576135862
-0.9978725469507651
-0.9938649627947134
-0.988529981995668
-0.9612379725262655
-0.9398973814125156
-0.7313301235223393
-0.7005382841633607
1.187987426364892
0.44184036691154877
24.601830909285184
24.505827963495868
0.43985867216141655
1.1762283478692603
-0.7011803713938407
-0.7329857034797729
-0.9400775592867341
-0.9614899413676163
-0.9885737775448677
-0.9939054626108476
-0.9978819981569547
-0.9989799724141528
-0.9996120341303609
-0.9998229471615192
-0.9999288440391078
-0.9999681943211209
-0.9999865522877063
-0.9999938058905826
-0.9999970592064744
-0.9999983907694544
-0.9999989756759128
-0.9999992200190004
-0.9999993262035068
-0.9999993711003311
-0.999999390507756
-0.9999993987738027
-0.9999994023375349
-0.9999994038611499
-0.9999994045153888
-0.9999994047868868
-0.99999940488503
-0.9999994048850189
-0.9999994047867045
-0.9999994045146425
-0.9999994038604754
-0.9999994023363025
-0.9999993987713309
-0.999999390505962
-0.9999993710991659
-0.999999326203402
-0.9999992200174925
-0.9999989756738257
-0.9999983907676883
-0.9999970592047536
-0.9999938058869544
-0.9999865522861464
-0.9999681943198881
-0.999928844036699
-0.9998229471602449
-0.9996120341308572
-0.9989799724142854
-0.9978819981570262
-0.9939054626123307
-0.9885737775464709
-0.961489941366626
-0.9400775592869564
-0.7329857034800151
-0.7011803713937961
1.1762283478683961
0.4398586721631577
24.505827963498753
24.271513078175666
0.435177221006835
1.14791784121697
-0.7026872034361067
-0.7369196558966093
-0.9405006663217852
-0.9620799422407977
-0.9886754673129552
-0.9939979742478178
-0.997902595791536
-0.9989933583042052
-0.9996141891252103
-0.9998230239776005
-0.9999270655429666
-0.9999659308589895
-0.9999839670818804
-0.9999911170134785
-0.9999943123657157
-0.9999956227075681
-0.9999961968767673
-0.9999964369729544
-0.9999965411296972
-0.9999965851862455
-0.9999966042068373
-0.9999966123076527
-0.9999966157969105
-0.9999966172889916
-0.999996617928169
-0.9999966181923646
-0.9999966182904079
-0.9999966182919634
-0.9999966181949647
-0.9999966179274451
-0.999996617288681
-0.9999966157973873
-0.9999966123074273
-0.9999966042081083
-0.99999658518705
-0.9999965411291027
-0.9999964369725705
-0.9999961968774029
-0.9999956227074025
-0.9999943123659012
-0.9999911170150435
-0.9999839670833157
-0.999965930858776
-0.9999270655415393
-0.999823023979058
-0.999614189124781
-0.9989933583027004
-0.9979025957907486
-0.9939979742480552
-0.9886754673111775
-0.9620799422395803
-0.9405006663235872
-0.7369196558977404
-0.7026872034356009
1.1479178412189548
0.4351772210095769
24.27151307817109
23.694160922215424
0.42413098711825536
1.079373576173657
-0.7062286518853452
-0.7462754792513606
-0.9414957816452512
-0.9634534835937895
-0.9889075987353348
-0.9942027604185695
-0.9979417339463248
-0.9990144216124214
-0.9996096104595285
-0.9998134057519468
-0.9999132272935242
-0.9999509389666393
-0.9999682439189903
-0.9999751505400094
-0.9999782141017972
-0.9999794751270871
-0.9999800248763572
-0.9999802551759281
-0.9999803547233992
-0.9999803968544054
-0.9999804149935274
-0.9999804227175435
-0.9999804260380627
-0.9999804274556301
-0.9999804280610918
-0.9999804283128486
-0.9999804284056968
-0.9999804284057823
-0.9999804283129603
-0.9999804280602715
-0.9999804274541746
-0.9999804260371299
-0.999980422717724
-0.9999804149940685
-0.999980396854173
-0.9999803547242205
-0.9999802551773974
-0.9999800248775121
-0.9999794751262435
-0.9999782141020754
-0.9999751505413305
-0.9999682439188144
-0.9999509389670107
-0.9999132272950331
-0.9998134057523087
-0.9996096104589962
-0.9990144216146215
-0.9979417339492485
-0.994202760418953
-0.9889075987344944
-0.9634534835952794
-0.9414957816449215
-0.7462754792514985
-0.7062286518873706
1.0793735761705359
0.42413098711427927
23.694160922219844
22.253018261239916
0.398140624451479
0.9122781421311675
-0.714587706628212
-0.7685104744704695
-0.9438341326678624
-0.9666070936719776
-0.9894082158629669
-0.9946167991142386
-0.9979767465898707
-0.9990029904742954
-0.9995399163918162
-0.9997313278172173
-0.9998215692332706
-0.9998565138528506
-0.9998721555308743
-0.9998784876854658
-0.9998812507982451
-0.9998823966450052
-0.9998828906409112
-0.9998830982383741
-0.9998831872570595
-0.9998832249478843
-0.9998832410748055
-0.9998832479341873
-0.9998832508668447
-0.9998832521156567
-0.9998832526473271
-0.9998832528699768
-0.9998832529488568
-0.999883252947867
-0.9998832528681783
-0.9998832526489957
-0.9998832521160973
-0.9998832508671271
-0.9998832479344768
-0.9998832410750317
-0.9998832249473011
-0.9998831872558016
-0.9998830982386031
-0.9998828906411004
-0.9998823966454395
-0.9998812508000945
-0.9998784876854272
-0.999872155529759
-0.999856513853169
-0.9998215692338961
-0.9997313278153974
-0.999539916390723
-0.9990029904746096
-0.9979767465876916
-0.9946167991115186
-0.9894082158632969
-0.9666070936725433
-0.9438341326656873
-0.7685104744690214
-0.7145877066282084
0.9122781421318179
0.398140624453594
22.253018261241557
18.587065458982952
0.33714245479830185
0.501472775861469
-0.7345656513532255
-0.8211457529245259
-0.9492467419282731
-0.9735803839001405
-0.9902581558478808
-0.9951781055762342
-0.9976751025720478
-0.9985780845083572
-0.9989825986696501
-0.999142943662671
-0.9992113134546512
-0.9992395134675929
-0.9992513347334501
-0.9992562907926914
-0.999258360391146
-0.9992592334296785
-0.9992595983515064
-0.9992597525902653
-0.9992598172050469
-0.999259844523213
-0.9992598559925576
-0.9992598608407162
-0.9992598628784938
-0.9992598637382166
-0.9992598640993249
-0.9992598642475251
-0.9992598642991757
-0.999259864300035
-0.9992598642466117
-0.9992598640989565
-0.9992598637391108
-0.9992598628790381
-0.9992598608405711
-0.9992598559918062
-0.9992598445228663
-0.9992598172033662
-0.9992597525893439
-0.9992595983497369
-0.9992592334291555
-0.9992583603904092
-0.9992562907916989
-0.9992513347327057
-0.9992395134665818
-0.9992113134540026
-0.9991429436618671
-0.9989825986697218
-0.9985780845080272
-0.9976751025700379
-0.9951781055767384
-0.9902581558500876
-0.973580383899163
-0.9492467419272883
-0.821145752925692
-0.7345656513538092
0.5014727758625441
0.3371424548008213
18.587065458981254
8.970797826449514
0.1917280912237943
-0.5198291771061054
-0.7837490517668753
-0.9441003549318863
-0.960480283916533
-0.9868281320580008
-0.989407058733488
-0.9933131201476149
-0.9938315605990163
-0.9943907616935865
-0.9944888175743838
-0.9945680699220949
-0.9945851407279462
-0.9945962946454399
-0.9945990527716451
-0.9946005945518328
-0.9946010066867488
-0.9946012107097301
-0.9946012660621801
-0.9946012905338601
-0.9946012965979238
-0.9946012988611731
-0.9946012991756936
-0.9946012991953714
-0.9946012990985483
-0.9946012990303995
-0.9946012989854336
-0.9946012989602953
-0.9946012989493088
-0.9946012989510673
-0.9946012989608066
-0.994601298983917
-0.9946012990298911
-0.9946012990984261
-0.9946012991946658
-0.9946012991742568
-0.9946012988630278
-0.9946012966001696
-0.994601290535853
-0.9946012660649567
-0.9946012107108106
-0.9946010066864275
-0.9946005945534104
-0.9945990527725781
-0.9945962946455928
-0.9945851407292134
-0.9945680699214785
-0.994488817574761
-0.9943907616939074
-0.9938315606006697
-0.9933131201494114
-0.9894070587324302
-0.9868281320566668
-0.9604802839175308
-0.9441003549322189
-0.7837490517663338
-0.5198291771061008
0.19172809121905116
8.97079782645267
-17.776815288396598
-0.20250602406542062
-3.101596946523845
-0.904883064927396
-1.2107652090399634
-0.9601161372578155
-0.983115247721031
-0.9523121210293867
-0.9523566596990073
-0.9480992471790157
-0.9476068775993529
-0.9469451003246172
-0.9467940246512985
-0.9466810973387875
-0.94664558859477
-0.946625078985883
-0.9466174799086753
-0.9466136159258329
-0.9466120569930775
-0.9466113146264266
-0.9466110016137229
-0.9466108576195377
-0.9466107955155636
-0.9466107674714062
-0.9466107552374663
-0.9466107497712921
-0.946610747375898
-0.9466107463182323
-0.9466107458668838
-0.9466107456998107
-0.9466107457004178
-0.9466107458670894
-0.9466107463201692
-0.9466107473780362
-0.946610749771585
-0.946610755238046
-0.9466107674715248
-0.9466107955143576
-0.9466108576185823
-0.9466110016128462
-0.9466113146261809
-0.9466120569925659
-0.9466136159261344
-0.9466174799102964
-0.9466250789864854
-0.9466455885962759
-0.946681097340013
-0.9467940246514555
-0.9469451003251492
-0.9476068776010191
-0.9480992471803538
-0.952356659698461
-0.9523121210291168
-0.9831152477228131
-0.9601161372595147
-1.2107652090422927
-0.9048830649304047
-3.101596946526236
-0.2025060240662232
-17.776815288398176
-103.11962365652849
-1.902210626801599
-9.721366025374765
-0.8684134459355748
-1.289137149187074
-0.33391486867413295
-0.30232777930143967
-0.1800295093684402
-0.16291926912373744
-0.1449668815553681
-0.14065249769679056
-0.13774806239327436
-0.1368303863020417
-0.1363300979602298
-0.13614728259442405
-0.13605779883235358
-0.13602243819143595
-0.13600608045036333
-0.1359993371286845
-0.13599630971309948
-0.13599503267813967
-0.13599446843670981
-0.1359942274223347
-0.1359941218369517
-0.1359940764267873
-0.13599405662893138
-0.1359940480866057
-0.13599404439412768
-0.1359940428402376
-0.13599404227602327
-0.1359940422727391
-0.13599404284232755
-0.13599404439264604
-0.13599404808921461
-0.13599405662905137
-0.1359940764269854
-0.13599412183882398
-0.13599422742177103
-0.13599446843576674
-0.13599503267503404
-0.13599630971169874
-0.13599933712878495
-0.1360060804502573
-0.1360224381923707
-0.13605779883221686
-0.13614728259276382
-0.13633009795806733
-0.13683038629999222
-0.13774806238797072
-0.14065249769613675
-0.14496688154994414
-0.16291926911711518
-0.1800295093652245
-0.3023277792988963
-0.33391486866909736
-1.2891371491882608
-0.8684134459381163
-9.721366025376344
-1.9022106268038115
-103.11962365651694
-519.3335388052197
-9.428165651637077
-16.58525668100794
20.818401442598926
22.584477793362623
26.70492670481761
27.281877973503242
27.8260694306402
27.95106378786498
28.031458664522088
28.05556136301847
28.068330585629266
28.072775896304954
28.074901050499196
28.07570653274537
28.07607104584855
28.076216121360552
28.076279891755334
28.07630600368597
28.07631730981594
28.07632201787367
28.076324041235306
28.076324892436702
28.076325257002388
28.076325411373745
28.076325477386188
28.076325505432123
28.076325517364346
28.07632552237166
28.076325524085487
28.076325524106828
28.076325522333637
28.076325517404428
28.076325505442163
28.07632547736165
28.076325411398884
28.076325256983115
28.076324892404273
28.07632404123733
28.07632201788053
28.076317309814684
28.0763060036754
28.07627989176047
28.076216121359494
28.07607104583966
28.075706532758602
28.074901050518022
28.072775896257063
28.068330585671827
28.05556136299647
28.031458664517675
27.95106378788303
27.826069430644967
27.281877973449255
26.704926704799142
22.58447779342
20.818401442606856
-16.58525668105346
-9.428165651595489
-519.333538805234