425.1508659703487
-2.777676154083761
6.677459102049941
-22.109881449290278
-21.739353266431067
-24.324194000758595
-24.338536320815287
-24.594357167540682
-24.60192838956211
-24.628804263657585
-24.630374022689537
-24.633336968597746
-24.633608543455964
-24.63395027189769
-24.633994275130703
-24.634035506004246
-24.634042454580182
-24.63404766124386
-24.634048749701492
-24.634049437529967
-24.634049608158634
-24.634049702992833
-24.63404972987985
-24.634049743420817
-24.63404974757419
-24.634049749308623
-24.634049749294274
-24.634049747580967
-24.634049743429706
-24.63404972987507
-24.634049702991543
-24.634049608147528
-24.634049437542686
-24.63404874968657
-24.63404766122857
-24.634042454626083
-24.63403550596036
-24.633994275170828
-24.633950271885467
-24.633608543455395
-24.633336968598012
-24.63037402271729
-24.628804263612686
-24.601928389570034
-24.594357167553593
-24.338536320798976
-24.32419400073907
-21.739353266445917
-22.10988144929293
6.677459102054098
-2.7776761540919503
425.1508659703642
61.276204704093935
0.7670727689143111
5.662359451832928
0.6690932382715701
1.0929419147988146
0.6855834325659603
0.7248207300095898
0.6919077785346142
0.6955793186630704
0.6929765082402974
0.6933094740226967
0.6931113566192119
0.6931386444237551
0.6931242421069854
0.6931258304888728
0.6931247790033325
0.6931247202531737
0.6931246224588758
0.6931245756850266
0.6931245603098863
0.6931245480779887
0.6931245447670904
0.6931245421749288
0.6931245414468868
0.693124540958326
0.693124540836048
0.6931245408353919
0.6931245409565902
0.693124541448127
0.693124542174862
0.693124544767039
0.6931245480787427
0.6931245603094996
0.69312457568547
0.6931246224601162
0.693124720252245
0.6931247790046775
0.6931258304851571
0.6931242421100348
0.6931386444227914
0.6931113566188511
0.6933094740227401
0.6929765082397012
0.695579318659559
0.6919077785365203
0.7248207300097731
0.6855834325670316
1.0929419147992394
0.6690932382698676
5.662359451831763
0.7670727689146211
61.276204704099754
5.122104642138181
0.34571758432577904
1.9092021900359737
0.8866602063344784
1.0587238763278881
0.9436525792552943
0.962563325498708
0.9511342370123403
0.9532831208384931
0.9522096923140057
0.9524620589130318
0.9523659329687546
0.9523966453256736
0.9523886466198508
0.9523925340121995
0.9523919697602922
0.952392482211061
0.9523924613775101
0.9523925315739182
0.9523925350094471
0.9523925449492558
0.9523925461598381
0.9523925476047153
0.952392547860583
0.9523925480707924
0.9523925481095459
0.9523925481098783
0.9523925480705309
0.9523925478612312
0.9523925476046582
0.952392546160177
0.9523925449500397
0.9523925350085511
0.952392531574699
0.9523924613774775
0.9523924822108085
0.952391969760793
0.9523925340112476
0.9523886466199754
0.9523966453259681
0.9523659329683335
0.9524620589137082
0.9522096923136671
0.953283120838152
0.9511342370126461
0.9625633254984306
0.9436525792556614
1.058723876327428
0.8866602063339257
1.9092021900361966
0.34571758432515604
5.122104642134633
-12.179207601291335
0.18360489718554446
0.3433618326051897
0.9037298639797464
0.9487298081947755
0.9805535147972129
0.9874228926829882
0.9895406418882949
0.9905091993188506
0.9906999720978973
0.9908344859559333
0.9908588961478499
0.9908776593473436
0.9908814802082684
0.9908841355325351
0.9908847716120288
0.9908851551138779
0.9908852616705373
0.9908853183500571
0.9908853360834773
0.9908853446565309
0.9908853475890651
0.9908853489132221
0.9908853493942693
0.9908853495978759
0.9908853496642166
0.9908853496643649
0.990885349597918
0.9908853493947274
0.9908853489123886
0.9908853475897422
0.9908853446567755
0.9908853360827466
0.9908853183508278
0.9908852616706804
0.9908851551135919
0.9908847716122777
0.9908841355322233
0.9908814802078153
0.9908776593481181
0.9908588961470459
0.9908344859562793
0.9906999720975902
0.990509199319372
0.9895406418876301
0.9874228926835085
0.9805535147974418
0.9487298081936446
0.9037298639800506
0.34336183260447006
0.18360489718600456
-12.179207601293236
-18.304932378819508
0.11387851461356435
-0.2802957097735096
0.9000687018136604
0.8901277210263563
0.9866094234537448
0.9880305809832918
0.9966936997741451
0.9971107122528065
0.9979527379345079
0.9980306511998449
0.9981193955300183
0.9981323313757591
0.9981424940745818
0.9981445514481825
0.9981458123828415
0.9981461349673573
0.9981463030159775
0.9981463535535546
0.9981463773141187
0.9981463852769494
0.9981463887950854
0.998146390059649
0.9981463905970032
0.9981463907947088
0.9981463908659258
0.9981463908661703
0.9981463907952088
0.9981463905971355
0.9981463900601879
0.9981463887953455
0.9981463852770955
0.9981463773137391
0.9981463535536668
0.9981463030157575
0.9981461349671564
0.9981458123826814
0.9981445514478584
0.9981424940740471
0.9981323313770984
0.9981193955291356
0.9980306512001229
0.9979527379349047
0.9971107122534058
0.9966936997737242
0.9880305809840251
0.9866094234539209
0.8901277210254726
0.9000687018135849
-0.28029570977352014
0.11387851461427498
-18.304932378819124
-20.600564157279045
0.08438021550625294
-0.5281662256771582
0.8963147099667719
0.8634386788488457
0.9873368061778807
0.9864159785869135
0.9980702450794254
0.9982471229792531
0.9994067133798756
0.9994596303909274
0.9995814589518928
0.9995917627059239
0.9996053310080101
0.9996071099941861
0.9996087189056728
0.9996090120789789
0.9996092155221237
0.9996092629655573
0.9996092903168272
0.9996092979563622
0.9996093018378391
0.9996093030689931
0.9996093036429583
0.999609303837066
0.9996093039117713
0.9996093039121103
0.9996093038372247
0.9996093036431053
0.9996093030692585
0.9996093018373216
0.9996092979562592
0.9996092903167642
0.9996092629656551
0.9996092155222824
0.9996090120790248
0.9996087189054453
0.999607109994225
0.9996053310071584
0.999591762706586
0.9995814589508378
0.9994596303908938
0.9994067133803588
0.998247122979533
0.9980702450792907
0.9864159785874297
0.9873368061772498
0.8634386788486484
0.8963147099663331
-0.5281662256773197
0.08438021550694981
-20.60056415728063
-21.487833068008573
0.07208424338568532
-0.6273671042703047
0.8942621257202872
0.851911654105736
0.98725496219155
0.9853456923854109
0.998322610914963
0.9983980912450686
0.9997063846817349
0.9997488346075423
0.9998869857509639
0.9998961916753843
0.9999115190150543
0.9999131811223809
0.999914977065445
0.999915257679187
0.9999154808157266
0.9999155269056821
0.9999155563156964
0.9999155638093171
0.9999155679043221
0.9999155691208012
0.9999155697161486
0.9999155699091582
0.9999155699859519
0.9999155699863972
0.9999155699090405
0.9999155697169593
0.999915569120525
0.9999155679045234
0.9999155638097382
0.9999155563155764
0.9999155269052484
0.9999154808158679
0.9999152576797733
0.9999149770646174
0.999913181122785
0.9999115190147202
0.9998961916753104
0.9998869857508403
0.9997488346080696
0.9997063846821808
0.9983980912447938
0.998322610915698
0.9853456923850274
0.9872549621909739
0.8519116541063745
0.8942621257200478
-0.6273671042712663
0.07208424338656516
-21.487833068011774
-21.837489362722184
0.06699483872997572
-0.6673788506436968
0.8932968134073698
0.8470428590340235
0.9871329691495246
0.9848097527331403
0.9983591887445675
0.9983924167794438
0.9997682083243025
0.9998064076717443
0.9999523253486052
0.9999611010100812
0.9999773029919359
0.9999789207292624
0.9999808134523442
0.9999810893897555
0.9999813230861456
0.9999813686742763
0.9999813992233777
0.9999814066628139
0.9999814108801832
0.9999814120904894
0.9999814126987492
0.9999814128913136
0.9999814129693001
0.9999814129692728
0.9999814128909803
0.9999814126993385
0.9999814120899895
0.9999814108801417
0.9999814066634649
0.9999813992235975
0.9999813686741819
0.9999813230860726
0.9999810893899019
0.9999808134515404
0.9999789207296919
0.9999773029922598
0.999961101009649
0.9999523253490858
0.999806407672089
0.9997682083238347
0.9983924167790477
0.9983591887454997
0.9848097527327784
0.9871329691489219
0.847042859035204
0.8932968134069132
-0.6673788506437203
0.06699483873086073
-21.837489362721737
-21.97713394252068
0.06489318249087819
-0.6836290029313459
0.8928692664935136
0.8450063043634946
0.9870611105088394
0.9845650850718528
0.998359022958593
0.9983747198117041
0.9997804585106258
0.9998169561932849
0.9999664634959384
0.9999750781784771
0.999991701158248
0.9999933037433997
0.9999952448801457
0.9999955193696524
0.9999957585409173
0.999995803986047
0.9999958351462002
0.9999958425707437
0.9999958468555221
0.9999958480639144
0.9999958486801915
0.9999958488719201
0.9999958489508715
0.9999958489505658
0.9999958488718426
0.999995848679895
0.9999958480635587
0.9999958468557034
0.9999958425710529
0.9999958351460367
0.9999958039860499
0.9999957585408922
0.9999955193695194
0.9999952448795155
0.9999933037441799
0.999991701158084
0.9999750781788426
0.9999664634956522
0.9998169561933169
0.9997804585098966
0.9983747198112284
0.9983590229591996
0.9845650850714984
0.9870611105085003
0.8450063043639326
0.8928692664922664
-0.6836290029308478
0.06489318249035426
-21.977133942520528
-22.033450864494654
0.06402520492875197
-0.6902672100381673
0.8926851590253391
0.8441577923208837
0.9870259361263954
0.9844578356510023
0.9983553342923419
0.9983637577062385
0.9997825679217437
0.9998183867794285
0.9999695159541637
0.9999780724411076
0.9999948926705848
0.9999964907441313
0.9999984553976521
0.9999987295839707
0.9999989715082769
0.9999990169379643
0.9999990484149961
0.99999905583975
0.99999906016044
0.999999061368642
0.9999990619893726
0.9999990621808281
0.999999062260434
0.9999990622600217
0.9999990621813408
0.9999990619890738
0.9999990613689185
0.9999990601607998
0.9999990558395613
0.9999990484152754
0.9999990169378928
0.9999989715084527
0.9999987295836569
0.9999984553977525
0.9999964907450043
0.9999948926693423
0.9999780724424855
0.9999695159532473
0.9998183867799435
0.9997825679221273
0.99836375770631
0.9983553342925042
0.9844578356510842
0.9870259361264547
0.8441577923206
0.8926851590246427
-0.6902672100372336
0.06402520492942151
-22.033450864493474
-22.05633222553662
0.06366626900489744
-0.6929921032599292
0.8926069946921456
0.843804663751407
0.987009927285497
0.9844117598191994
0.9983529104275835
0.9983583111662373
0.9997827617032203
0.9998183089909707
0.999970158295758
0.9999786942641704
0.9999956048970924
0.9999972019246899
0.999999177717762
0.999999451929031
0.999999695200827
0.99999974064871
0.9999997722853767
0.9999997797141001
0.9999997840533368
0.9999997852618971
0.9999997858847067
0.9999997860764747
0.9999997861559727
0.999999786155787
0.999999786076899
0.9999997858839674
0.999999785261821
0.9999997840530568
0.9999997797134828
0.9999997722855345
0.9999997406484893
0.9999996952014132
0.9999994519287915
0.99999917771833
0.999997201925408
0.9999956048957552
0.9999786942661981
0.9999701582947684
0.999818308990573
0.9997827617043644
0.9983583111653356
0.9983529104268953
0.9844117598189249
0.9870099272858424
0.8438046637507342
0.8926069946917585
-0.6929921032583126
0.06366626900670108
-22.056332225535492
-22.065683491766148
0.06351757050664752
-0.6941151881194378
0.892574049039227
0.8436576607469984
0.9870028924178031
0.9843921723824752
0.9983516738127101
0.9983558156120462
0.9997826806404877
0.999818118608962
0.9999702834610142
0.9999788123217245
0.9999957636592309
0.9999973606039007
0.9999993415619002
0.999999615853203
0.9999998597691511
0.9999999052356849
0.9999999369510495
0.9999999443837706
0.999999948731701
0.9999999499411458
0.9999999505654495
0.9999999507570911
0.999999950836564
0.9999999508365525
0.9999999507570179
0.9999999505644339
0.9999999499411854
0.9999999487322574
0.999999944383116
0.9999999369514985
0.9999999052359919
0.9999998597688617
0.9999996158528688
0.9999993415623922
0.9999973606036756
0.999995763658577
0.9999788123225204
0.9999702834600483
0.9998181186082944
0.9997826806418492
0.9983558156111498
0.9983516738126634
0.9843921723829521
0.9870028924182639
0.8436576607460111
0.8925740490393917
-0.6941151881186579
0.06351757050733434
-22.065683491766666
-22.06952338867538
0.06345584732842066
-0.6945796684791389
0.8925602125206556
0.8435964072015949
0.9869998580626922
0.9843838919361829
0.9983510979994182
0.9983547142756881
0.9997826073208769
0.999818000952577
0.9999703027096958
0.9999788291363372
0.999995798544508
0.9999973955943681
0.9999993789059448
0.9999996532602997
0.9999998974777371
0.999999942957382
0.9999999747118753
0.999999982145712
0.9999999864987239
0.9999999877087312
0.9999999883331195
0.999999988524969
0.9999999886044578
0.9999999886043153
0.9999999885247469
0.9999999883327554
0.9999999877088587
0.999999986498764
0.9999999821451144
0.999999974711883
0.9999999429573725
0.9999998974773097
0.9999996532604731
0.9999993789062926
0.9999973955942444
0.99999579854484
0.9999788291362257
0.9999703027098064
0.9998180009528184
0.999782607321364
0.9983547142747417
0.998351097999583
0.9843838919352096
0.9869998580627433
0.843596407202059
0.8925602125211042
-0.6945796684785117
0.06345584732692923
-22.069523388679112
-22.071106356709407
0.06343017658594158
-0.6947723303530013
0.8925544106584604
0.8435708520101659
0.9869985627639815
0.9843804015511672
0.9983508410963629
0.9983542375491747
0.9997825667276397
0.9998179422418361
0.999970302964312
0.9999788285629626
0.9999958059046549
0.9999974030518324
0.9999993874202385
0.9999996618125786
0.9999999061683889
0.999999951656418
0.9999999834294169
0.999999990863621
0.9999999952194711
0.9999999964297395
0.9999999970539217
0.9999999972460942
0.9999999973255964
0.9999999973257547
0.9999999972460378
0.9999999970543558
0.9999999964293254
0.9999999952194585
0.9999999908638686
0.9999999834294411
0.9999999516565642
0.9999999061696112
0.9999996618125658
0.9999993874205211
0.9999974030516463
0.999995805904859
0.9999788285623337
0.9999703029646385
0.9998179422423152
0.9997825667271403
0.99835423754896
0.9983508410965537
0.9843804015511405
0.9869985627642313
0.8435708520111518
0.8925544106579827
-0.6947723303536386
0.0634301765859142
-22.07110635671343
-22.071761079575893
0.0634194801769099
-0.6948524469220085
0.8925519789564729
0.8435601758186517
0.9869980130844098
0.9843789322859775
0.9983507290303546
0.9983540333634153
0.999782547146886
0.9998179152065167
0.999970301190521
0.999978826507709
0.9999958073023385
0.9999974045100757
0.9999993893477477
0.9999996637605035
0.9999999081798085
0.9999999536717141
0.9999999854529823
0.999999992887366
0.999999997244897
0.9999999984549091
0.9999999990796812
0.9999999992716361
0.9999999993515529
0.9999999993512798
0.9999999992717801
0.999999999079743
0.9999999984549095
0.9999999972448705
0.9999999928883858
0.9999999854526105
0.9999999536716339
0.9999999081801664
0.9999996637599822
0.999999389347563
0.9999974045099609
0.9999958073028894
0.9999788265071036
0.9999703011912147
0.999817915206844
0.9997825471467603
0.9983540333638562
0.9983507290307816
0.9843789322862946
0.9869980130840975
0.8435601758190061
0.8925519789567473
-0.6948524469223363
0.06341948017886909
-22.071761079576817
-22.07203263944684
0.06341501546871217
-0.6948858360026544
0.8925509595857428
0.843555709548262
0.9869977805968255
0.9843783141015021
0.9983506807624425
0.9983539464296087
0.9997825382434877
0.9998179032177534
0.9999702999819693
0.9999788252032529
0.9999958074908661
0.9999974047312092
0.9999993897745802
0.9999996641980181
0.9999999086450032
0.9999999541402642
0.9999999859241353
0.9999999933602783
0.9999999977177192
0.999999998927932
0.9999999995525843
0.999999999744251
0.9999999998245213
0.9999999998236963
0.9999999997442449
0.9999999995522246
0.9999999989279907
0.999999997717348
0.9999999933606969
0.9999999859241011
0.9999999541394253
0.9999999086458025
0.9999996641971003
0.9999993897751565
0.9999974047309506
0.9999958074913196
0.9999788252021156
0.9999702999825196
0.9998179032167671
0.9997825382431316
0.9983539464298149
0.9983506807618965
0.9843783141009474
0.9869977805965645
0.8435557095479072
0.8925509595869039
-0.6948858360029235
0.06341501547293758
-22.0720326394468
-22.07214554888291
0.06341314889537147
-0.6948997780113118
0.8925505320369154
0.8435538386718535
0.9869976824446192
0.9843780539942757
0.9983506601259522
0.9983539095411884
0.9997825343126603
0.9998178980036124
0.9999702993564574
0.9999788245454329
0.9999958074755146
0.9999974047315829
0.9999993898650625
0.999999664292987
0.9999999087527982
0.9999999542488665
0.9999999860342004
0.9999999934710078
0.9999999978282785
0.9999999990382475
0.9999999996632918
0.99999999985529
0.999999999935183
0.9999999999349481
0.9999999998560551
0.9999999996633904
0.9999999990390287
0.9999999978285029
0.9999999934705364
0.9999999860345633
0.9999999542481538
0.999999908753135
0.9999996642926331
0.999999389865467
0.999997404731416
0.9999958074751463
0.9999788245446597
0.9999702993574642
0.9998178980037649
0.9997825343139501
0.998353909541723
0.998350660126476
0.9843780539945612
0.9869976824446451
0.8435538386714685
0.8925505320372582
-0.6948997780120585
0.06341314889721461
-22.072145548882244
-22.072192594327028
0.06341236737945069
-0.6949056096189317
0.8925503525818803
0.8435530540036111
0.9869976410431656
0.9843779445152627
0.9983506513426808
0.9983538939187153
0.9997825326061183
0.9998178957606223
0.9999702990634112
0.9999788242403026
0.9999958074451349
0.9999974047089218
0.9999993898817054
0.999999664311594
0.9999999087780413
0.9999999542737623
0.999999986060122
0.9999999934967498
0.999999997854492
0.9999999990642563
0.9999999996895004
0.9999999998815252
0.9999999999612526
0.9999999999606005
0.9999999998821942
0.9999999996887073
0.9999999990645256
0.9999999978545023
0.999999993495876
0.9999999860605259
0.9999999542739465
0.9999999087773543
0.9999996643122431
0.9999993898820999
0.999997404708918
0.9999958074448296
0.9999788242401948
0.9999702990634078
0.9998178957604061
0.9997825326064669
0.9983538939190214
0.9983506513425437
0.9843779445151488
0.9869976410440175
0.8435530540021533
0.8925503525817389
-0.6949056096201067
0.06341236738263945
-22.072192594325216
-22.072212233331133
0.0634120397247234
-0.6949080525633762
0.8925502771966816
0.8435527245190522
0.9869976235853692
0.9843778984121997
0.9983506476145037
0.9983538873090609
0.9997825318717973
0.9998178948015185
0.9999702989316267
0.9999788241041891
0.9999958074270107
0.9999974046949414
0.9999993898839514
0.9999996643152231
0.9999999087839206
0.9999999542793769
0.9999999860664806
0.9999999935025985
0.9999999978605634
0.9999999990701696
0.9999999996955242
0.9999999998876468
0.9999999999674156
0.9999999999669023
0.9999999998881391
0.9999999996946064
0.9999999990712671
0.9999999978605965
0.9999999935027167
0.9999999860665221
0.9999999542800355
0.9999999087824256
0.9999996643152291
0.9999993898839379
0.9999974046940165
0.9999958074271336
0.9999788241047349
0.9999702989317362
0.999817894802144
0.9997825318724755
0.9983538873087837
0.9983506476145787
0.9843778984125963
0.9869976235859226
0.8435527245190111
0.8925502771965224
-0.694908052563449
0.06341203972382861
-22.07221223333146
-22.072220445232755
0.06341190218286534
-0.6949090773492131
0.8925502455014032
0.8435525860163615
0.9869976162234713
0.9843778789854605
0.9983506460344176
0.9983538845128643
0.9997825315573163
0.9998178943931373
0.9999702988735616
0.9999788240445986
0.9999958074178377
0.999997404686763
0.9999993898829771
0.9999996643152256
0.9999999087840392
0.9999999542799958
0.9999999860672022
0.9999999935037825
0.9999999978617216
0.9999999990723186
0.9999999996970773
0.9999999998887952
0.9999999999682845
0.9999999999684027
0.9999999998885285
0.9999999996967032
0.9999999990719823
0.9999999978615799
0.9999999935041746
0.9999999860676101
0.9999999542799264
0.9999999087835612
0.999999664314895
0.9999993898829654
0.9999974046861202
0.9999958074180936
0.9999788240445198
0.999970298873118
0.9998178943929954
0.9997825315570708
0.9983538845125651
0.9983506460333791
0.9843778789857147
0.9869976162232028
0.8435525860172008
0.8925502455013854
-0.6949090773481613
0.06341190217982035
-22.072220445232844
-22.072223884122565
0.06341184438267414
-0.6949095077627016
0.8925502321653261
0.8435525277383685
0.9869976131186265
0.9843778707954658
0.9983506453655822
0.9983538833310149
0.9997825314235265
0.9998178942197276
0.9999702988481601
0.9999788240196191
0.9999958074136326
0.9999974046833887
0.9999993898832651
0.9999996643151018
0.9999999087847302
0.999999954281154
0.9999999860685724
0.99999999350455
0.9999999978631064
0.9999999990721204
0.9999999996974551
0.9999999998891799
0.9999999999700031
0.9999999999694925
0.999999999890075
0.9999999996977174
0.9999999990733467
0.9999999978623704
0.9999999935050718
0.9999999860678537
0.9999999542811584
0.9999999087847035
0.9999996643161985
0.9999993898828483
0.9999974046841068
0.9999958074141501
0.9999788240196525
0.9999702988487504
0.9998178942199649
0.9997825314244639
0.9983538833309366
0.9983506453656055
0.9843778707955959
0.9869976131177571
0.8435525277391367
0.8925502321648178
-0.6949095077618452
0.06341184437640213
-22.0722238841278
-22.07222532600512
0.06341182006527721
-0.6949096887220092
0.8925502265498267
0.8435525031945188
0.9869976118077488
0.9843778673391272
0.9983506450813475
0.9983538828307268
0.9997825313665353
0.9998178941454705
0.9999702988373416
0.9999788240085871
0.9999958074120784
0.9999974046814619
0.9999993898823788
0.9999996643146447
0.99999990878398
0.999999954280504
0.99999998606764
0.9999999935041545
0.999999997862199
0.9999999990724454
0.9999999996976858
0.9999999998893084
0.9999999999695437
0.9999999999686715
0.9999999998891791
0.99999999969695
0.9999999990723615
0.9999999978617526
0.9999999935045356
0.9999999860679151
0.9999999542803399
0.999999908784411
0.9999996643147226
0.9999993898814048
0.9999974046816966
0.9999958074108217
0.9999788240077921
0.9999702988367414
0.9998178941460496
0.9997825313667079
0.998353882830592
0.9983506450812506
0.9843778673394252
0.9869976118070378
0.8435525031953675
0.8925502265491086
-0.6949096887221382
0.06341182006594753
-22.072225325999007
-22.072225930960357
0.06341180983381872
-0.6949097648360822
0.8925502241844803
0.8435524928560588
0.9869976112561258
0.984377865882382
0.9983506449624899
0.9983538826204648
0.9997825313432507
0.9998178941145153
0.9999702988330563
0.9999788240036835
0.999995807411075
0.9999974046807751
0.9999993898829125
0.9999996643149003
0.9999999087847127
0.9999999542807732
0.9999999860689617
0.9999999935044581
0.9999999978627807
0.9999999990731094
0.999999999697856
0.9999999998897215
0.9999999999697069
0.9999999999688005
0.9999999998896476
0.9999999996972935
0.9999999990729609
0.9999999978623999
0.9999999935046697
0.9999999860682732
0.9999999542805486
0.9999999087851799
0.9999996643148334
0.9999993898823294
0.9999974046815655
0.9999958074107208
0.999978824004484
0.9999702988334374
0.9998178941151772
0.9997825313419723
0.9983538826199645
0.9983506449614559
0.984377865882269
0.9869976112552938
0.8435524928565417
0.8925502241841166
-0.6949097648364733
0.06341180983103284
-22.07222593095908
-22.07222618407581
0.06341180553741763
-0.6949097967583877
0.8925502231906792
0.843552488513597
0.9869976110225545
0.9843778652684483
0.9983506449111528
0.998353882530187
0.9997825313317734
0.9998178941006981
0.9999702988306782
0.9999788240017742
0.9999958074107613
0.9999974046807323
0.999999389882816
0.9999996643145227
0.9999999087843451
0.9999999542809508
0.9999999860682293
0.9999999935037167
0.9999999978622909
0.9999999990726525
0.9999999996967155
0.9999999998893236
0.9999999999694036
0.9999999999686819
0.9999999998899416
0.9999999996972243
0.9999999990725492
0.999999997861811
0.9999999935044894
0.9999999860678577
0.9999999542805049
0.9999999087842675
0.9999996643143796
0.999999389882287
0.999997404680659
0.9999958074104922
0.9999788240017564
0.9999702988307237
0.9998178941013578
0.9997825313318055
0.9983538825312961
0.9983506449105135
0.9843778652687254
0.9869976110231171
0.8435524885141557
0.8925502231902314
-0.6949097967591542
0.06341180554000561
-22.07222618406989
-22.07222628784832
0.06341180377334413
-0.694909809871531
0.8925502227825627
0.8435524867281131
0.9869976109278535
0.9843778650160597
0.9983506448904242
0.9983538824940719
0.9997825313286153
0.999817894095882
0.9999702988308834
0.9999788240006525
0.9999958074102107
0.9999974046801956
0.9999993898821709
0.9999996643139183
0.9999999087845888
0.9999999542810025
0.9999999860683202
0.9999999935044191
0.9999999978631374
0.9999999990723696
0.9999999996977518
0.999999999890084
0.9999999999692708
0.9999999999689481
0.9999999998904135
0.9999999996961693
0.999999999073213
0.9999999978622865
0.999999993504304
0.9999999860676855
0.9999999542816052
0.9999999087844892
0.9999996643151456
0.9999993898829804
0.9999974046811941
0.9999958074105417
0.9999788240012113
0.9999702988298811
0.9998178940963783
0.9997825313281019
0.9983538824947349
0.9983506448899868
0.9843778650176684
0.9869976109277221
0.8435524867292885
0.8925502227812505
-0.6949098098704768
0.063411803774544
-22.072226287843804
-22.072226324950655
0.0634118031434342
-0.6949098145658011
0.8925502226360069
0.8435524860884411
0.9869976108934706
0.9843778649256436
0.9983506448832176
0.9983538824808829
0.9997825313264859
0.9998178940935329
0.9999702988301067
0.999978824000187
0.9999958074106279
0.9999974046808995
0.9999993898824807
0.9999996643147345
0.999999908785126
0.9999999542812275
0.9999999860679443
0.9999999935044475
0.999999997862824
0.9999999990722188
0.9999999996977762
0.9999999998895642
0.9999999999687981
0.9999999999693541
0.9999999998900196
0.9999999996961492
0.9999999990738999
0.9999999978623471
0.9999999935043254
0.9999999860681708
0.9999999542817604
0.9999999087835398
0.9999996643149724
0.9999993898821148
0.9999974046804717
0.9999958074102153
0.9999788240007084
0.9999702988294568
0.9998178940948884
0.9997825313260884
0.9983538824822189
0.9983506448818076
0.9843778649269999
0.9869976108924436
0.8435524860902962
0.8925502226350663
-0.6949098145637416
0.06341180314586142
-22.072226324950435
-22.07222632494742
0.06341180314654228
-0.6949098145645529
0.8925502226353055
0.8435524860883299
0.9869976108930885
0.9843778649261259
0.998350644883833
0.9983538824813036
0.9997825313264579
0.9998178940932987
0.9999702988296674
0.9999788240001586
0.9999958074105525
0.9999974046808295
0.9999993898820734
0.999999664314607
0.9999999087846478
0.9999999542802083
0.9999999860680213
0.9999999935043776
0.9999999978625556
0.9999999990723198
0.9999999996977197
0.9999999998895526
0.9999999999693785
0.9999999999688126
0.9999999998896909
0.9999999996964017
0.9999999990730594
0.9999999978618213
0.9999999935040405
0.9999999860679232
0.9999999542814966
0.9999999087838642
0.999999664315079
0.9999993898823745
0.9999974046810047
0.9999958074100364
0.9999788240005427
0.9999702988297287
0.9998178940942275
0.9997825313258449
0.9983538824813978
0.9983506448813397
0.9843778649258645
0.986997610893136
0.8435524860894711
0.8925502226359423
-0.6949098145637471
0.06341180314398955
-22.0722263249582
-22.0722262878503
0.0634118037755857
-0.6949098098700077
0.8925502227825994
0.8435524867284987
0.9869976109287006
0.9843778650169406
0.9983506448915929
0.9983538824947545
0.9997825313287578
0.9998178940958453
0.999970298831237
0.9999788240010945
0.9999958074112127
0.9999974046807543
0.9999993898826758
0.9999996643149603
0.9999999087853192
0.999999954280522
0.9999999860692137
0.9999999935045107
0.9999999978635106
0.9999999990730976
0.999999999698545
0.9999999998900515
0.999999999969376
0.9999999999685405
0.9999999998895553
0.9999999996970639
0.9999999990729158
0.9999999978629242
0.99999999350453
0.9999999860690081
0.9999999542806642
0.9999999087851041
0.9999996643148943
0.9999993898822259
0.9999974046802601
0.9999958074099408
0.9999788240006726
0.9999702988300805
0.9998178940958757
0.999782531327805
0.9983538824946687
0.9983506448900977
0.9843778650174579
0.9869976109284593
0.8435524867283803
0.8925502227828195
-0.6949098098696537
0.06341180377524316
-22.07222628785184
-22.07222618407593
0.06341180554025592
-0.6949097967588667
0.8925502231902293
0.8435524885133553
0.9869976110225407
0.9843778652679926
0.9983506449109364
0.9983538825296262
0.9997825313308806
0.9998178941006421
0.9999702988300794
0.9999788240011607
0.9999958074102906
0.9999974046801969
0.999999389881963
0.9999996643139869
0.9999999087842686
0.9999999542804299
0.999999986068431
0.9999999935033385
0.9999999978623593
0.9999999990712436
0.9999999996967794
0.9999999998882709
0.9999999999693727
0.999999999968362
0.9999999998903681
0.9999999996973934
0.9999999990730868
0.9999999978622119
0.9999999935044915
0.9999999860681921
0.999999954280284
0.9999999087844216
0.999999664314839
0.9999993898816306
0.9999974046813247
0.9999958074098609
0.9999788240025281
0.9999702988310049
0.9998178941024198
0.9997825313324731
0.9983538825312819
0.9983506449111641
0.9843778652689975
0.9869976110234241
0.8435524885140641
0.8925502231903883
-0.6949097967580042
0.06341180553778913
-22.072226184081103
-22.072225930954275
0.06341180983033778
-0.6949097648373345
0.8925502241838801
0.8435524928560565
0.9869976112566106
0.9843778658824041
0.9983506449628985
0.9983538826201035
0.9997825313436494
0.9998178941151954
0.9999702988337076
0.9999788240043195
0.999995807411336
0.9999974046810896
0.9999993898826685
0.999999664315007
0.9999999087848797
0.9999999542813118
0.9999999860687023
0.9999999935049408
0.9999999978635843
0.9999999990732138
0.9999999996985639
0.9999999998898237
0.9999999999698377
0.9999999999692104
0.999999999889668
0.9999999996971931
0.9999999990726236
0.9999999978620508
0.9999999935049474
0.9999999860685596
0.9999999542811386
0.999999908785384
0.9999996643152183
0.999999389882406
0.9999974046815899
0.9999958074112332
0.9999788240041285
0.9999702988328536
0.9998178941144933
0.999782531342702
0.9983538826191913
0.9983506449620178
0.9843778658828678
0.9869976112549942
0.8435524928574709
0.8925502241844183
-0.6949097648362657
0.06341180983217276
-22.07222593095438
-22.072225326002723
0.06341182006421531
-0.6949096887211073
0.8925502265512171
0.8435525031946809
0.9869976118085322
0.9843778673393413
0.9983506450808806
0.9983538828309544
0.9997825313666107
0.9998178941453292
0.999970298836595
0.9999788240077766
0.9999958074116597
0.9999974046812412
0.9999993898829971
0.9999996643153216
0.9999999087847076
0.9999999542807207
0.9999999860681598
0.9999999935035888
0.9999999978617504
0.9999999990715922
0.9999999996967341
0.9999999998885937
0.999999999968975
0.999999999968733
0.9999999998892088
0.9999999996971084
0.9999999990726597
0.9999999978620789
0.9999999935056432
0.9999999860674028
0.9999999542803666
0.9999999087833671
0.9999996643146998
0.9999993898812578
0.9999974046818789
0.9999958074116541
0.9999788240084149
0.9999702988372327
0.9998178941466025
0.9997825313670614
0.9983538828311582
0.9983506450819642
0.9843778673397654
0.9869976118075741
0.8435525031970577
0.8925502265487419
-0.6949096887222737
0.06341182006536158
-22.072225325998197
-22.072223884140488
0.06341184437870323
-0.6949095077614214
0.8925502321670544
0.8435525277385681
0.9869976131187508
0.984377870795377
0.9983506453651108
0.9983538833318881
0.9997825314241233
0.9998178942199208
0.9999702988489345
0.9999788240205649
0.9999958074140499
0.9999974046838929
0.9999993898834629
0.9999996643147229
0.9999999087847997
0.9999999542811709
0.9999999860683516
0.9999999935045909
0.9999999978635539
0.9999999990731516
0.999999999698195
0.9999999998902457
0.9999999999699256
0.9999999999688634
0.999999999889235
0.999999999696928
0.9999999990730181
0.9999999978626628
0.9999999935048179
0.9999999860678012
0.9999999542816937
0.9999999087848295
0.9999996643162326
0.9999993898832189
0.9999974046835998
0.9999958074139783
0.9999788240192813
0.999970298848099
0.9998178942202672
0.9997825314230524
0.998353883331199
0.9983506453647909
0.9843778707959838
0.9869976131189817
0.8435525277386854
0.8925502321639895
-0.6949095077617695
0.06341184438327593
-22.072223884131745
-22.07222044523498
0.06341190218657086
-0.6949090773480604
0.8925502455034124
0.8435525860172837
0.9869976162236624
0.9843778789854157
0.998350646033199
0.9983538845128749
0.9997825315565352
0.9998178943926432
0.9999702988729002
0.9999788240449111
0.9999958074174649
0.9999974046868298
0.9999993898826183
0.9999996643148608
0.9999999087844278
0.9999999542800946
0.9999999860676029
0.9999999935039787
0.9999999978620323
0.9999999990717303
0.9999999996965985
0.9999999998886286
0.9999999999685014
0.999999999968371
0.9999999998900311
0.9999999996973034
0.9999999990725732
0.9999999978625757
0.9999999935033543
0.999999986067271
0.9999999542808192
0.9999999087833875
0.9999996643151725
0.999999389883266
0.9999974046866165
0.999995807417587
0.999978824045164
0.9999702988738473
0.9998178943932812
0.999782531557659
0.9983538845134364
0.9983506460338094
0.9843778789858214
0.9869976162244192
0.8435525860156562
0.8925502455021157
-0.6949090773468445
0.06341190218437831
-22.072220445234912
-22.07221223333513
0.06341203972887874
-0.6949080525656237
0.8925502771958799
0.8435527245183772
0.986997623585687
0.9843778984125672
0.998350647615011
0.9983538873092084
0.9997825318718431
0.9998178948021487
0.9999702989316523
0.999978824104398
0.9999958074276969
0.9999974046950608
0.999999389884086
0.9999996643150001
0.9999999087832822
0.9999999542794167
0.9999999860660496
0.9999999935029005
0.9999999978609693
0.9999999990706288
0.9999999996958195
0.9999999998882376
0.9999999999669732
0.9999999999671387
0.9999999998881908
0.9999999996944641
0.9999999990709711
0.9999999978611678
0.9999999935016279
0.9999999860669218
0.9999999542795065
0.9999999087822783
0.9999996643147823
0.9999993898837384
0.9999974046941865
0.9999958074269577
0.9999788241044325
0.9999702989313519
0.9998178948008395
0.9997825318716086
0.9983538873089615
0.9983506476138292
0.9843778984121883
0.9869976235854909
0.8435527245176981
0.8925502771981667
-0.6949080525650595
0.0634120397257508
-22.07221223333507
-22.072192594314714
0.06341236738608282
-0.6949056096199007
0.8925503525809209
0.8435530540029703
0.9869976410432026
0.9843779445155729
0.9983506513429041
0.9983538939186314
0.9997825326061016
0.9998178957608563
0.9999702990633217
0.9999788242401579
0.9999958074448226
0.9999974047086215
0.9999993898814454
0.9999996643119986
0.9999999087778608
0.999999954273889
0.9999999860599383
0.9999999934965998
0.9999999978543684
0.9999999990638699
0.9999999996895488
0.9999999998810583
0.9999999999609058
0.9999999999606348
0.9999999998811624
0.9999999996887601
0.9999999990647173
0.9999999978543082
0.9999999934959423
0.9999999860606539
0.9999999542730471
0.9999999087779455
0.999999664311879
0.9999993898823263
0.9999974047094475
0.9999958074455024
0.9999788242397596
0.9999702990630208
0.9998178957593344
0.9997825326065206
0.9983538939185727
0.998350651342084
0.9843779445153898
0.9869976410431631
0.8435530540020066
0.8925503525833349
-0.6949056096205928
0.06341236738000663
-22.072192594317073
-22.072145548887214
0.06341314890114653
-0.6948997780122318
0.8925505320380293
0.8435538386714851
0.9869976824443836
0.9843780539939705
0.9983506601255294
0.9983539095413416
0.9997825343130035
0.9998178980037231
0.9999702993571339
0.9999788245460675
0.9999958074756459
0.9999974047322184
0.999999389865359
0.9999996642932887
0.999999908753
0.9999999542479585
0.9999999860344777
0.9999999934701951
0.99999999782804
0.9999999990380142
0.9999999996631165
0.9999999998551838
0.9999999999351241
0.9999999999345405
0.999999999855795
0.9999999996635185
0.9999999990383335
0.9999999978283317
0.9999999934703241
0.9999999860344786
0.9999999542480948
0.9999999087537058
0.9999996642925155
0.9999993898653223
0.9999974047306789
0.9999958074755961
0.9999788245443622
0.9999702993580393
0.9998178980037483
0.9997825343143523
0.9983539095422607
0.9983506601263394
0.98437805399475
0.986997682444449
0.8435538386709622
0.8925505320378446
-0.6948997780134853
0.06341314889827906
-22.072145548887285
-22.072032639435072
0.06341501547466255
-0.6948858360026671
0.8925509595861731
0.8435557095480555
0.9869977805961829
0.984378314101674
0.9983506807619345
0.9983539464298281
0.999782538243137
0.9998179032169726
0.9999702999811788
0.9999788252028871
0.9999958074905111
0.9999974047308227
0.9999993897739643
0.9999996641970612
0.9999999086453206
0.9999999541394959
0.9999999859250517
0.9999999933586621
0.99999999771766
0.9999999989269199
0.9999999995521243
0.9999999997444907
0.9999999998242832
0.9999999998241088
0.9999999997449167
0.9999999995523601
0.9999999989272961
0.9999999977172405
0.9999999933595658
0.9999999859244322
0.9999999541398819
0.9999999086459231
0.9999996641979227
0.9999993897757244
0.9999974047313126
0.9999958074918855
0.9999788252032678
0.9999702999830273
0.9998179032181242
0.9997825382435925
0.9983539464289095
0.9983506807613214
0.9843783141012936
0.9869977805967391
0.8435557095493282
0.892550959587755
-0.694885836003972
0.06341501546890216
-22.07203263944105
-22.071761079587993
0.06341948017341015
-0.6948524469227129
0.8925519789562152
0.8435601758187148
0.9869980130854029
0.9843789322863984
0.9983507290304381
0.9983540333641068
0.9997825471479278
0.9998179152069107
0.9999703011917511
0.9999788265084062
0.9999958073032742
0.9999974045109701
0.9999993893483119
0.9999996637617745
0.9999999081807021
0.9999999536720416
0.9999999854530603
0.9999999928874969
0.9999999972455433
0.9999999984561281
0.9999999990807862
0.9999999992733299
0.999999999351568
0.9999999993513419
0.9999999992711177
0.9999999990796973
0.9999999984547003
0.9999999972455267
0.9999999928883693
0.9999999854528995
0.9999999536712784
0.9999999081797186
0.9999996637600128
0.9999993893470431
0.9999974045092137
0.9999958073028113
0.9999788265066399
0.9999703011910059
0.9998179152068865
0.9997825471459449
0.9983540333631072
0.9983507290312958
0.9843789322863168
0.9869980130838163
0.8435601758191935
0.8925519789560429
-0.6948524469228922
0.06341948018437138
-22.07176107958042
-22.071106356716903
0.06343017658729881
-0.6947723303516428
0.8925544106589056
0.8435708520099443
0.9869985627636415
0.9843804015505728
0.9983508410950475
0.9983542375490052
0.9997825667270781
0.9998179422413501
0.9999703029636182
0.9999788285618154
0.9999958059037051
0.9999974030506282
0.9999993874201791
0.9999996618119956
0.9999999061682311
0.9999999516562808
0.9999999834288402
0.9999999908630771
0.9999999952202132
0.999999996429483
0.9999999970539204
0.9999999972452127
0.9999999973253484
0.9999999973255678
0.9999999972463679
0.9999999970544222
0.9999999964296932
0.9999999952198575
0.999999990863849
0.9999999834285419
0.9999999516564236
0.9999999061691177
0.9999996618125342
0.9999993874199751
0.9999974030533725
0.9999958059055396
0.9999788285634679
0.9999703029645256
0.9998179422417296
0.9997825667275226
0.9983542375497361
0.9983508410964944
0.9843804015503299
0.986998562764589
0.8435708520093255
0.8925544106568418
-0.6947723303507363
0.06343017658829146
-22.071106356713805
-22.06952338869015
0.0634558473278774
-0.6945796684794155
0.8925602125206509
0.8435964072012148
0.9869998580634594
0.9843838919365003
0.9983510979997887
0.9983547142752771
0.9997826073210185
0.9998180009526287
0.9999703027099922
0.9999788291364242
0.999995798545569
0.9999973955942678
0.9999993789067416
0.9999996532600184
0.999999897477287
0.999999942958077
0.9999999747118411
0.9999999821458251
0.9999999864994958
0.9999999877091563
0.9999999883331321
0.9999999885256162
0.9999999886042188
0.9999999886047446
0.999999988525168
0.9999999883329174
0.99999998770834
0.9999999864996378
0.9999999821449368
0.9999999747122694
0.9999999429581072
0.9999998974781279
0.999999653260323
0.9999993789065286
0.9999973955939958
0.9999957985430847
0.9999788291369118
0.9999703027091461
0.9998180009519635
0.9997826073217864
0.9983547142754878
0.9983510979987162
0.9843838919361871
0.9869998580628454
0.8435964072012802
0.8925602125214296
-0.6945796684757992
0.06345584733353472
-22.069523388683898
-22.065683491770734
0.06351757051924062
-0.6941151881179026
0.8925740490395175
0.8436576607472808
0.987002892417608
0.9843921723825706
0.9983516738121285
0.9983558156123467
0.9997826806398942
0.9998181186090318
0.999970283460075
0.9999788123213705
0.9999957636591912
0.9999973606034537
0.9999993415613084
0.9999996158531561
0.9999998597693778
0.9999999052354801
0.9999999369512623
0.9999999443829666
0.9999999487312172
0.9999999499406294
0.9999999505649663
0.9999999507566373
0.9999999508365434
0.999999950836743
0.9999999507574714
0.9999999505645991
0.9999999499414152
0.9999999487323372
0.9999999443826562
0.9999999369515269
0.9999999052359491
0.9999998597689601
0.9999996158529976
0.9999993415620558
0.9999973606047479
0.9999957636581684
0.9999788123241644
0.999970283459449
0.9998181186092672
0.9997826806421004
0.998355815611772
0.9983516738125617
0.9843921723831504
0.987002892418906
0.8436576607464716
0.8925740490413969
-0.6941151881184774
0.06351757050934208
-22.065683491780547
-22.056332225532984
0.06366626901155222
-0.6929921032592132
0.8926069946920379
0.8438046637522576
0.9870099272854664
0.9844117598199562
0.9983529104283808
0.9983583111671096
0.9997827617036839
0.9998183089919275
0.9999701582957299
0.9999786942644948
0.9999956048976686
0.9999972019251309
0.9999991777180883
0.9999994519296009
0.9999996952010091
0.9999997406485422
0.9999997722857994
0.999999779714055
0.9999997840539372
0.9999997852628886
0.9999997858852085
0.9999997860768235
0.9999997861558418
0.9999997861547663
0.9999997860756742
0.9999997858834133
0.9999997852615545
0.9999997840536949
0.999999779713612
0.9999997722866574
0.9999997406486951
0.9999996952011388
0.9999994519284909
0.9999991777175938
0.9999972019245702
0.9999956048956173
0.999978694265955
0.9999701582942435
0.9998183089914033
0.9997827617019521
0.9983583111652535
0.998352910427379
0.9844117598186046
0.9870099272864528
0.8438046637518242
0.8926069946934448
-0.6929921032589581
0.0636662690109327
-22.056332225534952
-22.033450864502996
0.0640252049333736
-0.6902672100398115
0.8926851590245173
0.8441577923209532
0.9870259361266536
0.9844578356510862
0.9983553342926196
0.9983637577055743
0.9997825679211528
0.9998183867795106
0.9999695159543129
0.9999780724411961
0.9999948926705338
0.9999964907440362
0.9999984553975174
0.9999987295842186
0.9999989715086646
0.9999990169387312
0.9999990484158697
0.9999990558400671
0.9999990601604127
0.9999990613685603
0.9999990619885005
0.999999062180343
0.999999062260244
0.9999990622599628
0.9999990621815509
0.9999990619901435
0.9999990613694048
0.9999990601617591
0.9999990558401308
0.9999990484154969
0.9999990169383104
0.999998971508949
0.999998729584345
0.999998455397533
0.9999964907444121
0.9999948926705342
0.999978072442276
0.9999695159540845
0.999818386780649
0.9997825679232466
0.9983637577067819
0.9983553342941279
0.9844578356512272
0.9870259361273207
0.8441577923218986
0.8926851590254594
-0.6902672100373312
0.06402520492902453
-22.033450864502967
-21.97713394250981
0.06489318249536341
-0.6836290029291636
0.8928692664938063
0.8450063043644739
0.9870611105097253
0.9845650850721614
0.9983590229596323
0.9983747198118984
0.999780458510666
0.9998169561935619
0.9999664634961665
0.9999750781784994
0.9999917011581818
0.9999933037437643
0.9999952448797278
0.9999955193698127
0.9999957585411663
0.9999958039864179
0.9999958351464833
0.9999958425711407
0.9999958468555383
0.999995848064293
0.9999958486801946
0.9999958488725684
0.999995848950233
0.9999958489508691
0.9999958488714789
0.9999958486801143
0.9999958480636788
0.9999958468556016
0.9999958425702474
0.9999958351460445
0.9999958039860759
0.9999957585403821
0.9999955193696721
0.9999952448797336
0.9999933037437283
0.9999917011586105
0.9999750781776886
0.9999664634949653
0.9998169561925816
0.9997804585098686
0.9983747198106887
0.9983590229590952
0.9845650850714297
0.9870611105084726
0.8450063043645055
0.8928692664929695
-0.6836290029321599
0.06489318248914616
-21.97713394251031
-21.837489362735433
0.06699483873060821
-0.6673788506438241
0.8932968134079546
0.8470428590345362
0.9871329691498638
0.9848097527330228
0.9983591887441635
0.998392416779269
0.9997682083240029
0.9998064076717608
0.999952325349015
0.9999611010096472
0.9999773029922239
0.9999789207294465
0.9999808134530614
0.9999810893904939
0.9999813230876682
0.999981368674247
0.9999813992240258
0.9999814066623649
0.9999814108810821
0.999981412090331
0.9999814126991089
0.9999814128909976
0.9999814129690563
0.999981412970444
0.9999814128922113
0.999981412700284
0.9999814120908939
0.9999814108807052
0.9999814066638955
0.9999813992242739
0.9999813686740041
0.9999813230865644
0.9999810893907186
0.9999808134517587
0.9999789207299739
0.999977302992757
0.9999611010101178
0.9999523253501308
0.9998064076721045
0.9997682083253565
0.9983924167803483
0.9983591887467853
0.9848097527336924
0.9871329691495392
0.8470428590356127
0.8932968134061907
-0.6673788506447227
0.0669948387296273
-21.83748936273181
-21.487833068012236
0.07208424338875667
-0.6273671042687574
0.8942621257232708
0.851911654105943
0.9872549621910972
0.985345692385116
0.9983226109145995
0.9983980912462722
0.9997063846821458
0.99974883460772
0.9998869857512357
0.9998961916753129
0.9999115190153325
0.9999131811223576
0.9999149770654485
0.999915257679012
0.9999154808144799
0.9999155269048723
0.9999155563152657
0.9999155638085064
0.999915567904723
0.9999155691209752
0.9999155697162986
0.999915569910157
0.9999155699853739
0.9999155699858069
0.9999155699074468
0.9999155697160509
0.999915569119896
0.9999155679053191
0.9999155638090006
0.9999155563148183
0.9999155269042861
0.999915480816673
0.9999152576787143
0.9999149770643079
0.9999131811225989
0.9999115190138552
0.9998961916752356
0.9998869857498203
0.9997488346071309
0.9997063846808805
0.9983980912442915
0.998322610913883
0.9853456923845494
0.9872549621902658
0.8519116541048408
0.894262125719667
-0.6273671042697744
0.07208424339732943
-21.48783306799119
-20.600564157299583
0.08438021551442025
-0.5281662256763534
0.8963147099685871
0.8634386788497166
0.9873368061776087
0.9864159785875205
0.9980702450796186
0.9982471229794223
0.9994067133794912
0.9994596303907683
0.9995814589511051
0.9995917627066335
0.9996053310081423
0.9996071099941517
0.9996087189059358
0.9996090120785274
0.9996092155225283
0.9996092629663912
0.9996092903175131
0.999609297955913
0.999609301838227
0.9996093030686407
0.9996093036424185
0.9996093038367322
0.9996093039120926
0.9996093039123433
0.999609303839274
0.999609303644137
0.9996093030699686
0.999609301837924
0.9996092979564282
0.9996092903167191
0.9996092629669082
0.9996092155232308
0.9996090120792487
0.9996087189064916
0.9996071099946922
0.9996053310081121
0.9995917627082361
0.9995814589529903
0.9994596303923746
0.9994067133813082
0.9982471229810639
0.9980702450788304
0.9864159785875399
0.9873368061786734
0.8634386788476272
0.8963147099664903
-0.52816622567782
0.08438021550551558
-20.60056415730684
-18.304932378800352
0.11387851460793386
-0.2802957097728405
0.9000687018135545
0.8901277210258361
0.9866094234530571
0.9880305809815574
0.9966936997729814
0.9971107122513545
0.9979527379348492
0.9980306512003366
0.9981193955308905
0.9981323313763004
0.9981424940750871
0.998144551448254
0.9981458123833098
0.9981461349667498
0.9981463030153179
0.9981463535530322
0.998146377313001
0.9981463852761883
0.9981463887940338
0.9981463900592258
0.9981463905962669
0.9981463907951758
0.9981463908657766
0.9981463908660784
0.998146390793758
0.9981463905957318
0.9981463900588845
0.9981463887945305
0.9981463852756141
0.9981463773128932
0.9981463535531603
0.9981463030149296
0.9981461349657028
0.9981458123822833
0.9981445514466938
0.9981424940732926
0.9981323313765409
0.9981193955277399
0.998030651199019
0.9979527379333353
0.9971107122522826
0.9966936997723439
0.9880305809842499
0.9866094234525358
0.8901277210240692
0.9000687018133224
-0.2802957097726558
0.1138785146170902
-18.30493237879847
-12.179207601305219
0.18360489717846804
0.3433618326026574
0.9037298639788167
0.9487298081945271
0.9805535147973403
0.9874228926835233
0.9895406418890742
0.9905091993198536
0.9906999720986991
0.9908344859561813
0.9908588961476947
0.990877659347243
0.9908814802077749
0.9908841355318057
0.9908847716117954
0.9908851551144927
0.9908852616708118
0.9908853183505535
0.9908853360835564
0.9908853446565148
0.9908853475898414
0.9908853489139742
0.9908853493947226
0.9908853495980647
0.9908853496643787
0.990885349665453
0.9908853495984825
0.9908853493948597
0.9908853489136422
0.9908853475894547
0.990885344658327
0.9908853360830651
0.990885318351597
0.9908852616705667
0.9908851551147346
0.9908847716134899
0.9908841355341809
0.99088148020953
0.9908776593492451
0.990858896148388
0.9908344859565752
0.990699972098828
0.9905091993200619
0.9895406418880877
0.9874228926829529
0.9805535147979069
0.9487298081933915
0.9037298639793341
0.3433618326037255
0.18360489718060252
-12.17920760130821
5.1221046421645156
0.34571758432645194
1.9092021900381755
0.8866602063331457
1.0587238763267057
0.9436525792547303
0.9625633254984391
0.9511342370123
0.9532831208375818
0.952209692312993
0.9524620589125516
0.9523659329688168
0.9523966453249171
0.9523886466199186
0.952392534012243
0.9523919697610744
0.9523924822112729
0.9523924613766428
0.952392531573808
0.952392535008087
0.9523925449490771
0.9523925461596277
0.9523925476040254
0.9523925478604434
0.952392548070401
0.9523925481095902
0.9523925481096327
0.9523925480699138
0.9523925478610391
0.952392547604836
0.9523925461601039
0.9523925449487249
0.9523925350078855
0.9523925315744761
0.9523924613758019
0.9523924822099733
0.9523919697594538
0.9523925340100459
0.9523886466191034
0.9523966453255572
0.9523659329682664
0.9524620589117521
0.9522096923150645
0.9532831208356014
0.9511342370122122
0.9625633254973676
0.9436525792557184
1.058723876326563
0.8866602063338551
1.9092021900376612
0.34571758432518307
5.122104642158009
61.27620470409473
0.7670727689171861
5.662359451834197
0.6690932382713728
1.0929419147988266
0.6855834325665224
0.7248207300089113
0.6919077785350167
0.695579318663486
0.6929765082408332
0.6933094740238268
0.6931113566184592
0.6931386444242826
0.6931242421078538
0.6931258304893801
0.6931247790022736
0.6931247202535884
0.6931246224572365
0.6931245756845121
0.6931245603083482
0.693124548080764
0.6931245447661247
0.6931245421759498
0.6931245414476626
0.6931245409578083
0.6931245408372047
0.6931245408353968
0.6931245409556432
0.6931245414479467
0.693124542174044
0.693124544764592
0.6931245480804038
0.6931245603077199
0.6931245756855391
0.693124622457618
0.6931247202537002
0.6931247790029386
0.693125830488509
0.6931242421107646
0.6931386444231606
0.6931113566185647
0.6933094740215497
0.6929765082436505
0.69557931866016
0.6919077785370547
0.7248207300098275
0.6855834325682093
1.0929419148011004
0.6690932382720702
5.662359451836675
0.767072768906747
61.276204704083014
425.15086597034633
-2.7776761540879487
6.677459102052254
-22.109881449290338
-21.739353266430783
-24.324194000756577
-24.338536320816363
-24.594357167540515
-24.60192838956161
-24.628804263656484
-24.630374022689352
-24.633336968601057
-24.63360854345452
-24.63395027189642
-24.633994275128003
-24.634035506006207
-24.634042454577347
-24.634047661246278
-24.63404874970033
-24.63404943753186
-24.634049608155653
-24.634049702996457
-24.634049729879585
-24.634049743422253
-24.63404974757667
-24.634049749307806
-24.634049749293688
-24.63404974758496
-24.634049743427646
-24.63404972987726
-24.63404970299092
-24.634049608146853
-24.634049437543226
-24.63404874968891
-24.634047661230664
-24.634042454625625
-24.63403550596431
-24.633994275168767
-24.633950271886583
-24.63360854345664
-24.633336968595284
-24.630374022718385
-24.62880426360814
-24.60192838957481
-24.5943571675491
-24.338536320796464
-24.32419400074297
-21.73935326643805
-22.10988144929705
6.677459102060154
-2.77767615408842
425.1508659703494