-308.98073322208666
-13.466797107037833
-13.628713294050348
11.623777858351485
15.421493005805575
19.510071855024258
20.884497278868103
21.792585912936694
22.204393764199203
22.44035092027871
22.56022437273422
22.626288323860514
22.661397594117112
22.68061488526046
22.691035140065644
22.696752355990263
22.69988571043239
22.70161253564015
22.702565333963047
22.70309268347097
22.703384926635565
22.703547011675916
22.703636643579763
22.703685558581093
22.703710971515754
22.703721788550386
22.70372178852452
22.703710971521062
22.703685558609738
22.703636643589377
22.703547011662202
22.703384926614206
22.70309268347047
22.702565333955974
22.701612535629497
22.699885710447532
22.69675235600502
22.691035140045376
22.680614885262962
22.661397594094918
22.626288323872842
22.56022437273113
22.440350920278853
22.204393764236293
21.792585912914625
20.88449727886451
19.51007185499456
15.42149300580662
11.623777858366097
-13.628713294069213
-13.466797106998387
-308.9807332220966
-78.45431498298043
-4.880274724001179
-9.626957390695651
-2.0476311579816606
-1.4033356092903158
-0.09427099736134692
0.31023246579510616
0.6230705351364595
0.7658095811309199
0.8532419245221794
0.8987367596160702
0.9247828677350338
0.9389624065112011
0.9469299978047905
0.9513408019114828
0.9538098071372183
0.9551865917406249
0.9559576882614487
0.9563893560000869
0.9566314892208598
0.9567673192886035
0.9568435020167907
0.9568860586962076
0.956909490214032
0.9569217513148074
0.9569269953854833
0.9569269953864457
0.9569217513196351
0.9569094902176672
0.9568860586970428
0.9568435020127879
0.9567673192834956
0.9566314892210694
0.9563893559996721
0.9559576882613904
0.9551865917430139
0.9538098071395738
0.9513408019136944
0.9469299978020265
0.9389624065073823
0.9247828677338894
0.8987367596149711
0.8532419245242069
0.7658095811333226
0.6230705351372765
0.31023246579514835
-0.09427099736592094
-1.4033356092904663
-2.0476311579833606
-9.6269573906958
-4.880274724000314
-78.45431498297863
-19.025116111524184
-1.4602571401135358
-3.8282114294665135
-1.5179522857382626
-1.4872735572087432
-1.0621805508802795
-0.9499979388130277
-0.8423916146229364
-0.7939576163758468
-0.7616601570460519
-0.7444779757552087
-0.7341607050732861
-0.7283845150549415
-0.7250286319673014
-0.7231216539644991
-0.7220258426281377
-0.7214006758729042
-0.7210428559408417
-0.7208385623965273
-0.7207218393860415
-0.7206552424546566
-0.7206173001577966
-0.7205958011818647
-0.7205838146485677
-0.7205774784492855
-0.720574750008958
-0.7205747500089194
-0.720577478448429
-0.7205838146476828
-0.7205958011813745
-0.7206173001585332
-0.7206552424556376
-0.7207218393863547
-0.7208385623969512
-0.7210428559407763
-0.7214006758721334
-0.7220258426276465
-0.7231216539641038
-0.7250286319679929
-0.7283845150553162
-0.7341607050739116
-0.7444779757555815
-0.7616601570442827
-0.7939576163765139
-0.8423916146217849
-0.9499979388123785
-1.0621805508813829
-1.4872735572083693
-1.5179522857389545
-3.8282114294649263
-1.4602571401125912
-19.02511611152667
2.7446628374833923
-0.1448528689591498
-1.04212849376669
-0.9160414662787322
-1.0391692479175614
-0.9914139756964081
-0.9923755774635277
-0.9755245550153255
-0.9685167260999715
-0.9619293527462092
-0.9582021052463416
-0.9556364306365821
-0.9540990643928314
-0.9531324011844471
-0.9525509896795039
-0.952197884084687
-0.9519869616777392
-0.951860984871096
-0.9517863091116019
-0.9517421490070727
-0.9517161586972929
-0.9517009263223717
-0.9516920741149293
-0.9516870289840935
-0.9516843148175262
-0.9516831323954413
-0.9516831323951497
-0.9516843148170886
-0.9516870289833788
-0.9516920741146684
-0.9517009263228051
-0.9517161586978788
-0.9517421490075468
-0.9517863091120313
-0.9518609848711792
-0.9519869616770347
-0.9521978840843612
-0.952550989679286
-0.9531324011846307
-0.954099064393149
-0.9556364306373005
-0.9582021052464622
-0.9619293527452366
-0.9685167261004529
-0.9755245550152538
-0.9923755774635834
-0.9914139756969549
-1.0391692479183572
-0.9160414662789431
-1.0421284937653688
-0.14485286895879923
2.7446628374850626
11.728172934163027
0.43532575896330405
0.24345680605596218
-0.5995784644885774
-0.7691027877258237
-0.8939360362129524
-0.9426300191523025
-0.9680152463396554
-0.9799594870402863
-0.9856881328825705
-0.9884600592736106
-0.9897482726494184
-0.9903533967268556
-0.9906217462581828
-0.9907380467819553
-0.9907834983744406
-0.9907987874810606
-0.9908016213398859
-0.990800132578284
-0.9907975853071163
-0.9907952247189864
-0.990793391371902
-0.9907920966177461
-0.9907912470262845
-0.9907907425975863
-0.9907905093184133
-0.9907905093182499
-0.9907907425972068
-0.990791247025698
-0.9907920966173076
-0.9907933913722348
-0.9907952247193508
-0.9907975853076744
-0.9908001325778981
-0.9908016213403241
-0.9907987874802854
-0.9907834983743468
-0.9907380467820439
-0.9906217462583937
-0.9903533967272754
-0.9897482726498046
-0.9884600592736249
-0.9856881328815805
-0.9799594870406105
-0.96801524633991
-0.9426300191524105
-0.8939360362133877
-0.7691027877266309
-0.5995784644885098
0.24345680605640307
0.4353257589626853
11.728172934163624
15.652950777846435
0.7053211840593598
0.8407250598232388
-0.44455721143810845
-0.6311413497973724
-0.8371165543316745
-0.9072470151003855
-0.9528031151104106
-0.9736715930708667
-0.9853872916911093
-0.9913277775864577
-0.9945341658281985
-0.9962168035039589
-0.9971166858684293
-0.9975944720663021
-0.9978495495292972
-0.9979854666399507
-0.9980579720384698
-0.9980966101978455
-0.9981171876776815
-0.9981281297670979
-0.9981339346951137
-0.9981369992183857
-0.998138595669914
-0.9981393909618723
-0.9981397192982707
-0.9981397192983406
-0.9981393909617018
-0.9981385956696982
-0.9981369992180703
-0.9981339346951885
-0.9981281297675071
-0.9981171876779396
-0.9980966101974021
-0.9980579720388536
-0.9979854666395221
-0.9978495495294324
-0.9975944720659671
-0.9971166858688941
-0.9962168035042536
-0.994534165827972
-0.9913277775868433
-0.9853872916907238
-0.9736715930713431
-0.9528031151104532
-0.9072470150998522
-0.8371165543325586
-0.63114134979702
-0.44455721143858695
0.8407250598233711
0.7053211840588935
15.652950777847742
17.423355047080133
0.8334334628730177
1.1211950425362045
-0.36930822355336546
-0.5631464100208055
-0.8077532673655301
-0.8879026172853407
-0.9432209205448847
-0.9683787102458798
-0.9830333037281074
-0.9905320601886523
-0.9946956818689408
-0.9969197626721701
-0.9981408412922153
-0.9988041978750015
-0.999168106307598
-0.9993673002041907
-0.9994767574975766
-0.9995369065121751
-0.9995700157146137
-0.999588243731125
-0.9995982761248559
-0.9996037774801423
-0.9996067538121147
-0.9996082879053363
-0.9996089371369591
-0.9996089371375119
-0.9996082879053954
-0.9996067538122198
-0.9996037774802713
-0.9995982761245168
-0.9995882437311436
-0.999570015714444
-0.9995369065120026
-0.9994767574983
-0.9993673002039563
-0.9991681063080862
-0.9988041978743465
-0.9981408412925699
-0.9969197626724094
-0.9946956818683639
-0.9905320601891809
-0.983033303727979
-0.9683787102463658
-0.9432209205448607
-0.8879026172851435
-0.8077532673661154
-0.5631464100198349
-0.36930822355393744
1.1211950425359483
0.8334334628732035
17.423355047080364
18.238372412620194
0.8947656307745486
1.2541257612402184
-0.3327521396950469
-0.5299314723004869
-0.7930607068246507
-0.8780002966861828
-0.938074190351837
-0.9653196050964372
-0.981424430384424
-0.9896940986043876
-0.9943363004304565
-0.9968325255464444
-0.9982165088658944
-0.9989746412783257
-0.9993946101941836
-0.9996266563671528
-0.9997554628997938
-0.9998269700508844
-0.9998667533857732
-0.999888894878979
-0.9999012172934538
-0.9999080494894532
-0.9999117851227445
-0.9999137283219046
-0.9999145560122427
-0.9999145560130098
-0.9999137283222321
-0.999911785123032
-0.9999080494896189
-0.9999012172928667
-0.9998888948788569
-0.9998667533853246
-0.9998269700509272
-0.9997554629008134
-0.999626656366892
-0.9993946101950422
-0.99897464127775
-0.998216508865539
-0.9968325255463332
-0.9943363004297054
-0.9896940986049034
-0.9814244303845426
-0.9653196050969903
-0.9380741903519291
-0.8780002966862388
-0.7930607068244224
-0.5299314722999626
-0.3327521396947167
1.2541257612404033
0.8947656307761112
18.23837241261919
18.61892849478098
0.9242911771051425
1.3176024663760786
-0.314951835619229
-0.5137287669550782
-0.7857826260816616
-0.8730412221702449
-0.9354395943144918
-0.9637082638836654
-0.980530399659332
-0.9891826718690642
-0.9940642511616584
-0.9966972278348658
-0.9981636446178989
-0.9989700043748713
-0.9994186928365685
-0.9996676743417552
-0.9998065232485278
-0.999883964705855
-0.9999272592655319
-0.9999514738191115
-0.9999650177115956
-0.9999725645190655
-0.999976710402664
-0.9999788757919574
-0.999979800749016
-0.9999798007497017
-0.9999788757922294
-0.9999767104026962
-0.9999725645191619
-0.9999650177111536
-0.9999514738191921
-0.9999272592646163
-0.9998839647059921
-0.9998065232494897
-0.9996676743412447
-0.9994186928371613
-0.9989700043744709
-0.9981636446177619
-0.9966972278346968
-0.9940642511608941
-0.9891826718697454
-0.9805303996591999
-0.9637082638839711
-0.9354395943143311
-0.873041222170297
-0.7857826260816838
-0.513728766954823
-0.3149518356190585
1.3176024663763486
0.9242911771065594
18.61892849477939
18.79849837282331
0.9385655628618859
1.3480975921999048
-0.30626387459133475
-0.5058173817415069
-0.7821886109157528
-0.8705777035166801
-0.934114633316484
-0.9628868174373532
-0.9800640665873963
-0.9889064901390459
-0.9939077413781001
-0.9966093724218039
-0.9981174053084075
-0.9989482271357233
-0.999411562700819
-0.9996692257179547
-0.9998132512059518
-0.9998937683897494
-0.9999388931620843
-0.9999641944316668
-0.9999783822982646
-0.9999863079467921
-0.999990672442373
-0.9999929567432992
-0.9999939339094983
-0.9999939339104001
-0.9999929567435363
-0.9999906724422852
-0.9999863079469774
-0.9999783822979036
-0.999964194431932
-0.9999388931612607
-0.9998937683896274
-0.999813251206527
-0.999669225717452
-0.9994115627015194
-0.9989482271352015
-0.9981174053088849
-0.996609372421468
-0.9939077413773316
-0.988906490139378
-0.980064066587482
-0.9628868174378467
-0.9341146333162209
-0.8705777035167079
-0.7821886109156987
-0.5058173817410946
-0.30626387459138793
1.3480975921996348
0.9385655628621783
18.79849837282226
18.883921709095382
0.9454913512289318
1.3628207037183526
-0.30201427953409493
-0.5019480155359544
-0.780415044843658
-0.8693575429234774
-0.9334530573819587
-0.9624735687523482
-0.9798266835499967
-0.9887636566449518
-0.9938246836430771
-0.9965607398122065
-0.9980897347706641
-0.998932928209562
-0.9994037050736795
-0.999665797730896
-0.9998124767144753
-0.9998945777253962
-0.9999406494384384
-0.9999665156449707
-0.9999810398938687
-0.9999891643556775
-0.9999936440756377
-0.9999959912803382
-0.9999969961338091
-0.9999969961344677
-0.9999959912804313
-0.9999936440753782
-0.9999891643560188
-0.9999810398939704
-0.9999665156453915
-0.9999406494379208
-0.9998945777251387
-0.9998124767146639
-0.9996657977303102
-0.999403705074106
-0.998932928208883
-0.9980897347712934
-0.9965607398123795
-0.9938246836428964
-0.9887636566451707
-0.9798266835502297
-0.962473568752211
-0.9334530573816209
-0.8693575429230651
-0.7804150448438012
-0.5019480155358333
-0.3020142795343477
1.3628207037176772
0.9454913512280719
18.883921709095567
18.92482258797864
0.9488621085354447
1.36995844595213
-0.2999315584462542
-0.500052098119971
-0.7795396100313048
-0.8687537575809914
-0.9331237167703696
-0.9622668789810329
-0.9797071103023287
-0.9886911023108678
-0.9937819616282172
-0.9965352586914125
-0.9980747910172791
-0.9989242254705781
-0.9993987704060807
-0.9996631143862731
-0.99981114722332
-0.9998940594602564
-0.999940618135835
-0.9999667760310795
-0.9999814746675509
-0.9999897026060687
-0.9999942425184336
-0.9999966226846198
-0.9999976420775614
-0.9999976420775041
-0.9999966226847805
-0.9999942425178767
-0.9999897026064
-0.9999814746674122
-0.9999667760317466
-0.9999406181359145
-0.9998940594602114
-0.99981114722329
-0.9996631143857218
-0.9993987704060041
-0.998924225470043
-0.9980747910175943
-0.996535258691835
-0.9937819616282101
-0.9886911023109564
-0.979707110302164
-0.9622668789803787
-0.933123716770413
-0.8687537575808286
-0.7795396100320147
-0.5000520981199953
-0.29993155844640573
1.369958445951909
0.9488621085351658
18.924822587979683
18.94450981417318
0.9505071190224477
1.3734308876991486
-0.29890898808891825
-0.49912147352503605
-0.7791072236091736
-0.8684549835554799
-0.9329599696020722
-0.9621637752599856
-0.9796471732590497
-0.9886545484087317
-0.9937602861402506
-0.9965222090238028
-0.9980670295890421
-0.9989196057798831
-0.99939605361323
-0.999661538118942
-0.9998102590757362
-0.9998935849931118
-0.9999403928372305
-0.9999667004948651
-0.9999814889763778
-0.9999897704055707
-0.999994341531167
-0.9999967388349087
-0.999997765800833
-0.9999977658006283
-0.999996738834871
-0.999994341530823
-0.9999897704057559
-0.9999814889764151
-0.9999667004953947
-0.9999403928374919
-0.9998935849932123
-0.9998102590754655
-0.9996615381188235
-0.9993960536126305
-0.9989196057798685
-0.9980670295893359
-0.9965222090243311
-0.9937602861405067
-0.9886545484089464
-0.9796471732583291
-0.9621637752595942
-0.9329599696021242
-0.8684549835553681
-0.7791072236095337
-0.49912147352543645
-0.2989089880889226
1.3734308876997277
0.950507119021531
18.944509814174403
18.95402780052084
0.9513118594414037
1.3751252342512303
-0.29840610471339923
-0.49866390285275525
-0.7788934973564567
-0.8683070812366707
-0.9328785884002733
-0.9621124054425328
-0.9796172010637493
-0.9886362058400311
-0.9937493606208354
-0.9965155957319667
-0.9980630668353588
-0.9989172219491458
-0.999394628690309
-0.9996606894941777
-0.999809759123497
-0.9998932952439493
-0.9999402300654714
-0.9999666142644309
-0.9999814488001524
-0.9999897577268095
-0.9999943449404831
-0.9999967510972363
-0.9999977819808201
-0.9999977819805406
-0.9999967510969855
-0.999994344940351
-0.9999897577269974
-0.9999814488005248
-0.9999666142648246
-0.9999402300660891
-0.9998932952443447
-0.999809759122708
-0.9996606894940337
-0.9993946286895701
-0.9989172219495771
-0.9980630668352232
-0.9965155957323009
-0.9937493606214867
-0.9886362058398197
-0.9796172010630979
-0.9621124054426751
-0.9328785884005184
-0.8683070812368334
-0.7788934973560566
-0.4986639028537615
-0.2984061047131835
1.375125234252291
0.9513118594407133
18.954027800520365
18.95864646968586
0.9517063824089391
1.3759541055639206
-0.29815842306014523
-0.4984385749288364
-0.778787765778864
-0.8682338223434778
-0.9328381425020091
-0.9620868236541029
-0.9796022310306116
-0.9886270206730841
-0.9937438720397563
-0.9965122617434676
-0.9980610600837518
-0.9989160076977188
-0.9993938968471816
-0.9996602482586474
-0.9998094941307676
-0.9998931367604094
-0.9999401360789566
-0.9999665592536131
-0.9999814172989296
-0.9999897402967448
-0.9999943357617682
-0.9999967464678721
-0.9999977793674659
-0.9999977793673304
-0.9999967464680893
-0.9999943357619008
-0.9999897402965997
-0.9999814172989846
-0.999966559253603
-0.9999401360791446
-0.9998931367604262
-0.999809494129985
-0.9996602482588864
-0.999393896846863
-0.9989160076985777
-0.9980610600830373
-0.9965122617438359
-0.9937438720402848
-0.9886270206727608
-0.9796022310302491
-0.9620868236547216
-0.932838142501464
-0.8682338223435015
-0.7787877657780737
-0.4984385749299613
-0.2981584230609704
1.3759541055640272
0.9517063824081398
18.958646469686613
18.96089483329729
0.9519001665701639
1.3763604995902243
-0.29803626580085063
-0.4983274555068482
-0.7787354158522587
-0.8681975116472657
-0.9328180368159489
-0.96207408549935
-0.979594758374809
-0.9886224261982673
-0.9937411197758657
-0.996510585644472
-0.9980600481523334
-0.998915393168232
-0.999393524702532
-0.9996600224282682
-0.9998093572168602
-0.999893053694043
-0.9999400856881908
-0.9999665286521802
-0.9999813986591735
-0.9999897288316384
-0.9999943285114595
-0.9999967415456961
-0.9999977754779279
-0.9999977754775258
-0.9999967415459499
-0.9999943285120534
-0.9999897288314834
-0.9999813986593791
-0.9999665286517454
-0.9999400856881857
-0.999893053694269
-0.9998093572161564
-0.9996600224294401
-0.9993935247023593
-0.9989153931685031
-0.9980600481514361
-0.996510585644887
-0.993741119776074
-0.9886224261977574
-0.9795947583746494
-0.9620740855000129
-0.932818036815517
-0.8681975116473253
-0.7787354158518103
-0.4983274555072524
-0.298036265801358
1.3763604995911465
0.9519001665707502
18.96089483329668
18.961992342156286
0.9519955138259716
1.3765601481966765
-0.2979759410745676
-0.49827258591986257
-0.7787094749188792
-0.8681795017875028
-0.9328080389131209
-0.9620677420425736
-0.9795910291141104
-0.9886201293488108
-0.9937397410564162
-0.9965097443447988
-0.9980595390672331
-0.9989150832276642
-0.999393336434117
-0.9996599077387727
-0.9998092873217959
-0.9998930109747212
-0.9999400594906924
-0.9999665124786465
-0.9999813885556681
-0.9999897223753789
-0.999994324201837
-0.9999967384231838
-0.9999977728824089
-0.9999977728819432
-0.9999967384235422
-0.9999943242022666
-0.9999897223752385
-0.9999813885554608
-0.999966512477541
-0.9999400594909619
-0.9998930109749959
-0.9998092873210536
-0.9996599077402366
-0.9993933364341041
-0.9989150832279616
-0.9980595390665805
-0.9965097443443143
-0.9937397410564
-0.9886201293478434
-0.9795910291146769
-0.9620677420432924
-0.9328080389126951
-0.8681795017877874
-0.7787094749182034
-0.4982725859199784
-0.2979759410741004
1.3765601481969991
0.9519955138263057
18.96199234215521
18.962529362373324
0.9520424998204738
1.3766584015465648
-0.29794611620352185
-0.49824545943923493
-0.7786966101553443
-0.868170562801473
-0.9328030652865622
-0.9620645823709711
-0.9795891680868842
-0.9886189814414665
-0.9937390508023205
-0.9965093224550268
-0.9980592833074982
-0.9989149272172775
-0.9993932414595674
-0.9996598497332805
-0.9998092518573747
-0.9998929892073705
-0.9999400460638649
-0.9999665041197467
-0.9999813832708562
-0.9999897189409366
-0.9999943218576353
-0.9999967366825326
-0.9999977714098061
-0.9999977714095526
-0.9999967366825355
-0.999994321857917
-0.9999897189406903
-0.9999813832709659
-0.9999665041190693
-0.9999400460641149
-0.9998929892070337
-0.9998092518570882
-0.9996598497341995
-0.9993932414598004
-0.9989149272177881
-0.9980592833072032
-0.9965093224541104
-0.9937390508023087
-0.9886189814407342
-0.979589168086827
-0.9620645823717386
-0.9328030652865562
-0.8681705628020563
-0.7786966101545008
-0.4982454594394536
-0.2979461162026792
1.3766584015470982
0.952042499819753
18.962529362372514
18.962792686033154
0.9520656862769803
1.3767068308995762
-0.2979313547645504
-0.4982320338850587
-0.7786902253221533
-0.8681661230214615
-0.932800589996728
-0.962063008080736
-0.9795882392967775
-0.9886184078049614
-0.9937387053394175
-0.9965091110068032
-0.9980591549259785
-0.9989148487840214
-0.9993931936293373
-0.9996598204655156
-0.9998092339224787
-0.9998929781693184
-0.9999400392310439
-0.9999664998461268
-0.9999813805517936
-0.9999897171586489
-0.999994320627881
-0.9999967357588777
-0.9999977706225123
-0.9999977706226189
-0.9999967357590616
-0.999994320628195
-0.9999897171580391
-0.9999813805516079
-0.9999664998456229
-0.9999400392311627
-0.999892978169695
-0.999809233922582
-0.9996598204662045
-0.9993931936295761
-0.9989148487842721
-0.9980591549255331
-0.9965091110062855
-0.9937387053398634
-0.9886184078051308
-0.9795882392960674
-0.9620630080816799
-0.9328005899971119
-0.8681661230213226
-0.7786902253217667
-0.49823203388522413
-0.2979313547641993
1.3767068309008368
0.9520656862763706
18.962792686033684
18.962922044947177
0.9520771425578276
1.376730735116381
-0.2979240416412934
-0.4982253826414503
-0.7786870542525955
-0.8681639164768299
-0.9327993575543374
-0.9620622234507714
-0.9795877756965552
-0.9886181211463018
-0.993738532470563
-0.9965090050679314
-0.998059090519174
-0.9989148093828639
-0.9993931695678651
-0.9996598057200887
-0.999809224871825
-0.9998929725881202
-0.9999400357679
-0.9999664976733524
-0.9999813791637889
-0.9999897162443447
-0.9999943199935042
-0.9999967352798695
-0.99999777021248
-0.9999977702123963
-0.9999967352793915
-0.9999943199932131
-0.9999897162438532
-0.9999813791642624
-0.9999664976731347
-0.9999400357686359
-0.9998929725881696
-0.999809224871745
-0.9996598057201426
-0.999393169567889
-0.9989148093826787
-0.998059090518868
-0.9965090050678723
-0.9937385324711845
-0.9886181211459799
-0.9795877756964897
-0.9620622234514931
-0.9327993575548701
-0.8681639164768353
-0.7786870542526162
-0.4982253826414351
-0.2979240416414556
1.376730735115956
0.9520771425570311
18.96292204494681
18.962985693507584
0.9520828090088391
1.3767425478297315
-0.2979204156101423
-0.49822208476853813
-0.7786854783966971
-0.868162819260031
-0.9327987437102532
-0.962061832292345
-0.9795875442705545
-0.9886179778990369
-0.9937384459811591
-0.9965089520065344
-0.9980590582217301
-0.9989147896020898
-0.9993931574736119
-0.9996597982987685
-0.9998092203101754
-0.9998929697708269
-0.999940034017
-0.9999664965724009
-0.999981378458858
-0.9999897157786333
-0.9999943196688845
-0.999996735034151
-0.9999977700011711
-0.9999977700009148
-0.9999967350335202
-0.9999943196686276
-0.9999897157782682
-0.9999813784590028
-0.999966496572398
-0.9999400340178073
-0.9998929697708678
-0.9998092203102339
-0.9996597982983493
-0.9993931574736188
-0.9989147896021426
-0.998059058221719
-0.9965089520069585
-0.9937384459816989
-0.9886179778988153
-0.9795875442703059
-0.9620618322913793
-0.9327987437102155
-0.8681628192602254
-0.7786854783973043
-0.49822208476894875
-0.2979204156109452
1.3767425478294166
0.9520828090080202
18.962985693511737
18.963017043290197
0.9520856133482496
1.3767483892797454
-0.2979186170742112
-0.49822044897323936
-0.7786846951516558
-0.8681622736034509
-0.9327984379865135
-0.962061637315792
-0.9795874287746349
-0.9886179063428745
-0.9937384027305861
-0.9965089254461814
-0.9980590420379281
-0.9989147796799545
-0.9993931514005172
-0.9996597945681658
-0.9998092180144734
-0.9998929683512272
-0.9999400331333542
-0.9999664960159795
-0.9999813781025617
-0.9999897155422006
-0.9999943195039931
-0.9999967349086947
-0.9999977698929587
-0.9999977698927525
-0.9999967349080778
-0.9999943195035937
-0.9999897155418922
-0.9999813781028266
-0.9999664960169818
-0.9999400331340025
-0.9998929683515663
-0.9998092180142464
-0.9996597945674417
-0.9993931514006689
-0.9989147796797447
-0.9980590420384778
-0.996508925446695
-0.9937384027308569
-0.9886179063430555
-0.9795874287737341
-0.9620616373149834
-0.9327984379865012
-0.8681622736033432
-0.7786846951518588
-0.49822044897304874
-0.29791861707416323
1.3767483892799488
0.9520856133483774
18.963017043288104
18.963032474441043
0.952086999711617
1.3767512750287048
-0.29791772613804907
-0.4982196386344133
-0.7786843064333386
-0.8681620026586057
-0.9327982859772102
-0.9620615402989143
-0.9795873712429667
-0.9886178706689426
-0.9937383811471072
-0.9965089121797032
-0.9980590339473152
-0.9989147747154172
-0.9993931483591296
-0.9996597926973718
-0.9998092168624055
-0.9998929676381888
-0.9999400326891582
-0.9999664957360415
-0.9999813779228466
-0.9999897154225947
-0.9999943194205825
-0.9999967348450731
-0.9999977698381781
-0.9999977698383995
-0.9999967348450822
-0.9999943194207851
-0.9999897154225093
-0.9999813779228297
-0.9999664957365262
-0.9999400326889306
-0.9998929676382291
-0.9998092168620364
-0.9996597926974584
-0.9993931483591356
-0.9989147747151816
-0.998059033947967
-0.9965089121802897
-0.9937383811470277
-0.9886178706687636
-0.9795873712422845
-0.9620615402984449
-0.9327982859771797
-0.8681620026588792
-0.7786843064340045
-0.4982196386343117
-0.29791772613804013
1.3767512750303421
0.9520869997138682
18.963032474440595
18.963040015319006
0.9520876798204335
1.376752689811258
-0.29791728828248115
-0.49821924037723386
-0.7786841150793442
-0.8681618692196148
-0.9327982110249836
-0.9620614924300981
-0.979587342829045
-0.9886178530370002
-0.9937383704702942
-0.996508905612266
-0.9980590299382675
-0.9989147722534397
-0.9993931468494861
-0.9996597917683345
-0.99980921629014
-0.9998929672828809
-0.9999400324678838
-0.9999664955962086
-0.9999813778327815
-0.9999897153629433
-0.9999943193785885
-0.9999967348133256
-0.9999977698107292
-0.9999977698111031
-0.9999967348133476
-0.9999943193785858
-0.999989715363223
-0.9999813778330764
-0.999966495596782
-0.9999400324668841
-0.9998929672825835
-0.999809216290042
-0.999659791768683
-0.9993931468490933
-0.9989147722542884
-0.9980590299383242
-0.9965089056126489
-0.993738370469861
-0.9886178530377571
-0.9795873428289572
-0.9620614924298876
-0.932798211025087
-0.8681618692193828
-0.7786841150800734
-0.4982192403786861
-0.2979172882838452
1.3767526898100764
0.9520876798183143
18.963040015320303
18.963043574062
0.9520880018140662
1.376753359296715
-0.2979170806702121
-0.49821905153454416
-0.7786840242222342
-0.8681618058366688
-0.9327981753877376
-0.962061469657885
-0.979587329301149
-0.9886178446374707
-0.9937383653803342
-0.9965089024791669
-0.9980590280249292
-0.998914771077506
-0.9993931461276173
-0.9996597913242433
-0.9998092160161633
-0.999892967112773
-0.9999400323619194
-0.9999664955292551
-0.9999813777893378
-0.9999897153340903
-0.9999943193583458
-0.9999967347976597
-0.9999977697972493
-0.9999977697982103
-0.9999967347979412
-0.9999943193581871
-0.9999897153345098
-0.9999813777886783
-0.9999664955293153
-0.99994003235991
-0.9998929671135514
-0.9998092160156427
-0.9996597913247476
-0.9993931461275758
-0.998914771078357
-0.9980590280239607
-0.9965089024793101
-0.9937383653794367
-0.9886178446381726
-0.9795873293003453
-0.9620614696585321
-0.932798175388732
-0.8681618058362996
-0.7786840242230868
-0.49821905153406476
-0.2979170806695367
1.3767533592961905
0.9520880018131632
18.963043574060848
18.963044988892086
0.9520881301141895
1.376753625964431
-0.29791699785869796
-0.4982189762081613
-0.7786839879469549
-0.8681617805236176
-0.9327981611464674
-0.9620614605541764
-0.9795873238902892
-0.9886178412765605
-0.993738363342801
-0.9965089012243973
-0.9980590272580873
-0.9989147706058567
-0.9993931458383547
-0.9996597911459663
-0.9998092159056734
-0.9998929670445127
-0.9999400323191818
-0.9999664955025367
-0.9999813777717682
-0.9999897153225621
-0.9999943193501795
-0.9999967347912875
-0.9999977697921265
-0.9999977697929467
-0.9999967347915966
-0.9999943193499762
-0.9999897153228465
-0.9999813777711257
-0.9999664955027708
-0.9999400323171226
-0.9998929670455166
-0.999809215905541
-0.99965979114683
-0.9993931458377845
-0.9989147706063798
-0.9980590272573121
-0.9965089012240181
-0.9937383633419312
-0.9886178412777469
-0.9795873238892079
-0.9620614605554778
-0.9327981611464488
-0.8681617805231583
-0.7786839879479992
-0.4982189762066516
-0.2979169978588479
1.3767536259641402
0.9520881301139841
18.963044988891987
18.96304498889198
0.95208813011429
1.3767536259649347
-0.29791699785842246
-0.49821897620810884
-0.7786839879471323
-0.8681617805238164
-0.9327981611469383
-0.9620614605542134
-0.9795873238904935
-0.9886178412769417
-0.9937383633428246
-0.9965089012246531
-0.9980590272578425
-0.9989147706058301
-0.9993931458381794
-0.9996597911456417
-0.9998092159054384
-0.9998929670445604
-0.9999400323194594
-0.9999664955024299
-0.9999813777714645
-0.9999897153225251
-0.9999943193498071
-0.99999673479132
-0.9999977697922001
-0.9999977697927833
-0.9999967347915037
-0.9999943193497471
-0.9999897153226645
-0.9999813777716928
-0.9999664955028752
-0.9999400323181037
-0.9998929670457549
-0.9998092159060088
-0.9996597911461342
-0.9993931458375184
-0.998914770606447
-0.9980590272574272
-0.9965089012244774
-0.9937383633425199
-0.9886178412768212
-0.9795873238897309
-0.9620614605547797
-0.9327981611465345
-0.8681617805236633
-0.7786839879471114
-0.49821897620730526
-0.29791699785748454
1.3767536259649957
0.9520881301155781
18.963044988892342
18.963043574063413
0.9520880018135351
1.3767533592968824
-0.2979170806711171
-0.4982190515348155
-0.778684024222441
-0.8681618058361681
-0.9327981753877717
-0.962061469657792
-0.9795873293019085
-0.98861784463834
-0.9937383653806144
-0.9965089024794325
-0.9980590280249082
-0.998914771077468
-0.999393146127475
-0.9996597913239
-0.9998092160154841
-0.9998929671128708
-0.9999400323616998
-0.9999664955283576
-0.9999813777889239
-0.9999897153338924
-0.9999943193580784
-0.9999967347975891
-0.9999977697972813
-0.9999977697975313
-0.9999967347970218
-0.9999943193579487
-0.999989715334214
-0.9999813777890967
-0.9999664955290517
-0.9999400323611508
-0.999892967113353
-0.9998092160159477
-0.9996597913240199
-0.9993931461278458
-0.9989147710774271
-0.9980590280241439
-0.9965089024796234
-0.9937383653805034
-0.9886178446384224
-0.9795873293018238
-0.9620614696584471
-0.9327981753874282
-0.8681618058357632
-0.778684024221908
-0.4982190515343218
-0.2979170806690695
1.3767533592972683
0.952088001815367
18.963043574059924
18.963040015320527
0.9520876798204705
1.3767526898124531
-0.29791728828281694
-0.49821924037768817
-0.7786841150801906
-0.8681618692199268
-0.932798211025073
-0.9620614924300797
-0.9795873428291988
-0.9886178530371047
-0.9937383704701139
-0.9965089056120101
-0.9980590299381542
-0.9989147722529111
-0.9993931468492495
-0.99965979176869
-0.9998092162897211
-0.9998929672830342
-0.9999400324672971
-0.999966495595606
-0.9999813778320159
-0.9999897153621383
-0.9999943193779663
-0.9999967348128262
-0.9999977698110969
-0.9999977698111577
-0.9999967348125975
-0.9999943193780823
-0.9999897153617313
-0.9999813778318555
-0.9999664955956855
-0.999940032467538
-0.9998929672833996
-0.9998092162897537
-0.9996597917683214
-0.9993931468491722
-0.9989147722525578
-0.9980590299385206
-0.9965089056124256
-0.9937383704701424
-0.9886178530371641
-0.9795873428284779
-0.9620614924300509
-0.9327982110245067
-0.8681618692202739
-0.7786841150808581
-0.4982192403778132
-0.2979172882834513
1.3767526898117985
0.9520876798210003
18.96304001532193
18.96303247443527
0.9520869997130166
1.376751275030143
-0.29791772613768847
-0.4982196386343569
-0.7786843064341125
-0.8681620026588035
-0.9327982859773711
-0.9620615402982433
-0.9795873712425185
-0.9886178706692306
-0.9937383811472436
-0.9965089121799999
-0.9980590339473525
-0.9989147747152349
-0.9993931483588316
-0.9996597926973343
-0.9998092168622157
-0.9998929676379504
-0.9999400326885994
-0.9999664957355392
-0.9999813779220649
-0.9999897154227566
-0.9999943194207717
-0.9999967348451139
-0.9999977698383146
-0.9999977698381142
-0.9999967348447297
-0.9999943194197721
-0.9999897154222618
-0.9999813779220675
-0.9999664957357178
-0.9999400326892622
-0.9998929676384347
-0.9998092168617081
-0.9996597926972064
-0.9993931483584599
-0.9989147747146336
-0.9980590339473803
-0.9965089121801838
-0.9937383811474919
-0.988617870669046
-0.9795873712429725
-0.9620615402982317
-0.9327982859770345
-0.8681620026589252
-0.7786843064348103
-0.4982196386349351
-0.2979177261388524
1.3767512750292967
0.9520869997133639
18.963032474435863
18.96301704329324
0.9520856133462674
1.3767483892801338
-0.29791861707482115
-0.49822044897265816
-0.7786846951516688
-0.8681622736032769
-0.9327984379864105
-0.962061637315855
-0.979587428774253
-0.988617906342941
-0.9937384027303986
-0.9965089254460263
-0.9980590420381609
-0.9989147796801056
-0.9993931514004208
-0.9996597945678862
-0.9998092180148174
-0.9998929683513071
-0.9999400331335874
-0.9999664960164283
-0.9999813781025351
-0.9999897155421561
-0.9999943195039571
-0.999996734908591
-0.9999977698932747
-0.9999977698933111
-0.9999967349082385
-0.999994319503431
-0.999989715541887
-0.9999813781027919
-0.99996649601629
-0.9999400331340258
-0.9998929683505762
-0.999809218014176
-0.9996597945677439
-0.9993931514005172
-0.9989147796801291
-0.9980590420385798
-0.996508925446616
-0.9937384027307901
-0.9886179063426523
-0.9795874287740594
-0.962061637315281
-0.9327984379869956
-0.8681622736037753
-0.7786846951519667
-0.4982204489731886
-0.29791861707361167
1.376748389280352
0.9520856133485089
18.96301704328871
18.962985693509516
0.9520828090061767
1.3767425478289572
-0.29792041561176885
-0.4982220847681937
-0.7786854783971412
-0.8681628192599049
-0.9327987437101128
-0.9620618322930505
-0.9795875442703221
-0.9886179778990012
-0.9937384459813596
-0.9965089520065048
-0.9980590582218691
-0.9989147896021849
-0.9993931574736679
-0.9996597982986536
-0.9998092203099689
-0.9998929697710175
-0.9999400340170651
-0.9999664965729573
-0.9999813784594109
-0.999989715778986
-0.9999943196692809
-0.9999967350337304
-0.9999977700008007
-0.9999977700007426
-0.9999967350335353
-0.999994319669149
-0.9999897157786479
-0.9999813784594698
-0.9999664965730708
-0.9999400340174962
-0.9998929697707675
-0.9998092203099964
-0.9996597982988698
-0.9993931574737083
-0.9989147896029931
-0.9980590582225748
-0.9965089520066873
-0.9937384459816139
-0.9886179778992497
-0.9795875442691111
-0.9620618322923047
-0.9327987437106737
-0.86816281925994
-0.7786854783969912
-0.49822208476909413
-0.29792041561159666
1.3767425478300352
0.9520828090079063
18.96298569351239
18.96292204494393
0.9520771425573405
1.3767307351160887
-0.29792404164214936
-0.4982253826407162
-0.778687054252776
-0.8681639164765343
-0.9327993575549087
-0.962062223450991
-0.9795877756962919
-0.9886181211461375
-0.9937385324701795
-0.9965090050677866
-0.9980590905192683
-0.9989148093833051
-0.9993931695686605
-0.9996598057201519
-0.9998092248720054
-0.9998929725881289
-0.9999400357675642
-0.9999664976732431
-0.9999813791641381
-0.9999897162445929
-0.9999943199936588
-0.9999967352799177
-0.9999977702121934
-0.9999977702120912
-0.9999967352796307
-0.9999943199939114
-0.9999897162445703
-0.9999813791649644
-0.9999664976735461
-0.9999400357679085
-0.9998929725878295
-0.9998092248716923
-0.9996598057208332
-0.9993931695683069
-0.9989148093840393
-0.9980590905191828
-0.9965090050669472
-0.9937385324707682
-0.988618121145852
-0.979587775695324
-0.9620622234522834
-0.9327993575547258
-0.8681639164767447
-0.7786870542519527
-0.49822538264138827
-0.29792404164087943
1.3767307351160434
0.952077142556942
18.9629220449435
18.96279268602982
0.9520656862788579
1.3767068309017336
-0.2979313547639487
-0.4982320338846741
-0.7786902253228711
-0.8681661230218866
-0.9328005899969989
-0.9620630080799233
-0.9795882392960946
-0.9886184078047432
-0.993738705339005
-0.9965091110066502
-0.9980591549262956
-0.9989148487842999
-0.9993931936297794
-0.9996598204651699
-0.9998092339230787
-0.999892978169414
-0.9999400392312936
-0.9999664998465313
-0.9999813805523632
-0.9999897171587364
-0.9999943206275946
-0.9999967357589117
-0.9999977706226351
-0.9999977706224847
-0.9999967357596659
-0.9999943206289328
-0.9999897171584464
-0.9999813805518761
-0.9999664998451931
-0.9999400392310456
-0.9998929781694234
-0.999809233922956
-0.9996598204663636
-0.9993931936297691
-0.9989148487843613
-0.9980591549253551
-0.9965091110060363
-0.9937387053395936
-0.9886184078037663
-0.9795882392961504
-0.9620630080812733
-0.9328005899967999
-0.8681661230220227
-0.7786902253218039
-0.4982320338860564
-0.2979313547637759
1.376706830899571
0.9520656862774706
18.96279268603169
18.962529362369786
0.9520424998242212
1.3766584015480574
-0.29794611620290856
-0.4982454594388539
-0.7786966101553692
-0.8681705628016435
-0.9328030652866803
-0.9620645823708736
-0.9795891680868216
-0.9886189814410453
-0.9937390508023245
-0.9965093224548563
-0.998059283308109
-0.9989149272174743
-0.9993932414596893
-0.9996598497335173
-0.9998092518571635
-0.9998929892075694
-0.9999400460635743
-0.9999665041197754
-0.9999813832712313
-0.9999897189411033
-0.9999943218577279
-0.9999967366829319
-0.9999977714100993
-0.9999977714095181
-0.9999967366829611
-0.9999943218581464
-0.9999897189407084
-0.9999813832711149
-0.9999665041196084
-0.9999400460640953
-0.9998929892077623
-0.9998092518569536
-0.9996598497339619
-0.9993932414591691
-0.9989149272175037
-0.9980592833072813
-0.9965093224545488
-0.9937390508023458
-0.9886189814407215
-0.9795891680874635
-0.9620645823717555
-0.9328030652863574
-0.8681705628014291
-0.7786966101542776
-0.49824545943921345
-0.2979461162028723
1.3766584015471337
0.9520424998227333
18.962529362368862
18.96199234215257
0.9519955138275543
1.3765601481956231
-0.2979759410756614
-0.49827258592037516
-0.7787094749183759
-0.8681795017864957
-0.9328080389126774
-0.962067742042775
-0.9795910291147321
-0.988620129349596
-0.9937397410567486
-0.996509744344882
-0.9980595390667453
-0.998915083227415
-0.999393336433878
-0.999659907738905
-0.9998092873214339
-0.9998930109749147
-0.9999400594913016
-0.9999665124795503
-0.9999813885557292
-0.9999897223752472
-0.9999943242015645
-0.999996738422964
-0.9999977728819909
-0.9999977728819481
-0.9999967384234878
-0.9999943242020838
-0.9999897223750573
-0.9999813885558302
-0.9999665124784387
-0.9999400594913379
-0.9998930109754831
-0.9998092873213136
-0.999659907739848
-0.9993933364340054
-0.9989150832278837
-0.9980595390663107
-0.9965097443444259
-0.9937397410566772
-0.9886201293487373
-0.9795910291144939
-0.9620677420432182
-0.9328080389122754
-0.8681795017876053
-0.7787094749178994
-0.4982725859195552
-0.29797594107349135
1.3765601481980967
0.9519955138285301
18.96199234215416
18.96089483330085
0.9519001665745447
1.3763604995917298
-0.29803626579994424
-0.4983274555068562
-0.7787354158523843
-0.8681975116467996
-0.9328180368155948
-0.9620740854992025
-0.9795947583745612
-0.9886224261982639
-0.993741119776405
-0.9965105856449523
-0.9980600481516704
-0.9989153931676866
-0.9993935247019816
-0.9996600224282814
-0.9998093572178943
-0.9998930536941463
-0.9999400856886902
-0.9999665286515164
-0.9999813986583919
-0.9999897288309612
-0.999994328511471
-0.9999967415460722
-0.9999977754781789
-0.9999977754777561
-0.9999967415460904
-0.999994328511488
-0.9999897288312387
-0.9999813986589938
-0.9999665286518218
-0.9999400856889815
-0.9998930536938513
-0.9998093572166245
-0.9996600224289494
-0.9993935247015868
-0.9989153931686328
-0.9980600481511732
-0.9965105856451661
-0.9937411197763069
-0.9886224261986797
-0.9795947583746187
-0.9620740854999148
-0.9328180368154386
-0.868197511647147
-0.7787354158507153
-0.4983274555074632
-0.29803626580050163
1.376360499592244
0.9519001665727191
18.960894833296706
18.95864646968053
0.9517063824114097
1.3759541055633449
-0.2981584230604254
-0.4984385749293335
-0.7787877657789403
-0.8682338223431794
-0.9328381425016583
-0.9620868236544615
-0.979602231030924
-0.9886270206733917
-0.9937438720400644
-0.9965122617431204
-0.9980610600832562
-0.9989160076974251
-0.9993938968472909
-0.99966024825864
-0.9998094941307761
-0.9998931367599591
-0.9999401360789479
-0.9999665592533136
-0.9999814172985468
-0.9999897402966289
-0.999994335761834
-0.9999967464678642
-0.9999977793670518
-0.9999977793675485
-0.9999967464677667
-0.9999943357611739
-0.9999897402966065
-0.9999814172982322
-0.9999665592531917
-0.999940136078602
-0.9998931367603032
-0.999809494130542
-0.9996602482591298
-0.9993938968464986
-0.9989160076977279
-0.9980610600827811
-0.9965122617441667
-0.9937438720401914
-0.9886270206730674
-0.97960223102978
-0.9620868236538734
-0.9328381425014473
-0.8682338223426458
-0.7787877657789963
-0.49843857493050236
-0.2981584230608688
1.37595410556506
0.951706382409199
18.95864646968163
18.954027800521445
0.9513118594413346
1.375125234251405
-0.29840610471264134
-0.49866390285294937
-0.778893497356315
-0.8683070812369595
-0.9328785884001538
-0.9621124054426429
-0.9796172010638766
-0.988636205839873
-0.9937493606207501
-0.996515595731903
-0.9980630668352712
-0.9989172219487967
-0.999394628690127
-0.9996606894946315
-0.999809759123609
-0.9998932952445498
-0.9999402300657945
-0.999966614264495
-0.9999814487995464
-0.9999897577267769
-0.9999943449404838
-0.9999967510972632
-0.999997781980908
-0.9999977819806412
-0.9999967510966254
-0.9999943449397253
-0.9999897577267728
-0.9999814487995464
-0.9999666142650554
-0.9999402300660625
-0.9998932952444788
-0.9998097591227022
-0.9996606894936051
-0.9993946286891764
-0.9989172219488549
-0.9980630668352838
-0.9965155957325129
-0.9937493606209676
-0.9886362058395685
-0.9796172010633251
-0.9621124054426117
-0.9328785884001033
-0.868307081236498
-0.7788934973584162
-0.4986639028536285
-0.29840610471352647
1.3751252342520264
0.9513118594429938
18.954027800520414
18.94450981417224
0.9505071190211625
1.3734308876984596
-0.29890898808814304
-0.49912147352556124
-0.779107223608883
-0.8684549835552633
-0.9329599696021251
-0.9621637752597263
-0.9796471732592471
-0.9886545484084417
-0.9937602861401144
-0.996522209023988
-0.9980670295893153
-0.9989196057800992
-0.9993960536135946
-0.9996615381189269
-0.9998102590755863
-0.9998935849927025
-0.9999403928377519
-0.9999667004954587
-0.9999814889768242
-0.9999897704064067
-0.999994341531161
-0.9999967388352087
-0.9999977658003372
-0.9999977658001054
-0.9999967388354025
-0.9999943415309961
-0.9999897704064584
-0.9999814889765086
-0.999966700495761
-0.9999403928374508
-0.9998935849922528
-0.9998102590756108
-0.9996615381188619
-0.9993960536134237
-0.9989196057799996
-0.9980670295895646
-0.9965222090244934
-0.9937602861405865
-0.9886545484083247
-0.9796471732589306
-0.9621637752596675
-0.9329599696019579
-0.8684549835556765
-0.7791072236103753
-0.49912147352454733
-0.2989089880886888
1.3734308876988885
0.9505071190249994
18.944509814172275
18.924822587978923
0.9488621085349325
1.3699584459514442
-0.2999315584458657
-0.5000520981206091
-0.7795396100313498
-0.8687537575811486
-0.9331237167707949
-0.9622668789810925
-0.9797071103025065
-0.9886911023104101
-0.9937819616278849
-0.9965352586915681
-0.9980747910176675
-0.9989242254709778
-0.9993987704062401
-0.9996631143863055
-0.999811147222847
-0.9998940594597865
-0.9999406181359743
-0.9999667760308001
-0.99998147466794
-0.9999897026064473
-0.9999942425183304
-0.9999966226850723
-0.999997642076977
-0.9999976420775873
-0.9999966226848471
-0.9999942425180197
-0.9999897026069946
-0.999981474668079
-0.9999667760324157
-0.9999406181358306
-0.999894059459733
-0.999811147223691
-0.9996631143856494
-0.9993987704069898
-0.9989242254703805
-0.9980747910183494
-0.9965352586918081
-0.9937819616284156
-0.9886911023110212
-0.9797071103026778
-0.9622668789813174
-0.9331237167705522
-0.8687537575812058
-0.7795396100316905
-0.5000520981203358
-0.29993155844646363
1.3699584459513379
0.9488621085383625
18.924822587973566
18.883921709090878
0.945491351231716
1.3628207037184417
-0.30201427953325644
-0.5019480155363925
-0.7804150448442491
-0.8693575429237088
-0.9334530573818081
-0.9624735687522525
-0.979826683549844
-0.9887636566449693
-0.9938246836429697
-0.9965607398125986
-0.9980897347708015
-0.9989329282099972
-0.9994037050735852
-0.9996657977312038
-0.9998124767135572
-0.9998945777245266
-0.9999406494374531
-0.9999665156445372
-0.9999810398941597
-0.99998916435611
-0.9999936440758135
-0.9999959912806277
-0.999996996133709
-0.9999969961342727
-0.9999959912809651
-0.9999936440759878
-0.9999891643558494
-0.9999810398937579
-0.9999665156447117
-0.9999406494373897
-0.9998945777248271
-0.9998124767151244
-0.9996657977308783
-0.999403705074583
-0.998932928209568
-0.9980897347715046
-0.9965607398122024
-0.9938246836415288
-0.9887636566445126
-0.9798266835490921
-0.9624735687528698
-0.9334530573816548
-0.8693575429242324
-0.7804150448441234
-0.5019480155354292
-0.3020142795331856
1.362820703718759
0.9454913512343157
18.883921709090593
18.798498372816105
0.9385655628667529
1.348097592200816
-0.30626387459094734
-0.5058173817429028
-0.7821886109169176
-0.8705777035170974
-0.9341146333168076
-0.96288681743693
-0.9800640665863067
-0.9889064901383029
-0.9939077413775543
-0.9966093724218821
-0.9981174053084775
-0.9989482271362884
-0.9994115627009688
-0.999669225717511
-0.9998132512057989
-0.9998937683895135
-0.99993889316172
-0.9999641944317788
-0.9999783822980868
-0.9999863079469193
-0.9999906724422041
-0.9999929567428903
-0.9999939339091781
-0.9999939339101177
-0.9999929567436577
-0.9999906724421569
-0.9999863079471192
-0.9999783822977599
-0.9999641944313564
-0.9999388931615216
-0.9998937683892114
-0.999813251207205
-0.9996692257172932
-0.9994115627010358
-0.9989482271352124
-0.9981174053081225
-0.9966093724207052
-0.9939077413771995
-0.988906490139799
-0.980064066587372
-0.9628868174373921
-0.9341146333164688
-0.8705777035171894
-0.7821886109158733
-0.505817381742389
-0.30626387459168725
1.3480975921978755
0.938565562864532
18.798498372817306
18.618928494774593
0.9242911771101194
1.3176024663764343
-0.3149518356202308
-0.5137287669559714
-0.7857826260822335
-0.8730412221702195
-0.9354395943144158
-0.9637082638839591
-0.9805303996594165
-0.9891826718693089
-0.9940642511619338
-0.9966972278346871
-0.9981636446173506
-0.9989700043744267
-0.9994186928364279
-0.999667674341258
-0.9998065232489746
-0.9998839647062733
-0.9999272592660217
-0.9999514738197857
-0.9999650177112714
-0.999972564518544
-0.9999767104022443
-0.999978875791881
-0.9999798007490065
-0.9999798007499826
-0.9999788757918153
-0.9999767104024888
-0.9999725645189887
-0.9999650177114976
-0.9999514738196369
-0.9999272592652474
-0.9998839647055499
-0.9998065232496394
-0.9996676743404851
-0.9994186928373148
-0.9989700043741709
-0.9981636446171107
-0.9966972278342965
-0.994064251161061
-0.9891826718700782
-0.980530399659197
-0.9637082638842209
-0.935439594315293
-0.8730412221703274
-0.7857826260817442
-0.5137287669549261
-0.3149518356183193
1.317602466375595
0.9242911771071624
18.618928494777762
18.238372412621192
0.8947656307780576
1.2541257612411183
-0.3327521396954262
-0.529931472298909
-0.7930607068239326
-0.8780002966857002
-0.9380741903519317
-0.9653196050967381
-0.9814244303848718
-0.9896940986046696
-0.9943363004310152
-0.9968325255465262
-0.9982165088656847
-0.9989746412779748
-0.9993946101941147
-0.9996266563671412
-0.9997554628998004
-0.9998269700509397
-0.9998667533855772
-0.9998888948786863
-0.9999012172931081
-0.9999080494893309
-0.9999117851228152
-0.9999137283220456
-0.9999145560127305
-0.9999145560128168
-0.9999137283223624
-0.9999117851230737
-0.9999080494893349
-0.9999012172924808
-0.9998888948786855
-0.9998667533852422
-0.9998269700504344
-0.9997554629001868
-0.9996266563667757
-0.9993946101942525
-0.9989746412771985
-0.9982165088659745
-0.9968325255469004
-0.9943363004307028
-0.9896940986059577
-0.9814244303846387
-0.965319605097211
-0.9380741903520885
-0.8780002966850131
-0.7930607068247169
-0.5299314722996573
-0.3327521396953755
1.2541257612396473
0.8947656307755045
18.23837241262199
17.423355047085145
0.8334334628718187
1.1211950425356976
-0.36930822355538534
-0.5631464100208862
-0.8077532673658425
-0.8879026172850291
-0.9432209205448395
-0.9683787102462496
-0.9830333037287424
-0.9905320601894025
-0.9946956818688871
-0.9969197626717571
-0.998140841291915
-0.9988041978745181
-0.9991681063077129
-0.9993673002040431
-0.9994767574981878
-0.9995369065130866
-0.9995700157144655
-0.9995882437307718
-0.9995982761241049
-0.9996037774793202
-0.9996067538116286
-0.9996082879052895
-0.9996089371374697
-0.9996089371374841
-0.9996082879058104
-0.9996067538119273
-0.9996037774791207
-0.9995982761237303
-0.9995882437311902
-0.9995700157147891
-0.9995369065122848
-0.9994767574986484
-0.9993673002034005
-0.9991681063073017
-0.9988041978751163
-0.998140841293082
-0.9969197626725192
-0.9946956818698186
-0.9905320601897517
-0.9830333037272319
-0.9683787102460001
-0.9432209205445027
-0.8879026172853364
-0.8077532673663687
-0.5631464100208949
-0.36930822355349413
1.1211950425369095
0.8334334628740876
17.42335504708146
15.652950777844918
0.7053211840563305
0.8407250598234676
-0.4445572114384643
-0.6311413497965354
-0.8371165543320015
-0.9072470151003872
-0.9528031151102951
-0.9736715930703812
-0.9853872916909545
-0.9913277775867416
-0.9945341658278133
-0.996216803503901
-0.9971166858681257
-0.9975944720652952
-0.997849549529194
-0.9979854666401944
-0.9980579720393663
-0.9980966101977249
-0.9981171876773518
-0.9981281297666909
-0.998133934695052
-0.9981369992179072
-0.9981385956697113
-0.9981393909615125
-0.9981397192982258
-0.9981397192981747
-0.9981393909617837
-0.9981385956697384
-0.9981369992177166
-0.9981339346954599
-0.998128129767357
-0.9981171876771554
-0.9980966101970892
-0.998057972039061
-0.9979854666395986
-0.997849549529722
-0.9975944720668013
-0.9971166858680859
-0.996216803503874
-0.9945341658281485
-0.9913277775861712
-0.9853872916898863
-0.9736715930707658
-0.9528031151100553
-0.9072470151000213
-0.8371165543317342
-0.6311413497979776
-0.44455721143777727
0.8407250598244023
0.7053211840640117
15.652950777839026
11.728172934159486
0.43532575896354936
0.24345680605694583
-0.5995784644877848
-0.7691027877251977
-0.8939360362131095
-0.9426300191529956
-0.9680152463403187
-0.9799594870408305
-0.9856881328824718
-0.9884600592734317
-0.9897482726484763
-0.9903533967266847
-0.9906217462582896
-0.9907380467817086
-0.99078349837439
-0.9907987874811531
-0.9908016213398523
-0.9908001325789483
-0.9907975853078916
-0.9907952247192062
-0.9907933913723095
-0.990792096617453
-0.9907912470257347
-0.9907907425973101
-0.9907905093188508
-0.9907905093183698
-0.9907907425975598
-0.9907912470254814
-0.9907920966174004
-0.9907933913722993
-0.9907952247196938
-0.9907975853078339
-0.9908001325785718
-0.9908016213395106
-0.9907987874798123
-0.9907834983742827
-0.9907380467817677
-0.9906217462581983
-0.9903533967267915
-0.9897482726500306
-0.988460059273284
-0.9856881328808684
-0.9799594870403721
-0.9680152463388833
-0.9426300191527345
-0.8939360362143026
-0.7691027877270431
-0.5995784644890683
0.2434568060576709
0.4353257589678153
11.728172934158692
2.7446628374790585
-0.14485286895464267
-1.0421284937657767
-0.9160414662783989
-1.039169247917644
-0.9914139756970206
-0.9923755774633949
-0.9755245550152827
-0.9685167260999616
-0.9619293527460997
-0.9582021052467982
-0.9556364306371764
-0.9540990643934221
-0.9531324011853719
-0.9525509896799973
-0.9521978840850087
-0.9519869616779888
-0.9518609848704535
-0.9517863091118662
-0.9517421490070428
-0.9517161586987359
-0.9517009263233134
-0.9516920741157858
-0.9516870289845822
-0.9516843148169771
-0.9516831323953562
-0.9516831323949402
-0.9516843148173898
-0.9516870289841917
-0.9516920741157123
-0.9517009263235275
-0.9517161586982211
-0.9517421490072117
-0.9517863091120009
-0.951860984870163
-0.9519869616779699
-0.9521978840854646
-0.9525509896796174
-0.9531324011844483
-0.9540990643932357
-0.9556364306366671
-0.9582021052457235
-0.9619293527459742
-0.9685167261016766
-0.9755245550156564
-0.9923755774643718
-0.99141397569618
-1.0391692479165076
-0.9160414662768045
-1.0421284937661175
-0.14485286895521687
2.7446628374794195
-19.025116111528313
-1.4602571401073474
-3.8282114294647522
-1.51795228573613
-1.4872735572078701
-1.0621805508805595
-0.9499979388128952
-0.842391614622813
-0.793957616375271
-0.76166015704519
-0.7444779757547468
-0.7341607050733895
-0.728384515055502
-0.725028631968414
-0.723121653965596
-0.7220258426279568
-0.7214006758721874
-0.7210428559409527
-0.7208385623962966
-0.7207218393864575
-0.7206552424552729
-0.7206173001585897
-0.7205958011831338
-0.7205838146488448
-0.7205774784485096
-0.7205747500088857
-0.7205747500091129
-0.72057747844953
-0.7205838146485352
-0.7205958011833147
-0.7206173001587899
-0.7206552424542059
-0.7207218393864274
-0.7208385623960082
-0.7210428559414239
-0.721400675872256
-0.7220258426281239
-0.7231216539650376
-0.7250286319679238
-0.7283845150557633
-0.7341607050732157
-0.7444779757549445
-0.7616601570459482
-0.7939576163767392
-0.8423916146219292
-0.9499979388121442
-1.0621805508790318
-1.4872735572075044
-1.5179522857379089
-3.82821142946678
-1.460257140112867
-19.025116111527964
-78.45431498298544
-4.880274723999329
-9.626957390696797
-2.0476311579840027
-1.403335609292611
-0.09427099736257108
0.31023246579492114
0.6230705351365339
0.7658095811326668
0.8532419245231029
0.8987367596170595
0.9247828677337415
0.9389624065097814
0.9469299978038563
0.9513408019113345
0.9538098071393496
0.9551865917427178
0.9559576882611359
0.9563893560016946
0.9566314892190404
0.9567673192877465
0.9568435020127481
0.9568860586951439
0.9569094902159314
0.9569217513177236
0.9569269953870327
0.9569269953853607
0.956921751316059
0.956909490214414
0.956886058695643
0.9568435020154604
0.9567673192875972
0.9566314892207175
0.9563893560018233
0.9559576882606394
0.955186591740059
0.9538098071368291
0.9513408019083196
0.9469299978047647
0.9389624065114344
0.924782867739532
0.8987367596158934
0.8532419245218456
0.7658095811328077
0.6230705351337431
0.3102324657961845
-0.09427099736394795
-1.4033356092894298
-2.0476311579839157
-9.626957390701296
-4.880274723999257
-78.454314982986
-308.98073322208455
-13.466797107034505
-13.628713294049701
11.623777858352986
15.421493005805202
19.510071855024165
20.884497278867414
21.792585912936207
22.20439376420059
22.4403509202793
22.560224372733842
22.6262883238593
22.661397594115844
22.68061488525838
22.69103514006533
22.696752355992103
22.699885710434565
22.701612535640123
22.702565333965254
22.703092683470004
22.703384926634556
22.70354701167251
22.70363664357918
22.703685558582606
22.703710971518873
22.703721788551995
22.703721788524795
22.70371097151638
22.703685558607642
22.703636643587586
22.70354701166464
22.70338492661653
22.70309268347089
22.702565333957715
22.701612535629593
22.699885710445812
22.696752356004083
22.691035140038963
22.68061488526648
22.661397594096925
22.626288323876288
22.560224372731827
22.440350920276913
22.20439376423472
21.792585912912198
20.88449727886601
19.510071854997655
15.421493005808003
11.623777858365289
-13.628713294072309
-13.466797106998907
-308.98073322209314