-70.97930920554822
3.836682910344387
2.57702560237977
8.268496314249756
8.571989634042676
9.332619762027273
9.478744561007158
9.621918345776288
9.668704757420915
9.701506983328095
9.714398402429257
9.720763323461995
9.720763323462105
9.714398402430305
9.701506983328397
9.668704757420873
9.62191834577468
9.478744561006794
9.332619762027061
8.571989634043813
8.268496314250562
2.57702560237893
3.8366829103441793
-70.97930920554803
-2.9090676648315075
-1.6248155253097387
-1.1666937722170931
-0.7199068678636507
-0.325665111076643
-0.21621424387395582
-0.0971371211303341
-0.06639620778837216
-0.034464877614117415
-0.025419953211144233
-0.017392288403158433
-0.015404100382471766
-0.015404100382500454
-0.01739228840326037
-0.025419953211104036
-0.03446487761418918
-0.06639620778851395
-0.09713712113032807
-0.2162142438740513
-0.32566511107681406
-0.7199068678636384
-1.1666937722169917
-1.624815525309796
-2.9090676648320213
2.745778036472897
-0.6030325155095329
-0.8692112784823379
-0.8601561926610363
-0.8887533660327204
-0.8329318607207048
-0.8305002051262249
-0.8094783265996088
-0.806901891580553
-0.800344330549426
-0.7993525388955078
-0.797906273997401
-0.7979062739974162
-0.7993525388954903
-0.8003443305494885
-0.8069018915805579
-0.8094783265996348
-0.8305002051262469
-0.8329318607207841
-0.8887533660327833
-0.8601561926609598
-0.8692112784823703
-0.6030325155095024
2.7457780364729767
6.071205354482148
-0.3801102990145434
-0.3676554917015814
-0.841031373308047
-0.8706059120814527
-0.9296190009490986
-0.9343627898966782
-0.9442430433253638
-0.9440621310118229
-0.9460381255832189
-0.9456640702084873
-0.9460124558423523
-0.9460124558423246
-0.94566407020846
-0.9460381255831524
-0.9440621310119153
-0.9442430433254054
-0.9343627898967022
-0.9296190009490981
-0.870605912081482
-0.8410313733079171
-0.3676554917015664
-0.380110299014667
6.0712053544820375
7.251990069440469
-0.24292126585779295
-0.17992067156180191
-0.779192582248346
-0.8485851115353917
-0.9302743777591814
-0.9552159484191581
-0.9700129696416919
-0.9771174822116135
-0.98020444049727
-0.9820426513444125
-0.9825871759748561
-0.9825871759747924
-0.9820426513443
-0.9802044404972597
-0.9771174822116286
-0.9700129696417308
-0.9552159484191756
-0.9302743777591176
-0.8485851115352845
-0.7791925822482384
-0.17992067156187652
-0.24292126585787394
7.251990069440671
7.858464295520865
-0.18486067586255028
-0.07279237603654481
-0.7502255959341302
-0.824768124533435
-0.9261523433110481
-0.9551602218448596
-0.9762520128300225
-0.984769978752683
-0.9899374351491863
-0.9921502398867579
-0.9931875107142558
-0.9931875107141882
-0.9921502398866233
-0.9899374351491417
-0.9847699787527103
-0.9762520128300871
-0.9551602218448803
-0.9261523433109674
-0.8247681245332952
-0.7502255959340328
-0.07279237603658638
-0.18486067586273458
7.858464295520855
8.136405540979545
-0.15406582813125402
-0.02274669380947543
-0.7323162165583234
-0.8125060593248754
-0.9208352282504233
-0.9536855703393277
-0.976701547366767
-0.9868369810522266
-0.9925565119567068
-0.9953162226627991
-0.9964696485183817
-0.9964696485182969
-0.9953162226627259
-0.9925565119565833
-0.9868369810522932
-0.9767015473668694
-0.9536855703393758
-0.9208352282503621
-0.8125060593248359
-0.7323162165581842
-0.02274669380945862
-0.15406582813141897
8.136405540979656
8.278511543074394
-0.13901985641446937
0.0038611007262989564
-0.7232867954579785
-0.80510534099167
-0.9177673614240053
-0.951955099542205
-0.9764102712952992
-0.9870911788265386
-0.9933176412050586
-0.9962492742348557
-0.9975283166970363
-0.9975283166969575
-0.9962492742347957
-0.9933176412050564
-0.9870911788265839
-0.9764102712953999
-0.9519550995422512
-0.9177673614239611
-0.8051053409915918
-0.7232867954579694
0.0038611007261999744
-0.1390198564145344
8.278511543074602
8.34895312575923
-0.13114957419675338
0.017235704185292546
-0.7183075643096184
-0.8012352872676136
-0.9158326616640281
-0.9508970932609948
-0.9759518339214195
-0.9870265105961913
-0.9934508062845419
-0.9965219479577099
-0.9978476503870612
-0.9978476503870828
-0.996521947957695
-0.9934508062845464
-0.987026510596225
-0.9759518339215072
-0.950897093260977
-0.9158326616640247
-0.8012352872676394
-0.7183075643095655
0.017235704185303402
-0.13114957419689963
8.348953125759358
8.384945759909307
-0.1271646418501978
0.024208700677676498
-0.7157432652897338
-0.7991139297730425
-0.914784549238967
-0.9502311152211749
-0.975645869674313
-0.9868897027533086
-0.993444183831562
-0.9965735861354427
-0.9979322411762683
-0.997932241176268
-0.9965735861355061
-0.9934441838316148
-0.9868897027532983
-0.9756458696742869
-0.9502311152211418
-0.9147845492390051
-0.7991139297731907
-0.7157432652896885
0.02420870067776269
-0.12716464185013815
8.38494575990922
8.40246036556077
-0.1251786566698686
0.02763365937976873
-0.7144350887226585
-0.798050900510866
-0.9142223339134208
-0.9498780337865094
-0.9754554441128205
-0.9867960296797227
-0.9934076167972573
-0.9965720990668379
-0.9979449127524433
-0.9979449127524631
-0.9965720990669256
-0.9934076167973753
-0.9867960296796525
-0.9754554441127355
-0.9498780337864452
-0.9142223339134445
-0.7980509005109714
-0.7144350887227298
0.02763365937972815
-0.12517865666979072
8.402460365560813
8.409662779179971
-0.12436407152751935
0.02905551646014654
-0.7138947718965472
-0.7976004909151553
-0.9139858009224374
-0.9497213624396668
-0.9753708192201243
-0.9867479933416248
-0.9933859382629817
-0.9965634836339214
-0.9979430370194744
-0.997943037019491
-0.996563483634052
-0.9933859382630312
-0.9867479933415693
-0.9753708192200234
-0.9497213624395127
-0.9139858009224288
-0.7976004909152825
-0.7138947718966306
0.02905551646018887
-0.12436407152739903
8.409662779179893
8.409662779179685
-0.12436407152756786
0.029055516460041477
-0.7138947718966011
-0.7976004909152106
-0.9139858009224735
-0.9497213624396711
-0.9753708192200496
-0.9867479933416206
-0.993385938262881
-0.9965634836338364
-0.9979430370193871
-0.9979430370193958
-0.9965634836339603
-0.9933859382629264
-0.9867479933415566
-0.9753708192199404
-0.9497213624396279
-0.9139858009224902
-0.7976004909153174
-0.7138947718966258
0.029055516460242514
-0.1243640715274189
8.409662779179499
8.402460365560728
-0.12517865666988587
0.02763365937981074
-0.7144350887226194
-0.7980509005108324
-0.914222333913359
-0.9498780337864352
-0.9754554441126586
-0.9867960296795892
-0.9934076167970899
-0.996572099066718
-0.9979449127523047
-0.9979449127523616
-0.9965720990667969
-0.9934076167971875
-0.9867960296795131
-0.9754554441125973
-0.9498780337863774
-0.9142223339133846
-0.7980509005109466
-0.7144350887226838
0.027633659379764697
-0.12517865666986158
8.402460365560845
8.384945759909343
-0.12716464185027632
0.02420870067769217
-0.7157432652897824
-0.7991139297731573
-0.9147845492391289
-0.950231115221285
-0.9756458696743311
-0.9868897027532857
-0.9934441838315013
-0.996573586135451
-0.9979322411762905
-0.9979322411763251
-0.9965735861354861
-0.9934441838315452
-0.9868897027532844
-0.9756458696743663
-0.9502311152212706
-0.9147845492391176
-0.7991139297732464
-0.7157432652897509
0.024208700677697696
-0.12716464185016263
8.384945759909547
8.348953125759806
-0.13114957419683104
0.01723570418525897
-0.7183075643096273
-0.801235287267616
-0.9158326616641428
-0.9508970932610139
-0.9759518339215094
-0.9870265105961592
-0.9934508062846208
-0.996521947957752
-0.9978476503872387
-0.9978476503871359
-0.9965219479577692
-0.9934508062845637
-0.987026510596251
-0.975951833921546
-0.9508970932611325
-0.9158326616640758
-0.8012352872676328
-0.7183075643095351
0.017235704185366046
-0.13114957419699044
8.348953125759529
8.278511543074822
-0.13901985641446934
0.0038611007263255103
-0.723286795458038
-0.8051053409917532
-0.917767361424163
-0.9519550995423431
-0.9764102712954461
-0.987091178826676
-0.9933176412052398
-0.9962492742350622
-0.9975283166972375
-0.9975283166972249
-0.9962492742349616
-0.9933176412051937
-0.9870911788267034
-0.9764102712955356
-0.9519550995423116
-0.9177673614241022
-0.8051053409915945
-0.7232867954580766
0.003861100726280386
-0.1390198564146061
8.278511543074998
8.136405540979663
-0.1540658281314484
-0.02274669380955624
-0.732316216558319
-0.8125060593249804
-0.9208352282505402
-0.9536855703394068
-0.9767015473668219
-0.9868369810523314
-0.9925565119566934
-0.9953162226628491
-0.9964696485184621
-0.9964696485183671
-0.9953162226627548
-0.9925565119566481
-0.986836981052349
-0.9767015473668426
-0.9536855703394126
-0.9208352282504819
-0.8125060593248582
-0.7323162165582409
-0.022746693809570277
-0.15406582813145758
8.136405540979938
7.858464295520724
-0.1848606758624125
-0.07279237603653313
-0.7502255959340687
-0.8247681245333017
-0.9261523433108875
-0.9551602218446742
-0.9762520128298204
-0.9847699787524697
-0.9899374351490158
-0.9921502398865378
-0.9931875107140276
-0.9931875107139275
-0.9921502398865039
-0.9899374351488568
-0.984769978752571
-0.9762520128299228
-0.9551602218447734
-0.9261523433107945
-0.8247681245332017
-0.7502255959337814
-0.07279237603648588
-0.18486067586271543
7.858464295520557
7.251990069440119
-0.24292126585776916
-0.17992067156175207
-0.779192582248267
-0.8485851115353993
-0.9302743777591107
-0.9552159484190945
-0.9700129696416224
-0.9771174822115407
-0.980204440497114
-0.9820426513442568
-0.9825871759746203
-0.9825871759746545
-0.9820426513441417
-0.9802044404971795
-0.9771174822116
-0.9700129696417438
-0.955215948419158
-0.9302743777590402
-0.8485851115353664
-0.7791925822482809
-0.17992067156206648
-0.24292126585790103
7.251990069440476
6.0712053544815845
-0.3801102990145215
-0.36765549170156503
-0.8410313733078907
-0.870605912081341
-0.9296190009489032
-0.9343627898964602
-0.9442430433252894
-0.9440621310118212
-0.9460381255831493
-0.945664070208442
-0.9460124558422518
-0.9460124558422749
-0.9456640702084385
-0.9460381255831931
-0.9440621310118666
-0.9442430433252922
-0.9343627898966346
-0.929619000948924
-0.8706059120814351
-0.8410313733078985
-0.367655491701609
-0.3801102990144929
6.07120535448187
2.745778036473451
-0.6030325155093663
-0.8692112784823495
-0.8601561926611618
-0.8887533660326857
-0.8329318607206418
-0.8305002051262129
-0.8094783265996177
-0.8069018915805544
-0.8003443305495748
-0.7993525388955034
-0.7979062739973616
-0.7979062739974103
-0.7993525388956246
-0.8003443305495546
-0.8069018915807054
-0.8094783265997711
-0.8305002051263145
-0.8329318607207304
-0.8887533660328404
-0.8601561926609209
-0.8692112784821644
-0.6030325155096428
2.7457780364729447
-2.9090676648317366
-1.62481552530991
-1.1666937722169581
-0.7199068678634942
-0.32566511107667273
-0.21621424387406307
-0.09713712113030994
-0.06639620778856764
-0.03446487761437905
-0.025419953211242984
-0.017392288403364084
-0.015404100382667468
-0.015404100382636994
-0.017392288403393144
-0.025419953211474666
-0.03446487761440103
-0.06639620778850508
-0.09713712113038178
-0.21621424387418917
-0.32566511107655793
-0.7199068678639102
-1.1666937722173247
-1.6248155253099683
-2.9090676648314915
-70.97930920554865
3.836682910344277
2.577025602379682
8.26849631424977
8.571989634042758
9.332619762027274
9.478744561007183
9.6219183457762
9.668704757420853
9.701506983327992
9.714398402429278
9.720763323461787
9.720763323462204
9.714398402430469
9.701506983328247
9.668704757420944
9.621918345774745
9.478744561006712
9.332619762027138
8.571989634044098
8.268496314250495
2.5770256023786096
3.8366829103441944
-70.97930920554656