-173.65677812309644
2.237184891660964
-1.7799451581090828
11.740389081984983
12.33707043504188
14.150939078382219
14.48198983085435
14.824077645917336
14.933655091122867
15.013607255639469
15.046742762413096
15.067886993390912
15.077809433480374
15.083805693493979
15.08679367796664
15.088529544930413
15.089370476243207
15.089748149696828
15.089748149659428
15.08937047627261
15.08852954491665
15.086793677975905
15.083805693493398
15.077809433481828
15.067886993394106
15.04674276240307
15.013607255643768
14.93365509113412
14.824077645902051
14.481989830870521
14.150939078370882
12.337070435049846
11.740389081973149
-1.7799451581080021
2.237184891664001
-173.6567781231052
-13.262294979256328
-3.6250944641765246
-2.8115100776034723
-1.288473374768056
-0.35745876635027873
-0.04067484242277995
0.251116243661494
0.3352870342069997
0.41557831733794337
0.4405728791246523
0.4626710263123623
0.4703895482203251
0.47664936358867693
0.47906565692537445
0.4808856007897656
0.481629733358626
0.48213101146899484
0.4822981659552048
0.4822981659542803
0.48213101147079085
0.48162973335724435
0.480885600789445
0.47906565692603487
0.4766493635887949
0.4703895482201305
0.4626710263114323
0.4405728791254847
0.41557831733839035
0.3352870342058496
0.25111624366210783
-0.040674842422569024
-0.35745876634931784
-1.2884733747694164
-2.8115100776021196
-3.62509446417665
-13.262294979258481
-0.014665958649334444
-0.9626244489005609
-1.6678568183205238
-1.059035953693754
-1.0639778885517668
-0.8446282285192137
-0.813710326348724
-0.7457388186890324
-0.7314575268833867
-0.710965367253467
-0.7057246687173262
-0.6995551775246169
-0.697756376297971
-0.6958857642569132
-0.6952890494978639
-0.6947283314907525
-0.6945497994736409
-0.6944258506355505
-0.6944258506363373
-0.6945497994728274
-0.6947283314913938
-0.6952890494975649
-0.6958857642567682
-0.6977563762978536
-0.699555177524714
-0.705724668717242
-0.7109653672536883
-0.7314575268831927
-0.7457388186894931
-0.8137103263482164
-0.8446282285197431
-1.063977888551529
-1.0590359536937561
-1.667856818319733
-0.9626244489008458
-0.014665958647790713
7.716451365504412
-0.38731121703041427
-0.41789209217535106
-0.9178645181431653
-0.9105952177480976
-0.9529342068679636
-0.9340920216176412
-0.9358707004744412
-0.9261352691639024
-0.9250218312096137
-0.9212161654354947
-0.9205549135406044
-0.9192133273199137
-0.918939435588117
-0.9184899587076434
-0.9183920630612976
-0.9182569089172288
-0.9182333585202991
-0.9182333585220631
-0.9182569089157124
-0.9183920630620441
-0.9184899587070328
-0.9189394355883013
-0.9192133273196237
-0.9205549135406665
-0.9212161654354221
-0.9250218312099232
-0.9261352691633329
-0.935870700475224
-0.9340920216169205
-0.9529342068687308
-0.9105952177476574
-0.9178645181433367
-0.41789209217503276
-0.3873112170303346
7.7164513655068925
10.46231088003796
-0.05301340929177305
0.0419578501535207
-0.7488486720139034
-0.8304222610730335
-0.9247094974548935
-0.9512329804165516
-0.9643667516643389
-0.9709513322769543
-0.9725952800104107
-0.9741321333558608
-0.9741854406985572
-0.9745431614526171
-0.9744621396406453
-0.9745475856868173
-0.9745015424498958
-0.9745217942249136
-0.9745087090507332
-0.9745087090522095
-0.9745217942236009
-0.9745015424507286
-0.9745475856861979
-0.9744621396407241
-0.9745431614525827
-0.9741854406984153
-0.9741321333557602
-0.9725952800107294
-0.9709513322764007
-0.9643667516650556
-0.9512329804158953
-0.9247094974556772
-0.8304222610724101
-0.7488486720142278
0.041957850153808186
-0.05301340929185587
10.462310880039066
11.872055207536388
0.08854654705673033
0.2996349760967404
-0.672613777622173
-0.7657012113460162
-0.905414800080876
-0.9414795988871218
-0.9689647782447217
-0.9790332752817807
-0.9854740629261107
-0.9880772749443503
-0.9897391456552458
-0.9904009162582432
-0.9908567075366463
-0.9910245933972124
-0.9911529926118513
-0.9911933144374327
-0.9912208803278229
-0.9912208803280824
-0.9911933144370861
-0.9911529926124716
-0.9910245933967616
-0.9908567075366304
-0.9904009162581814
-0.9897391456553726
-0.9880772749436604
-0.9854740629268445
-0.9790332752814219
-0.9689647782451567
-0.9414795988866506
-0.9054148000814418
-0.7657012113456982
-0.672613777622153
0.2996349760968688
0.08854654705656621
11.872055207535675
12.518654666654319
0.1627386901851881
0.4198725108629823
-0.6276373852748276
-0.7334330610729715
-0.8896339678029586
-0.9344656010991526
-0.966638550694993
-0.9804149767704696
-0.9882905744878214
-0.9922806759879612
-0.9943780313376367
-0.9955347066930518
-0.9961179249853231
-0.9964577029717882
-0.9966210258292226
-0.9967151543886699
-0.9967496870258397
-0.9967496870255468
-0.9967151543889003
-0.9966210258290378
-0.9964577029719579
-0.9961179249852963
-0.9955347066930527
-0.9943780313375843
-0.9922806759881462
-0.9882905744876749
-0.9804149767706442
-0.9666385506948013
-0.9344656010993473
-0.8896339678028485
-0.7334330610730484
-0.6276373852748887
0.4198725108628517
0.16273869018515463
12.51865466665324
12.848581568032985
0.19901652577102177
0.48335641575783705
-0.6051060195080089
-0.714744708822086
-0.881049800353614
-0.9291069629766996
-0.9646317737237116
-0.9797724021203629
-0.9888649780894123
-0.9933450114739428
-0.9958875205986315
-0.997206290130138
-0.9979502304052016
-0.998340175541296
-0.998559180652789
-0.9986669991339657
-0.9987150218282312
-0.9987150218271427
-0.9986669991349106
-0.9985591806519705
-0.9983401755419821
-0.997950230405234
-0.9972062901299337
-0.9958875205989199
-0.993345011474299
-0.9888649780889092
-0.9797724021207824
-0.9646317737231618
-0.9291069629773605
-0.8810498003529195
-0.7147447088226229
-0.6051060195077218
0.48335641575747723
0.19901652577138798
12.848581568032131
13.012476105766385
0.21792295372262627
0.515337582487249
-0.5928469568430943
-0.7050264402440798
-0.8759543899928801
-0.9260594919480987
-0.9630528135619567
-0.9791301785182835
-0.9887374034051777
-0.9935946410770382
-0.9963172681428303
-0.9977801181035099
-0.9985848414580369
-0.9990277668935552
-0.9992659467564058
-0.9993910242746773
-0.9994433188658953
-0.9994433188642176
-0.9993910242761885
-0.9992659467554175
-0.9990277668943447
-0.9985848414578262
-0.9977801181035838
-0.9963172681429786
-0.993594641077286
-0.9887374034047
-0.9791301785190862
-0.9630528135612114
-0.9260594919487606
-0.8759543899921753
-0.7050264402447084
-0.5928469568426523
0.5153375824872021
0.217922953722692
13.012476105766629
13.097072643705626
0.22761834904179418
0.5321561550693561
-0.5864634318499572
-0.6997114919622938
-0.8732001258043828
-0.9242447260380251
-0.9621066605296127
-0.9786149473999759
-0.988552580407426
-0.9935810730635817
-0.9964314502680116
-0.9979577907586206
-0.998811131258543
-0.9992762418220078
-0.9995319793725093
-0.9996638464161927
-0.9997204952951044
-0.999720495294167
-0.9996638464172385
-0.9995319793716908
-0.9992762418226171
-0.9988111312584477
-0.997957790758725
-0.9964314502679679
-0.9935810730642145
-0.9885525804068649
-0.9786149474004884
-0.9621066605289339
-0.9242447260387501
-0.8732001258038145
-0.6997114919626795
-0.5864634318498017
0.5321561550692664
0.22761834904181794
13.097072643705534
13.140539413365644
0.23270960639053284
0.5408956374440159
-0.583040613506824
-0.6968955526711527
-0.8716659412400386
-0.9232418536999406
-0.9615320893913768
-0.9782940077206232
-0.9883928408451356
-0.993528306976917
-0.9964401847441178
-0.9980093849579477
-0.9988855819841029
-0.9993671408744895
-0.9996308411165392
-0.9997682319872303
-0.9998267920083486
-0.9998267920080472
-0.9997682319875234
-0.9996308411163135
-0.999367140874496
-0.9988855819841473
-0.9980093849580112
-0.9964401847442046
-0.9935283069768908
-0.9883928408450045
-0.9782940077207014
-0.961532089391284
-0.9232418537001608
-0.8716659412398609
-0.6968955526711671
-0.5830406135066317
0.540895637443961
0.23270960639068106
13.140539413365683
13.163242618168853
0.23537651791411096
0.5455165262132238
-0.5812283726887097
-0.6953752557260374
-0.8708361493371344
-0.9226785787711381
-0.9612065591606505
-0.9780963084629821
-0.9882883049293878
-0.9934776466768065
-0.9964269584854034
-0.9980176002208732
-0.9989086273733793
-0.9993982905222394
-0.9996675347320354
-0.9998075919318923
-0.9998675556437808
-0.999867555643983
-0.9998075919314624
-0.9996675347326462
-0.9993982905218735
-0.9989086273733329
-0.9980176002210084
-0.9964269584853307
-0.9934776466762569
-0.9882883049299518
-0.9780963084626948
-0.9612065591610545
-0.9226785787707442
-0.8708361493376319
-0.6953752557256445
-0.581228372688736
0.5455165262131627
0.2353765179138126
13.16324261816876
13.175113351565056
0.23678810528437183
0.5479544796396612
-0.5802575438075614
-0.6945626587811669
-0.8703824276234453
-0.9223701497035053
-0.9610212607230175
-0.9779822032486545
-0.9882224185367985
-0.9934427233905966
-0.9964113997534821
-0.9980148860023762
-0.998913555722531
-0.9994083205348366
-0.9996803975266688
-0.9998222146922291
-0.9998828893972393
-0.9998828893988847
-0.9998222146907385
-0.9996803975277277
-0.9994083205340571
-0.9989135557227222
-0.9980148860022916
-0.9964113997534763
-0.9934427233903935
-0.9882224185371152
-0.9779822032480232
-0.9610212607239415
-0.9223701497028236
-0.8703824276241383
-0.6945626587805228
-0.5802575438078614
0.5479544796394671
0.23678810528431798
13.175113351565438
13.181366702334337
0.23753544294239853
0.5492501911025538
-0.5797395683198572
-0.6941252363127959
-0.8701370691534798
-0.9222004430829749
-0.9609184461815027
-0.9779166495724427
-0.988183617453125
-0.9934201873339495
-0.9963999098556204
-0.99801015874164
-0.9989133403427929
-0.999410790031153
-0.9996846025818786
-0.9998273432407199
-0.9998884655429428
-0.9998884655448499
-0.9998273432391208
-0.999684602582756
-0.9994107900305762
-0.9989133403430139
-0.998010158741617
-0.9963999098553501
-0.9934201873339734
-0.9881836174531891
-0.9779166495718019
-0.9609184461823331
-0.9222004430821975
-0.8701370691541089
-0.6941252363122052
-0.5797395683203435
0.549250191102505
0.23753544294257106
13.181366702335225
13.184658281197256
0.23793198613904384
0.5499370946115432
-0.5794625996550578
-0.6938912321522508
-0.8700042511880202
-0.922108279818366
-0.9608615480227958
-0.9778800211851872
-0.9881611302796593
-0.9934067033856374
-0.9963922860615091
-0.9980063646940991
-0.9989119475301569
-0.9994109591357432
-0.9996856967945973
-0.9998289882889254
-0.9998903492001658
-0.9998903492009925
-0.9998289882882181
-0.9996856967951147
-0.9994109591353979
-0.9989119475301779
-0.9980063646940318
-0.9963922860614995
-0.9934067033855505
-0.9881611302797659
-0.9778800211847738
-0.9608615480232423
-0.9221082798180378
-0.8700042511883932
-0.6938912321520362
-0.5794625996552565
0.5499370946115576
0.23793198613892194
13.184658281196773
13.186378434736223
0.23814020286071247
0.5502984022930799
-0.579316373144534
-0.6937671311857584
-0.8699335200365487
-0.9220587623056928
-0.9608307839345502
-0.9778598803840709
-0.9881485974334419
-0.9933989090033556
-0.9963876933127835
-0.9980037962650029
-0.9989107160583626
-0.9994105563260075
-0.9996858195040633
-0.9998294039287253
-0.9998909023411829
-0.999890902341116
-0.9998294039286744
-0.9996858195039823
-0.9994105563260415
-0.9989107160584455
-0.9980037962650673
-0.9963876933126816
-0.9933989090035918
-0.9881485974330289
-0.9778598803842804
-0.9608307839343272
-0.92205876230598
-0.8699335200363503
-0.6937671311859042
-0.5793163731447226
0.550298402293405
0.23814020286085502
13.18637843473606
13.187240004317204
0.23824503381486545
0.5504802669408564
-0.5792424037064654
-0.6937043050652135
-0.8698974846493742
-0.9220334723945165
-0.9608149209229735
-0.9778494358215171
-0.988141986906755
-0.9933947385109674
-0.9963851416671893
-0.99800230003023
-0.998909898211862
-0.9994101767954533
-0.999685707416454
-0.9998294488367365
-0.99989101734384
-0.9998910173426536
-0.9998294488377857
-0.9996857074157486
-0.9994101767959314
-0.9989098982117259
-0.9980023000303735
-0.9963851416670158
-0.9933947385111438
-0.9881419869064128
-0.9778494358221338
-0.9608149209221951
-0.9220334723953014
-0.8698974846488319
-0.6937043050655152
-0.5792424037064028
0.5504802669410227
0.23824503381435153
13.18724000431725
13.187597818084637
0.23828868661530847
0.5505560575360031
-0.5792115174374364
-0.6936780159774869
-0.8698823758534442
-0.9220228254097609
-0.9608082242011103
-0.97784499365325
-0.9881391605900374
-0.9933929293904273
-0.9963840199657789
-0.9980016191440553
-0.9989095080656198
-0.9994099700236903
-0.999685616383053
-0.9998294235556249
-0.999891022606074
-0.9998910226039235
-0.9998294235573193
-0.9996856163822311
-0.9994099700242114
-0.9989095080654976
-0.9980016191441838
-0.9963840199659817
-0.993392929389826
-0.9881391605902272
-0.9778449936538351
-0.9608082242004601
-0.9220228254105078
-0.869882375852904
-0.6936780159778573
-0.5792115174370788
0.5505560575362576
0.23828868661502495
13.187597818085004
13.187597818090202
0.2382886866151751
0.5505560575362106
-0.5792115174374274
-0.693678015977404
-0.8698823758533094
-0.922022825409758
-0.9608082242009214
-0.9778449936532543
-0.988139160590334
-0.993392929390396
-0.9963840199656218
-0.998001619144109
-0.9989095080655679
-0.9994099700238407
-0.9996856163829934
-0.9998294235562063
-0.9998910226056774
-0.9998910226045503
-0.9998294235572815
-0.9996856163823242
-0.9994099700241458
-0.9989095080656205
-0.9980016191442488
-0.9963840199657648
-0.9933929293904427
-0.9881391605900853
-0.977844993653757
-0.9608082242003081
-0.9220228254105518
-0.8698823758528509
-0.6936780159775391
-0.5792115174374368
0.5505560575367439
0.23828868661537975
13.187597818090001
13.187240004326924
0.23824503381494963
0.5504802669413897
-0.5792424037064019
-0.6937043050652165
-0.8698974846492538
-0.9220334723944735
-0.960814920922713
-0.9778494358215036
-0.988141986906772
-0.9933947385109669
-0.9963851416670348
-0.9980023000304106
-0.9989098982117952
-0.999410176795924
-0.9996857074162431
-0.999829448837604
-0.9998910173434385
-0.9998910173435257
-0.9998294488376083
-0.9996857074160959
-0.9994101767959624
-0.9989098982118865
-0.9980023000303762
-0.9963851416670284
-0.9933947385112619
-0.9881419869065174
-0.9778494358216365
-0.9608149209226999
-0.9220334723948207
-0.8698974846489635
-0.6937043050652687
-0.5792424037067168
0.5504802669414334
0.2382450338147219
13.18724000432692
13.186378434732008
0.23814020286089507
0.5502984022928175
-0.5793163731443105
-0.6937671311859145
-0.8699335200362247
-0.9220587623057823
-0.9608307839342682
-0.9778598803840692
-0.9881485974330514
-0.9933989090034578
-0.9963876933127798
-0.9980037962651296
-0.9989107160585031
-0.9994105563265487
-0.9996858195041216
-0.9998294039293959
-0.9998909023409768
-0.9998909023419464
-0.9998294039286411
-0.9996858195044961
-0.9994105563260989
-0.9989107160585344
-0.9980037962651254
-0.9963876933127628
-0.9933989090031918
-0.9881485974332764
-0.9778598803838039
-0.9608307839347267
-0.9220587623054066
-0.8699335200366534
-0.6937671311856317
-0.5793163731445574
0.5502984022930802
0.23814020286112006
13.18637843473147
13.184658281185673
0.23793198613899472
0.549937094610397
-0.5794625996548721
-0.6938912321523152
-0.870004251187795
-0.9221082798183776
-0.9608615480225169
-0.9778800211851804
-0.9881611302797466
-0.9934067033856326
-0.9963922860615408
-0.9980063646941677
-0.998911947530235
-0.9994109591359281
-0.9996856967945666
-0.999828988289594
-0.9998903492000117
-0.9998903492017597
-0.9998289882880169
-0.9996856967954227
-0.9994109591352871
-0.9989119475304087
-0.9980063646940656
-0.9963922860614859
-0.9934067033856662
-0.9881611302799678
-0.977880021184521
-0.9608615480234448
-0.9221082798178499
-0.870004251188401
-0.6938912321517325
-0.5794625996553128
0.5499370946106444
0.23793198613938304
13.18465828118494
13.181366702337243
0.23753544294252427
0.5492501911029164
-0.5797395683194493
-0.6941252363127473
-0.8701370691532447
-0.9222004430829203
-0.9609184461813589
-0.9779166495724458
-0.9881836174527094
-0.9934201873338395
-0.9963999098556908
-0.9980101587414725
-0.9989133403428316
-0.9994107900310305
-0.9996846025819708
-0.9998273432402056
-0.9998884655430071
-0.9998884655444655
-0.9998273432388474
-0.9996846025827674
-0.9994107900302682
-0.9989133403431025
-0.9980101587414021
-0.9963999098555458
-0.9934201873334794
-0.9881836174531278
-0.9779166495717506
-0.9609184461823217
-0.9222004430821935
-0.8701370691539604
-0.6941252363122169
-0.5797395683198692
0.5492501911032099
0.23753544294289863
13.181366702336856
13.175113351575998
0.23678810528418887
0.5479544796403222
-0.5802575438072558
-0.6945626587810882
-0.8703824276232699
-0.9223701497035393
-0.9610212607230045
-0.9779822032488725
-0.9882224185364987
-0.9934427233905957
-0.9964113997536073
-0.9980148860019689
-0.9989135557227449
-0.9994083205344475
-0.9996803975269104
-0.9998222146911102
-0.9998828893976057
-0.9998828893978073
-0.9998222146908428
-0.9996803975275401
-0.9994083205340794
-0.9989135557225232
-0.9980148860022323
-0.9964113997534867
-0.9934427233901755
-0.9882224185369572
-0.9779822032487571
-0.9610212607233992
-0.9223701497031195
-0.8703824276238694
-0.694562658780517
-0.5802575438074472
0.547954479640506
0.236788105284423
13.175113351574943
13.163242618169644
0.23537651791401165
0.5455165262130071
-0.581228372688902
-0.6953752557259278
-0.8708361493373712
-0.9226785787711227
-0.9612065591607086
-0.9780963084630316
-0.9882883049299241
-0.9934776466770457
-0.9964269584852701
-0.9980176002210319
-0.9989086273734156
-0.9993982905216077
-0.9996675347320645
-0.9998075919316155
-0.9998675556438692
-0.999867555643623
-0.9998075919319078
-0.9996675347320046
-0.9993982905217211
-0.9989086273733485
-0.9980176002208883
-0.9964269584853553
-0.9934776466772102
-0.9882883049299903
-0.9780963084629557
-0.9612065591606764
-0.9226785787712606
-0.8708361493373329
-0.6953752557261024
-0.5812283726889422
0.5455165262129338
0.23537651791435737
13.163242618168855
13.14053941335656
0.23270960639016997
0.5408956374430751
-0.5830406135068411
-0.6968955526712833
-0.8716659412402346
-0.9232418536999891
-0.9615320893914314
-0.9782940077207387
-0.9883928408451974
-0.9935283069769667
-0.9964401847441114
-0.9980093849579288
-0.9988855819840621
-0.9993671408741024
-0.999630841116684
-0.9997682319866883
-0.9998267920085635
-0.9998267920073753
-0.9997682319876546
-0.9996308411157903
-0.9993671408748066
-0.9988855819839981
-0.99800938495819
-0.9964401847440756
-0.9935283069774317
-0.9883928408445057
-0.9782940077213469
-0.9615320893908539
-0.9232418537006122
-0.8716659412397076
-0.6968955526714156
-0.5830406135066988
0.5408956374431775
0.2327096063907742
13.140539413356915
13.097072643702028
0.22761834904152328
0.5321561550692655
-0.5864634318498874
-0.6997114919622904
-0.8732001258043418
-0.9242447260379809
-0.9621066605297782
-0.9786149473999102
-0.9885525804072519
-0.9935810730636023
-0.9964314502677252
-0.9979577907584913
-0.9988111312585268
-0.999276241821846
-0.9995319793725064
-0.999663846415835
-0.9997204952951833
-0.999720495293557
-0.9996638464172107
-0.9995319793715739
-0.9992762418226162
-0.9988111312585007
-0.9979577907585391
-0.996431450268001
-0.9935810730636676
-0.9885525804068441
-0.978614947400479
-0.9621066605290058
-0.9242447260388946
-0.8732001258034696
-0.6997114919627421
-0.5864634318495189
0.5321561550693932
0.22761834904192735
13.097072643700937
13.012476105773388
0.217922953721991
0.5153375824873612
-0.5928469568430952
-0.705026440244068
-0.875954389992992
-0.9260594919481343
-0.963052813561897
-0.9791301785183054
-0.988737403405469
-0.9935946410772298
-0.9963172681430401
-0.9977801181036744
-0.9985848414580161
-0.9990277668937877
-0.9992659467565885
-0.9993910242752888
-0.9994433188659912
-0.9994433188650723
-0.9993910242762128
-0.9992659467557324
-0.9990277668944167
-0.9985848414580787
-0.9977801181035579
-0.9963172681429979
-0.9935946410776588
-0.988737403404908
-0.9791301785189164
-0.9630528135612664
-0.9260594919486778
-0.8759543899922699
-0.7050264402446362
-0.5928469568427261
0.5153375824871175
0.2179229537221919
13.012476105774205
12.848581568041535
0.1990165257710248
0.48335641575896054
-0.6051060195078897
-0.7147447088222433
-0.881049800353336
-0.9291069629766966
-0.9646317737235321
-0.9797724021202834
-0.9888649780889651
-0.9933450114735366
-0.995887520598884
-0.9972062901299644
-0.9979502304053892
-0.9983401755417917
-0.9985591806528342
-0.9986669991342747
-0.9987150218279716
-0.9987150218278567
-0.9986669991345434
-0.9985591806527354
-0.9983401755419115
-0.9979502304052555
-0.9972062901299201
-0.9958875205988549
-0.9933450114738346
-0.9888649780886979
-0.9797724021204792
-0.9646317737233959
-0.9291069629770949
-0.8810498003531411
-0.7147447088221204
-0.6051060195078473
0.48335641575880894
0.19901652577133724
12.84858156804048
12.518654666648292
0.16273869018456508
0.41987251086237615
-0.6276373852749292
-0.7334330610730251
-0.8896339678029848
-0.9344656010991856
-0.9666385506950027
-0.980414976770418
-0.9882905744875716
-0.992280675987933
-0.9943780313376989
-0.995534706693143
-0.9961179249852661
-0.9964577029722643
-0.9966210258291781
-0.9967151543892192
-0.9967496870259429
-0.9967496870260163
-0.9967151543889214
-0.9966210258296657
-0.9964577029721603
-0.9961179249852634
-0.9955347066930575
-0.9943780313378676
-0.9922806759872103
-0.9882905744883095
-0.9804149767700691
-0.9666385506954107
-0.9344656010985696
-0.8896339678033409
-0.7334330610726617
-0.6276373852748621
0.4198725108621713
0.1627386901844644
12.518654666647219
11.872055207525694
0.08854654705643494
0.2996349760960664
-0.6726137776227081
-0.7657012113459948
-0.9054148000809661
-0.941479598887315
-0.9689647782446753
-0.9790332752815728
-0.985474062926808
-0.9880772749444358
-0.989739145655149
-0.9904009162584557
-0.99085670753653
-0.9910245933972743
-0.9911529926115153
-0.9911933144384217
-0.9912208803273092
-0.9912208803290081
-0.9911933144370411
-0.9911529926122209
-0.9910245933967403
-0.9908567075364134
-0.9904009162585813
-0.9897391456547013
-0.9880772749445743
-0.9854740629268399
-0.9790332752809991
-0.968964778245448
-0.941479598886585
-0.9054148000817455
-0.7657012113451307
-0.67261377762296
0.2996349760959587
0.08854654705655754
11.872055207524966
10.4623108800477
-0.0530134092919219
0.04195785015406954
-0.7488486720141376
-0.8304222610731913
-0.9247094974552628
-0.9512329804163556
-0.9643667516647129
-0.9709513322770433
-0.9725952800103683
-0.9741321333556543
-0.9741854406986976
-0.9745431614527464
-0.9744621396405506
-0.9745475856869441
-0.9745015424499238
-0.9745217942248328
-0.9745087090505287
-0.974508709052333
-0.9745217942234573
-0.974501542450692
-0.9745475856864829
-0.9744621396408479
-0.9745431614524998
-0.9741854406984747
-0.9741321333558575
-0.9725952800105753
-0.9709513322762474
-0.9643667516654049
-0.9512329804158582
-0.9247094974557055
-0.8304222610724646
-0.7488486720147879
0.04195785015434002
-0.05301340929210362
10.462310880048227
7.7164513655171705
-0.3873112170309607
-0.4178920921742636
-0.9178645181433907
-0.9105952177480776
-0.9529342068681661
-0.9340920216177738
-0.9358707004747364
-0.9261352691638849
-0.9250218312097593
-0.9212161654356391
-0.9205549135405804
-0.9192133273198184
-0.9189394355880584
-0.9184899587073054
-0.9183920630612779
-0.91825690891657
-0.9182333585206435
-0.9182333585214366
-0.9182569089157213
-0.9183920630616742
-0.9184899587070159
-0.9189394355881544
-0.9192133273197919
-0.920554913540573
-0.9212161654355288
-0.9250218312097387
-0.9261352691637557
-0.9358707004750695
-0.9340920216173675
-0.9529342068687019
-0.9105952177476386
-0.9178645181437504
-0.41789209217386214
-0.38731121703033916
7.716451365518915
-0.01466595865141391
-0.9626244489009453
-1.6678568183211457
-1.0590359536937441
-1.063977888551696
-0.8446282285192792
-0.8137103263486285
-0.7457388186891729
-0.7314575268836099
-0.7109653672538758
-0.7057246687174146
-0.6995551775244861
-0.6977563762978227
-0.695885764256865
-0.6952890494972452
-0.6947283314909416
-0.694549799473039
-0.6944258506356347
-0.6944258506357406
-0.6945497994731782
-0.6947283314909305
-0.6952890494973487
-0.695885764256972
-0.6977563762977799
-0.6995551775244064
-0.7057246687178151
-0.7109653672532485
-0.7314575268838754
-0.7457388186892141
-0.8137103263490629
-0.8446282285192654
-1.0639778885515927
-1.059035953693634
-1.6678568183207259
-0.9626244489016981
-0.014665958650855852
-13.262294979266454
-3.6250944641767124
-2.811510077603575
-1.2884733747683148
-0.3574587663505019
-0.04067484242279285
0.2511162436617111
0.3352870342064019
0.41557831733839246
0.4405728791250655
0.46267102631226253
0.47038954821983203
0.476649363588968
0.479065656925931
0.4808856007898802
0.48162973335802534
0.48213101147070103
0.4822981659554503
0.482298165955382
0.4821310114702644
0.4816297333574268
0.4808856007896639
0.4790656569254218
0.47664936358917864
0.47038954822014734
0.462671026313228
0.4405728791247501
0.4155783173378762
0.33528703420629585
0.25111624366138185
-0.04067484242371644
-0.3574587663500038
-1.2884733747674464
-2.811510077603401
-3.625094464176648
-13.262294979268004
-173.65677812310008
2.237184891660813
-1.7799451581088763
11.740389081984201
12.337070435042143
14.150939078381732
14.481989830854772
14.824077645917054
14.933655091123054
15.013607255639787
15.046742762411949
15.067886993391653
15.077809433479551
15.083805693494883
15.086793677965751
15.088529544929958
15.08937047624308
15.089748149696359
15.08974814966094
15.089370476271657
15.088529544916323
15.086793677976438
15.083805693492597
15.077809433483502
15.067886993392001
15.046742762405046
15.013607255641345
14.933655091136053
14.82407764590127
14.481989830869733
14.150939078370481
12.337070435048552
11.74038908197432
-1.7799451581093968
2.2371848916660264
-173.65677812310608