-46.91553735598491
3.781102196364392
3.1101435704641807
6.944009140494133
7.171624726357266
7.682738301724477
7.784345788101173
7.87920407323145
7.908988484664357
7.9256240771646915
7.925624077164761
7.908988484664953
7.879204073231692
7.784345788100877
7.682738301725367
7.1716247263573205
6.944009140494273
3.1101435704638605
3.7811021963644933
-46.915537355984966
-0.8716769350681652
-1.1982347996417566
-0.8481726292870917
-0.6324351716986873
-0.36653885416617166
-0.30397953760312746
-0.22565251641952616
-0.20765801624474822
-0.188227133303926
-0.18430099627456545
-0.18430099627448648
-0.1882271333041456
-0.20765801624477226
-0.22565251641959871
-0.3039795376029867
-0.3665388541661295
-0.6324351716985712
-0.8481726292871234
-1.1982347996417815
-0.8716769350682685
2.9693617713104095
-0.5536383463187446
-0.7318507994499592
-0.8313278069935545
-0.8645975578043863
-0.842508509929619
-0.8462144632234123
-0.8354783782170796
-0.8355385364183109
-0.8329378531269546
-0.8329378531268875
-0.8355385364183443
-0.8354783782170656
-0.8462144632233711
-0.8425085099296157
-0.8645975578043739
-0.8313278069935071
-0.7318507994499691
-0.5536383463186826
2.969361771310324
5.24599533519971
-0.41298922995403997
-0.40503090463120905
-0.8377870222726707
-0.8736647330987709
-0.9316013903289989
-0.9405823341437971
-0.9512304088389363
-0.9528196460925117
-0.9546670159508686
-0.9546670159509067
-0.9528196460925049
-0.951230408838942
-0.9405823341438448
-0.9316013903289555
-0.8736647330987652
-0.837787022272678
-0.40503090463119895
-0.4129892299539675
5.245995335199639
6.053884744205808
-0.32205930182183984
-0.28185433353022604
-0.8005018564439432
-0.8648149135303294
-0.9380276706453832
-0.9612530489672185
-0.9750697105141969
-0.9813835169004879
-0.983770912124959
-0.9837709121249928
-0.9813835169004457
-0.9750697105141781
-0.9612530489672176
-0.9380276706453543
-0.8648149135303048
-0.8005018564438444
-0.2818543335302863
-0.32205930182174314
6.053884744205794
6.470777428172853
-0.28367210402122434
-0.21012230496448595
-0.7826054119627379
-0.8504211316042429
-0.9372744706326632
-0.9631783880752391
-0.9812734194191026
-0.988433265770073
-0.9918316786254884
-0.9918316786254867
-0.9884332657700443
-0.9812734194190829
-0.9631783880752371
-0.9372744706326835
-0.8504211316042378
-0.7826054119626933
-0.2101223049645239
-0.2836721040211512
6.470777428172783
6.661514082520351
-0.263074518420475
-0.17669377340459283
-0.7710269906506864
-0.842850224993894
-0.9343442613254815
-0.9628984602366482
-0.9822278938153328
-0.9903855122683858
-0.9940436797492372
-0.9940436797492129
-0.9903855122683209
-0.9822278938153246
-0.9628984602366737
-0.9343442613254347
-0.8428502249938694
-0.7710269906507279
-0.17669377340449946
-0.2630745184204538
6.661514082520281
6.758448832194416
-0.2531328254311752
-0.15896204004151726
-0.7652415147544824
-0.8381474234021111
-0.9325733903866528
-0.9619943658157233
-0.9822630517821813
-0.9907375194637931
-0.9946248934989871
-0.9946248934989449
-0.9907375194637866
-0.9822630517821511
-0.9619943658157313
-0.932573390386591
-0.8381474234021118
-0.7652415147544589
-0.15896204004149772
-0.25313282543115223
6.758448832194393
6.80421882254996
-0.248154078828914
-0.15049742441854402
-0.7621678221484369
-0.8358091660830149
-0.9314533281158619
-0.9614319323181875
-0.9820594120609574
-0.990753574689035
-0.9947237976577796
-0.994723797657765
-0.9907535746890002
-0.9820594120609202
-0.9614319323181404
-0.9314533281158672
-0.8358091660830144
-0.76216782214848
-0.15049742441850839
-0.24815407882889423
6.804218822549943
6.823013274899806
-0.24614699192641737
-0.14695936073686783
-0.7609155435690397
-0.8347807216745444
-0.9309757427569532
-0.9611402789016374
-0.9819437823388077
-0.9907097797579254
-0.9947232501559657
-0.9947232501559775
-0.9907097797578581
-0.9819437823387834
-0.9611402789016243
-0.9309757427569136
-0.834780721674579
-0.7609155435690871
-0.14695936073686222
-0.24614699192640377
6.82301327489982
6.823013274899443
-0.24614699192640963
-0.14695936073680854
-0.7609155435690272
-0.8347807216745524
-0.9309757427569378
-0.9611402789016308
-0.9819437823388018
-0.9907097797578864
-0.9947232501559233
-0.9947232501559709
-0.9907097797578714
-0.981943782338776
-0.9611402789015799
-0.9309757427569364
-0.8347807216745446
-0.7609155435689776
-0.14695936073686805
-0.24614699192641834
6.823013274899503
6.8042188225499896
-0.24815407882883816
-0.15049742441853853
-0.7621678221484427
-0.8358091660830387
-0.931453328115851
-0.9614319323182139
-0.9820594120609398
-0.9907535746890335
-0.9947237976577725
-0.9947237976577863
-0.9907535746889934
-0.9820594120609294
-0.961431932318189
-0.9314533281159059
-0.8358091660830155
-0.7621678221484792
-0.15049742441852387
-0.2481540788289075
6.8042188225499824
6.758448832194306
-0.2531328254310984
-0.1589620400415479
-0.7652415147544686
-0.838147423402083
-0.9325733903866298
-0.9619943658157071
-0.9822630517821548
-0.9907375194637733
-0.9946248934989801
-0.9946248934989483
-0.990737519463758
-0.9822630517821413
-0.9619943658157648
-0.9325733903865974
-0.8381474234021555
-0.7652415147545439
-0.15896204004153386
-0.253132825431188
6.758448832194395
6.661514082520464
-0.2630745184203678
-0.17669377340445333
-0.7710269906506264
-0.8428502249939132
-0.9343442613254325
-0.9628984602366651
-0.9822278938153186
-0.9903855122683425
-0.9940436797491937
-0.9940436797492587
-0.9903855122683454
-0.9822278938153708
-0.9628984602366393
-0.9343442613254811
-0.8428502249938662
-0.7710269906505639
-0.17669377340449627
-0.26307451842038193
6.661514082520489
6.470777428172499
-0.28367210402105836
-0.21012230496439327
-0.78260541196266
-0.8504211316041994
-0.9372744706326469
-0.9631783880752237
-0.9812734194190447
-0.9884332657700021
-0.9918316786254604
-0.9918316786254613
-0.9884332657700812
-0.9812734194190822
-0.9631783880752203
-0.9372744706326328
-0.850421131604211
-0.7826054119625869
-0.21012230496460557
-0.2836721040211309
6.470777428172539
6.0538847442059085
-0.3220593018217789
-0.28185433353021094
-0.8005018564439443
-0.8648149135303369
-0.9380276706453674
-0.9612530489671782
-0.975069710514177
-0.981383516900516
-0.9837709121249987
-0.9837709121249887
-0.9813835169004954
-0.9750697105142537
-0.9612530489672411
-0.9380276706454138
-0.8648149135304446
-0.8005018564439703
-0.281854333530374
-0.322059301821756
6.053884744205899
5.245995335199352
-0.41298922995404586
-0.40503090463118085
-0.8377870222726453
-0.8736647330988028
-0.9316013903289511
-0.9405823341437949
-0.9512304088389469
-0.9528196460924958
-0.9546670159508568
-0.9546670159508729
-0.9528196460925202
-0.9512304088390231
-0.9405823341437609
-0.9316013903290175
-0.8736647330987235
-0.8377870222726805
-0.40503090463115954
-0.41298922995395615
5.2459953351993995
2.9693617713105724
-0.5536383463188042
-0.7318507994499042
-0.8313278069935612
-0.8645975578043836
-0.8425085099296797
-0.8462144632234058
-0.8354783782170903
-0.8355385364182796
-0.8329378531269442
-0.8329378531268629
-0.8355385364183758
-0.8354783782170756
-0.8462144632234468
-0.8425085099296673
-0.8645975578043296
-0.8313278069934915
-0.7318507994499415
-0.5536383463187315
2.9693617713105462
-0.8716769350681551
-1.1982347996418243
-0.8481726292871259
-0.6324351716986566
-0.36653885416605014
-0.3039795376029589
-0.22565251641938214
-0.20765801624474772
-0.1882271333039226
-0.1843009962744871
-0.18430099627449198
-0.18822713330399443
-0.20765801624482166
-0.22565251641959488
-0.30397953760325125
-0.36653885416629184
-0.6324351716988403
-0.8481726292871301
-1.1982347996418694
-0.8716769350682974
-46.91553735598479
3.781102196364348
3.1101435704642233
6.944009140494157
7.171624726357296
7.682738301724546
7.784345788101185
7.879204073231397
7.908988484664311
7.925624077164739
7.925624077164841
7.908988484664907
7.87920407323175
7.784345788100859
7.6827383017251085
7.171624726357219
6.9440091404942565
3.1101435704637517
3.7811021963645786
-46.915537355984476