577.7638639874979
-0.20066086782558562
15.588439415335428
-24.171023350721995
-23.44922302299203
-27.311183404355347
-27.379299429227647
-27.826132870938203
-27.86051619191447
-27.92001385188141
-27.928904898234563
-27.9378403794386
-27.939826967068843
-27.94131150166626
-27.94173645000116
-27.942004186225923
-27.942094542796095
-27.94214609201577
-27.942165501346473
-27.942175954141685
-27.942180194396755
-27.942182402969955
-27.9421833468667
-27.942183829123792
-27.942184043084183
-27.942184151155875
-27.942184200337604
-27.942184224794282
-27.94218423571776
-27.94218424010767
-27.94218424011052
-27.942184235678507
-27.942184224819357
-27.94218420033584
-27.942184151166032
-27.942184043056365
-27.94218382914094
-27.942183346861178
-27.942182402998238
-27.942180194349284
-27.942175954138875
-27.94216550134316
-27.942146092033493
-27.942094542789107
-27.94200418624111
-27.9417364499894
-27.94131150169219
-27.939826967025642
-27.937840379458645
-27.92890489823631
-27.92001385190533
-27.860516191910165
-27.826132870911792
-27.379299429249727
-27.311183404349215
-23.449223023017876
-24.171023350706996
15.588439415354376
-0.20066086780975567
577.763863987475
66.80750893928109
4.546556024967325
7.419061912046011
1.6062558187102818
1.027290573938699
0.4376698757440613
0.24430665149819408
0.17465683600323612
0.13272717052816133
0.1228643187228093
0.11470995847350536
0.11306007385274315
0.11152076812651762
0.1112084586568774
0.11091702371336776
0.1108529611606699
0.11079670090206574
0.11078287634576534
0.11077170730310683
0.11076862174490457
0.11076633303342884
0.1107656274521554
0.11076514315319591
0.11076497878749447
0.11076487315440653
0.11076483432847635
0.1107648107048458
0.11076480154704849
0.11076479640365194
0.11076479470667513
0.11076479470594225
0.11076479640337675
0.11076480154394777
0.11076481070620275
0.11076483432680967
0.11076487315479965
0.11076497878496652
0.11076514315186459
0.11076562745149876
0.11076633303412131
0.11076862174141648
0.11077170730441316
0.11078287634372272
0.11079670090096344
0.11085296116046367
0.11091702371265658
0.1112084586580811
0.11152076812525977
0.1130600738507383
0.11470995847323881
0.12286431872112112
0.13272717053012145
0.1746568360020516
0.24430665149779446
0.43766987574332544
1.0272905739384883
1.6062558187114715
7.419061912047271
4.546556024967876
66.80750893928843
10.010798838744991
1.3148751586830854
3.2121390552003026
1.2414104192422633
1.295522825311454
0.964124595079854
0.9451920790089019
0.8902417229645359
0.8846511668348163
0.8752756671479878
0.8741244832691055
0.8724687489400955
0.8722502647988855
0.8719484291231814
0.8719068396607325
0.8718501998786783
0.8718419407853315
0.871831008812153
0.8718292688307139
0.8718270967494937
0.8718267077063601
0.8718262627556654
0.8718261713588571
0.8718260772721601
0.8718260550332012
0.8718260344996718
0.8718260289911249
0.8718260244203737
0.871826023119437
0.8718260223001507
0.8718260222990842
0.8718260231195502
0.8718260244194664
0.8718260289923259
0.8718260344989169
0.8718260550333494
0.871826077271982
0.8718261713590614
0.8718262627560306
0.8718267077056625
0.8718270967495799
0.8718292688314417
0.8718310088121267
0.8718419407855498
0.8718501998790054
0.8719068396608076
0.8719484291239359
0.8722502647985062
0.8724687489400811
0.8741244832684508
0.8752756671488031
0.8846511668344701
0.8902417229647845
0.9451920790085768
0.9641245950811403
1.295522825310604
1.2414104192425732
3.2121390551995823
1.3148751586844423
10.010798838745927
-11.59999488225374
0.407017452750276
0.6739006075206389
1.0310011456033674
1.0225868045795927
1.002151816495723
0.987141352378861
0.97842436857197
0.9738703727737115
0.9720741963785344
0.9710218442821776
0.9707097585934301
0.9704908566635848
0.9704410847501079
0.9703977252453075
0.9703903112568185
0.970381920111309
0.9703808970036001
0.9703792868767869
0.9703791599784637
0.9703788503089441
0.9703788371034645
0.9703787768034131
0.9703787758401833
0.9703787638198702
0.9703787638011403
0.9703787613214412
0.970378761321979
0.9703787608105193
0.9703787608090462
0.9703787608087969
0.9703787608103319
0.9703787613220065
0.9703787613216284
0.9703787638008519
0.9703787638197445
0.9703787758406263
0.9703787768029679
0.9703788371037937
0.9703788503080126
0.9703791599780645
0.9703792868771866
0.9703808970031043
0.9703819201118269
0.970390311256969
0.9703977252456899
0.9704410847503546
0.9704908566627227
0.9707097585936272
0.9710218442822527
0.9720741963789191
0.9738703727735145
0.978424368572204
0.9871413523790347
1.0021518164958687
1.0225868045790838
1.0310011456031514
0.6739006075209837
0.40701745275085
-11.599994882252236
-19.528242573886374
0.02563508361965009
-0.3248248164589169
0.8927587936751524
0.8907132156943425
0.9844865960486022
0.9852120496254702
0.9921111140518467
0.9920014653181473
0.9923346829471347
0.9922729695885895
0.9922449563958987
0.9922320045402238
0.9922186205105847
0.9922173750518077
0.9922143475686582
0.9922146114383523
0.9922140817946605
0.9922142763560378
0.9922142056102597
0.9922142793723583
0.992214275360451
0.992214298241426
0.992214299993169
0.9922143064263067
0.9922143073781472
0.9922143090845722
0.992214309403628
0.9922143098187781
0.992214309887848
0.9922143098877321
0.9922143098184154
0.9922143094035614
0.9922143090848616
0.992214307378275
0.9922143064259612
0.9922142999935883
0.9922142982408855
0.9922142753607738
0.9922142793719726
0.9922142056102052
0.9922142763562547
0.9922140817944353
0.9922146114389202
0.9922143475686679
0.9922173750521914
0.9922186205106098
0.99223200453937
0.9922449563965092
0.9922729695886771
0.9923346829475332
0.9920014653181335
0.9921111140519927
0.9852120496258672
0.9844865960483183
0.8907132156943063
0.8927587936755778
-0.3248248164585946
0.025635083619582444
-19.52824257388675
-22.751954244662002
-0.13187236646005712
-0.756332015292291
0.827837426687519
0.8228100270097669
0.9711986489439032
0.9778244607968236
0.9936479661299668
0.9953080511411312
0.9971764610576217
0.9974931616227161
0.9977387345661695
0.9977960359251163
0.9978328957917013
0.9978436432437002
0.9978501117037185
0.9978522970326305
0.9978536139840062
0.9978540992145251
0.99785439799086
0.9978545133403095
0.997854585451788
0.9978546140174305
0.997854631930968
0.9978546391388425
0.9978546436354692
0.9978546454560955
0.9978546465735025
0.9978546470066868
0.9978546472214107
0.9978546472208346
0.9978546470067164
0.997854646573113
0.9978546454569207
0.9978546436349134
0.9978546391388567
0.9978546319308106
0.9978546140172773
0.9978545854517147
0.9978545133400543
0.9978543979905959
0.9978540992147574
0.9978536139838048
0.9978522970330838
0.9978501117032573
0.9978436432439709
0.9978328957916306
0.9977960359247608
0.9977387345667683
0.9974931616224659
0.9971764610581777
0.9953080511411518
0.9936479661302169
0.9778244607968085
0.9711986489438105
0.8228100270097876
0.8278374266874222
-0.7563320152928953
-0.13187236645979683
-22.751954244663366
-24.09237100989062
-0.19961005478918886
-0.9414656007284097
0.7973536482982411
0.7911409649497223
0.9633753589668188
0.973049765129574
0.992962806993655
0.9956401918631592
0.9982411736769743
0.9988042980972712
0.999182210713341
0.9992923936458803
0.9993529578834925
0.9993744420816719
0.9993850870451817
0.9993894008879938
0.9993914383409015
0.9993923431324844
0.9993927631125443
0.9993929616698688
0.9993930535625206
0.9993930988789013
0.999393119898677
0.9993931305577589
0.9993931355136447
0.9993931380683133
0.9993931392453366
0.999393139834178
0.9993931400536917
0.9993931400535939
0.9993931398339547
0.9993931392453832
0.999393138068958
0.9993931355135592
0.9993931305574821
0.9993931198987636
0.9993930988785943
0.9993930535626491
0.9993929616697406
0.9993927631118713
0.9993923431330853
0.9993914383402908
0.9993894008887385
0.9993850870443337
0.9993744420823372
0.9993529578835929
0.9992923936454722
0.999182210713463
0.9988042980971583
0.9982411736776026
0.9956401918632571
0.9929628069938264
0.9730497651290522
0.9633753589671687
0.7911409649497244
0.7973536482977608
-0.9414656007284873
-0.1996100547888519
-24.092371009890986
-24.663729533692063
-0.22904995846494264
-1.0223136573967384
0.7834421092038641
0.7764807668776941
0.9593824554985473
0.9704270230924354
0.9922799306641086
0.9954453893365989
0.9984219868943212
0.9991093388760985
0.9995614177264014
0.9996991745123479
0.9997743765337148
0.9998015355937356
0.9998150512896796
0.9998204776259739
0.9998230749874704
0.9998241903293293
0.9998247193056493
0.999824956584309
0.9998250697556573
0.9998251220044334
0.9998251472142491
0.9998251590776117
0.9998251648718792
0.9998251676269129
0.9998251689748523
0.9998251695942202
0.9998251698422098
0.9998251698422471
0.9998251695931804
0.9998251689750688
0.9998251676273104
0.9998251648720624
0.999825159077138
0.999825147214313
0.9998251220038985
0.9998250697559941
0.9998249565843176
0.9998247193055128
0.9998241903301279
0.999823074986868
0.9998204776265283
0.9998150512891173
0.999801535594099
0.9997743765338499
0.9996991745117105
0.9995614177264653
0.9991093388758849
0.9984219868942685
0.9954453893368855
0.992279930664312
0.9704270230921372
0.959382455499048
0.7764807668777407
0.7834421092030679
-1.0223136573964342
-0.22904995846522086
-24.663729533691107
-24.91067312952591
-0.24199080782445986
-1.0578737434228984
0.7771183001651109
0.769786317840418
0.9574343116077231
0.9691087308699227
0.9918548668209115
0.9952574631963216
0.9984151715654606
0.9991665322771267
0.9996561643153545
0.9998090349130694
0.9998919815642822
0.9999224581507451
0.9999375446913028
0.9999436672368947
0.9999465770271739
0.9999478343182784
0.9999484242400933
0.9999486899382495
0.9999488147798461
0.9999488726605015
0.9999489000640058
0.999948913040136
0.9999489192381876
0.9999489222135026
0.9999489236336363
0.9999489242955684
0.9999489245538238
0.9999489245540557
0.9999489242947652
0.9999489236339789
0.9999489222141993
0.9999489192378387
0.9999489130398835
0.999948900063988
0.9999488726604786
0.9999488147796689
0.9999486899384766
0.9999484242399773
0.9999478343183659
0.9999465770269282
0.9999436672371521
0.999937544691571
0.999922458150639
0.9998919815646138
0.9998090349121109
0.9996561643157875
0.9991665322766373
0.998415171566257
0.9952574631962399
0.99185486682097
0.9691087308699649
0.9574343116076514
0.7697863178406853
0.7771183001647484
-1.057873743422641
-0.241990807824507
-24.910673129525257
-25.018595976463196
-0.24772000193095056
-1.0736334194684232
0.7742540375639678
0.7667390892131183
0.956510638346834
0.9684700498468104
0.9916268963720773
0.9951412135421664
0.9983856241719636
0.9991684325040844
0.999676935857182
0.9998375558878227
0.9999246022105914
0.9999568501896169
0.9999728134830173
0.9999793212885815
0.9999824150030396
0.9999837531260214
0.9999843809375715
0.9999846631349935
0.999984795664721
0.9999848568392984
0.999984885785008
0.9999848994063145
0.9999849059112701
0.9999849090108118
0.9999849104915839
0.9999849111758627
0.9999849114438562
0.9999849114443418
0.9999849111747174
0.9999849104917443
0.9999849090106794
0.9999849059116144
0.9999848994057727
0.9999848857853989
0.9999848568390475
0.9999847956648419
0.9999846631348324
0.9999843809380756
0.9999837531261611
0.9999824150035883
0.9999793212883927
0.9999728134828166
0.9999568501890657
0.9999246022108048
0.9998375558873996
0.9996769358578084
0.9991684325036796
0.9983856241728255
0.9951412135413925
0.9916268963717676
0.9684700498471825
0.9565106383469675
0.7667390892133603
0.774254037563661
-1.0736334194685924
-0.2477200019321383
-25.01859597646262
-25.066146641125346
-0.2502715439656875
-1.0806559665305118
0.7729570259453562
0.7653548538658992
0.9560788834223772
0.968167484938357
0.9915121449056987
0.9950787151894995
0.9983639677350646
0.9991620151867391
0.999679741805362
0.9998442681752345
0.9999333997324404
0.9999665785479865
0.9999830057954253
0.9999897247892229
0.9999929194984409
0.9999943038429813
0.9999949531528158
0.9999952451921466
0.9999953822042955
0.9999954454297066
0.9999954752934506
0.9999954893349232
0.9999954960247823
0.9999954992093216
0.9999955007263908
0.9999955014266249
0.9999955017010107
0.9999955017009271
0.9999955014261395
0.9999955007262089
0.9999954992094334
0.9999954960247697
0.9999954893347298
0.9999954752930826
0.9999954454301292
0.9999953822039616
0.9999952451918686
0.9999949531529646
0.999994303842803
0.9999929194987311
0.9999897247896636
0.999983005795333
0.9999665785479246
0.9999333997322024
0.9998442681749291
0.9996797418053669
0.9991620151867928
0.9983639677353338
0.9950787151894009
0.9915121449052448
0.9681674849385151
0.9560788834219736
0.7653548538666168
0.7729570259449896
-1.0806559665306612
-0.2502715439668949
-25.066146641123268
-25.087233458621192
-0.2514131947513514
-1.0837997321019595
0.7723694572807056
0.7647261477082448
0.9558788107057488
0.9680259146390192
0.9914563553960236
0.995047158225665
0.9983515090568177
0.9991568222159243
0.9996789965499292
0.9998454455433832
0.999935618731085
0.9999692716117801
0.9999859394226195
0.9999927697753583
0.9999960188626552
0.9999974284179991
0.9999980897418795
0.9999983873224392
0.9999985269323104
0.9999985913466637
0.9999986217612978
0.9999986360524619
0.9999986428573745
0.9999986460933783
0.9999986476339637
0.9999986483439502
0.999998648622787
0.9999986486224534
0.9999986483439449
0.9999986476336405
0.9999986460935704
0.9999986428572505
0.9999986360525674
0.9999986217608754
0.9999985913466949
0.9999985269320687
0.9999983873223472
0.9999980897420179
0.9999974284178571
0.9999960188629318
0.9999927697757824
0.9999859394222969
0.9999692716117685
0.999935618730913
0.9998454455436927
0.999678996550286
0.999156822215941
0.998351509057221
0.9950471582252967
0.9914563553960377
0.9680259146391933
0.9558788107062299
0.7647261477086204
0.7723694572808398
-1.083799732102373
-0.2514131947510697
-25.087233458620354
-25.096633142205434
-0.25192599030345414
-1.085212405023095
0.7721030003982863
0.7644404738154231
0.9557865495812075
0.967960179036329
0.9914297656292473
0.9950317610635329
0.998344987783587
0.9991537325793486
0.999678025487241
0.9998454071332263
0.9999360911225234
0.9999699809701543
0.999986770530654
0.9999936583514496
0.9999969358646844
0.9999983588613675
0.999999026669534
0.9999993273019652
0.9999994683576107
0.999999533447665
0.999999564177579
0.9999995786152921
0.9999995854881994
0.9999995887552696
0.9999995903098085
0.999999591025839
0.9999995913072479
0.9999995913066381
0.9999995910259691
0.9999995903091554
0.9999995887553839
0.999999585487807
0.999999578615655
0.9999995641771258
0.999999533447655
0.9999994683573072
0.9999993273021394
0.9999990266695842
0.9999983588615773
0.9999969358646639
0.999993658351489
0.9999867705306218
0.9999699809699121
0.9999360911225779
0.9998454071332565
0.9996780254876447
0.9991537325787537
0.9983449877834036
0.9950317610634507
0.9914297656296467
0.9679601790366333
0.9557865495809491
0.7644404738148609
0.7721030003988709
-1.085212405023436
-0.25192599030241425
-25.09663314220647
-25.100841057261157
-0.25215706855945885
-1.0858492260852988
0.7719820164426028
0.7643105578800875
0.9557441255769763
0.9679297954296866
0.991417247415523
0.9950243976267084
0.9983417340543812
0.9991520876829136
0.9996773813843107
0.9998452099782704
0.9999361412458412
0.999970147568184
0.999986997709625
0.9999939145686451
0.9999972066447487
0.9999986366317986
0.9999993078622801
0.9999996101283415
0.9999997519695087
0.999999817432057
0.9999998483383545
0.9999998628593901
0.9999998697708754
0.9999998730560613
0.9999998746184224
0.9999998753389315
0.9999998756216031
0.9999998756211486
0.9999998753392503
0.999999874618835
0.9999998730563098
0.9999998697705961
0.9999998628595681
0.9999998483383948
0.9999998174319336
0.9999997519696029
0.9999996101278971
0.9999993078619822
0.9999986366314673
0.9999972066446561
0.9999939145681724
0.9999869977103145
0.9999701475679652
0.9999361412460352
0.9998452099781014
0.9996773813848401
0.9991520876825895
0.9983417340544791
0.9950243976268427
0.9914172474159542
0.9679297954294457
0.9557441255766093
0.7643105578798182
0.7719820164426688
-1.085849226085432
-0.25215706855850883
-25.10084105726122
-25.10273151567013
-0.25226148531699333
-1.086137078330903
0.7719270119864678
0.7642514162775211
0.9557246480569646
0.9679157909383838
0.9914113993835052
0.9950209199255905
0.9983401543073158
0.9991512584164612
0.9996770218726698
0.999845062772792
0.999936112495864
0.9999701753516799
0.9999870552027914
0.9999939865007497
0.9999972859027089
0.9999987194568295
0.9999993924549917
0.9999996955776523
0.9999998378360364
0.9999999034990463
0.9999999345017787
0.9999999490685665
0.9999999560015624
0.9999999592974687
0.9999999608648855
0.9999999615874539
0.9999999618703895
0.9999999618700882
0.9999999615872147
0.9999999608647391
0.9999999592970839
0.9999999560014705
0.9999999490688316
0.9999999345019157
0.9999999034988156
0.9999998378362984
0.9999996955776662
0.9999993924556693
0.9999987194567437
0.9999972859029354
0.9999939865004903
0.9999870552026258
0.9999701753518011
0.9999361124960437
0.9998450627733522
0.9996770218726037
0.9991512584162306
0.9983401543072312
0.9950209199254192
0.9914113993833267
0.9679157909386299
0.9557246480567988
0.7642514162772562
0.7719270119863167
-1.0861370783304363
-0.25226148531707393
-25.102731515671607
-25.103583398414685
-0.2523087798867184
-1.086267496041886
0.7719019720767724
0.7642244641115166
0.9557157123914626
0.9679093464441559
0.991408681021625
0.9950192905451638
0.9983394000225156
0.9991508529429971
0.9996768358791317
0.9998449769429054
0.9999360829594236
0.9999701729766486
0.9999870672326795
0.9999940056142268
0.9999973086491596
0.9999987439936652
0.999999417889793
0.9999997214526377
0.9999998639278915
0.9999999296964983
0.9999999607505822
0.9999999753423079
0.9999999822872327
0.9999999855886743
0.9999999871586758
0.9999999878820076
0.9999999881656176
0.9999999881655003
0.9999999878824396
0.9999999871586429
0.9999999855883346
0.9999999822871092
0.9999999753420845
0.9999999607505677
0.9999999296963822
0.9999998639285137
0.9999997214521934
0.9999994178899303
0.9999987439932677
0.9999973086493256
0.9999940056145943
0.9999870672325619
0.9999701729767154
0.999936082959127
0.9998449769433921
0.9996768358785161
0.999150852942507
0.9983394000228788
0.9950192905448989
0.9914086810212162
0.9679093464440469
0.9557157123912103
0.7642244641117661
0.7719019720773087
-1.086267496041034
-0.25230877988702355
-25.10358339841665
-25.10396827369906
-0.2523302457811214
-1.0863267048869476
0.771890558736427
0.7642121680640226
0.9557116140372518
0.9679063835028825
0.9914074215208937
0.9950185311527875
0.9983390437052366
0.999150658337529
0.9996767434704112
0.999844931549182
0.999936064151342
0.9999701671153627
0.9999870682917272
0.9999940101110673
0.9999973149255686
0.9999987511563406
0.9999994255021118
0.9999997292871722
0.9999998718740377
0.9999999376968884
0.999999968778579
0.9999999833827468
0.9999999903342311
0.9999999936382424
0.9999999952099917
0.9999999959341217
0.9999999962179781
0.9999999962181947
0.999999995934359
0.9999999952102114
0.9999999936384978
0.9999999903340141
0.9999999833828493
0.9999999687782524
0.9999999376969818
0.9999998718742334
0.9999997292867057
0.9999994255020122
0.9999987511562705
0.9999973149252739
0.9999940101109244
0.9999870682913581
0.9999701671152216
0.999936064151243
0.9998449315500679
0.999676743469666
0.9991506583375112
0.998339043704906
0.9950185311530453
0.9914074215203521
0.9679063835033102
0.9557116140369294
0.7642121680647349
0.7718905587359844
-1.0863267048869094
-0.2523302457813792
-25.103968273698314
-25.104142550491773
-0.2523400063324127
-1.0863536334030965
0.7718853502772971
0.7642065524595878
0.9557097342107649
0.9679050218120403
0.9914068391759352
0.9950181784627945
0.9983388765677665
0.9991505660392812
0.999676698639972
0.9998449087017178
0.9999360537988864
0.9999701628952411
0.9999870673714047
0.99999401084537
0.9999973165226312
0.9999987531877579
0.9999994277550439
0.9999997316516082
0.9999998742941163
0.9999999401452977
0.999999971240386
0.9999999858513882
0.999999992806099
0.999999996112332
0.9999999976848117
0.9999999984097748
0.9999999986932073
0.9999999986934416
0.9999999984094514
0.9999999976852343
0.9999999961123934
0.9999999928063412
0.9999999858515961
0.9999999712403337
0.9999999401449833
0.9999998742946652
0.9999997316516909
0.9999994277556241
0.9999987531871934
0.999997316522568
0.9999940108449747
0.9999870673723015
0.999970162895581
0.9999360537989357
0.9998449087015755
0.9996766986396637
0.9991505660393181
0.9983388765677454
0.9950181784626577
0.9914068391762342
0.9679050218117502
0.955709734210813
0.7642065524598529
0.7718853502767602
-1.0863536334020922
-0.25234000633287257
-25.1041425504905
-25.10422162160679
-0.25234445159162944
-1.0863659000317978
0.7718829707521663
0.7642039852192279
0.9557088717543336
0.9679043960755629
0.9914065702800663
0.9950180150401772
0.9983387985410115
0.9991505226056872
0.9996766772144166
0.9998448975245413
0.9999360484724079
0.9999701604594831
0.9999870665001374
0.9999940107642734
0.9999973168560715
0.9999987537317832
0.9999994284075833
0.9999997323589916
0.9999998750294871
0.9999999408948113
0.9999999719967879
0.9999999866114153
0.999999993568337
0.9999999968751117
0.9999999984479329
0.9999999991725591
0.999999999456461
0.9999999994564974
0.9999999991730566
0.9999999984478803
0.9999999968747318
0.9999999935678016
0.9999999866118636
0.9999999719965118
0.9999999408949367
0.9999998750300982
0.9999997323597722
0.9999994284081495
0.9999987537312811
0.9999973168561814
0.999994010763716
0.9999870665008336
0.9999701604593674
0.9999360484723286
0.9998448975243288
0.9996766772144616
0.9991505226054564
0.9983387985405312
0.995018015040246
0.991406570280493
0.9679043960757467
0.9557088717544222
0.7642039852190874
0.7718829707520309
-1.0863659000309518
-0.2523444515913374
-25.104221621607213
-25.10425755975527
-0.25234647900210005
-1.0863714956839066
0.7718818825150562
0.7642028104506036
0.9557084759133905
0.9679041085010756
0.9914064462187302
0.9950179394327929
0.998338762232821
0.9991505022744589
0.9996766670743835
0.9998448921517246
0.9999360458315281
0.9999701591755639
0.9999870659546835
0.9999940105936145
0.9999973168838188
0.9999987538608981
0.999999428589297
0.999999732567511
0.9999998752524102
0.9999999411243773
0.9999999722297734
0.9999999868459891
0.999999993803617
0.999999997110598
0.9999999986841814
0.9999999994088224
0.9999999996929472
0.9999999996927297
0.999999999409211
0.9999999986839705
0.9999999971110568
0.9999999938037243
0.9999999868464606
0.9999999722297861
0.9999999411238423
0.9999998752523631
0.9999997325677152
0.9999994285896966
0.9999987538603727
0.9999973168835394
0.9999940105929892
0.9999870659546714
0.9999701591755499
0.9999360458309936
0.9998448921520183
0.9996766670743918
0.999150502274717
0.9983387622325666
0.9950179394327388
0.9914064462195551
0.9679041085011956
0.9557084759137044
0.764202810451031
0.7718818825149336
-1.0863714956838018
-0.25234647900171736
-25.104257559755034
-25.104273919264593
-0.2523474048627259
-1.086374051483639
0.7718813843439256
0.7642022723925832
0.9557082941533339
0.9679039763069319
0.9914063890064462
0.9950179044878562
0.9983387453745637
0.9991504927918324
0.9996766623065145
0.9998448895978983
0.9999360445507939
0.9999701585297629
0.9999870656557517
0.9999940104717994
0.9999973168567414
0.9999987538821782
0.9999994286360936
0.9999997326270504
0.9999998753186946
0.999999941193471
0.9999999723007155
0.9999999869181728
0.9999999938764128
0.9999999971836775
0.9999999987570141
0.9999999994815344
0.9999999997656509
0.9999999997661032
0.9999999994826831
0.999999998757079
0.9999999971833086
0.999999993875992
0.9999999869183558
0.9999999723007049
0.9999999411934832
0.9999998753181064
0.9999997326272554
0.9999994286360203
0.9999987538812523
0.9999973168564937
0.9999940104716207
0.9999870656560793
0.9999701585291125
0.9999360445502018
0.9998448895985848
0.9996766623064621
0.999150492792087
0.9983387453739445
0.9950179044878726
0.9914063890060623
0.9679039763064157
0.9557082941527493
0.7642022723927518
0.7718813843435909
-1.086374051483596
-0.25234740486274615
-25.104273919265083
-25.104281376761683
-0.2523478281690197
-1.0863752201761483
0.7718811560858916
0.7642020257467148
0.9557082106525324
0.9679039155191839
0.99140636262788
0.9950178883465672
0.9983387375592214
0.9991504883810685
0.9996766600753937
0.9998448883935439
0.9999360439379068
0.9999701582139038
0.999987065502639
0.9999940104023505
0.9999973168314225
0.9999987538799766
0.9999994286458833
0.9999997326434429
0.9999998753385966
0.9999999412148646
0.999999972323357
0.9999999869409519
0.9999999938990971
0.9999999972069558
0.9999999987803456
0.9999999995051527
0.9999999997890693
0.9999999997892408
0.9999999995051034
0.9999999987795405
0.9999999972062317
0.9999999938993249
0.9999999869411926
0.9999999723229049
0.9999999412153524
0.9999998753377587
0.9999997326442642
0.9999994286468686
0.9999987538799442
0.9999973168320793
0.9999940104020992
0.9999870655027499
0.9999701582133773
0.9999360439382888
0.9998448883936942
0.9996766600756539
0.999150488380985
0.9983387375591044
0.9950178883465974
0.9914063626278036
0.967903915519513
0.9557082106525503
0.7642020257474624
0.7718811560864065
-1.0863752201758374
-0.25234782816831935
-25.104281376762852
-25.10428478056491
-0.2523480219096431
-1.0863757551418787
0.7718810514128716
0.7642019125946047
0.955708172273386
0.9679038875564046
0.991406350466711
0.9950178808933585
0.9983387339399817
0.9991504863321816
0.9996766590338693
0.9998448878282168
0.9999360436480507
0.9999701580619664
0.9999870654265344
0.999994010365676
0.999997316815836
0.9999987538754552
0.9999994286472693
0.9999997326478939
0.9999998753439576
0.9999999412211689
0.9999999723296719
0.9999999869478702
0.9999999939060378
0.9999999972137561
0.999999998786379
0.999999999511879
0.9999999997955384
0.9999999997965756
0.9999999995122415
0.9999999987875148
0.9999999972132546
0.9999999939062303
0.9999999869478915
0.9999999723302065
0.9999999412215408
0.9999998753428196
0.9999997326474234
0.999999428647077
0.9999987538747612
0.9999973168156531
0.9999940103645202
0.9999870654269373
0.9999701580613541
0.9999360436480014
0.9998448878282242
0.9996766590347004
0.9991504863320331
0.9983387339393284
0.9950178808929702
0.9914063504665841
0.967903887556125
0.9557081722720859
0.764201912594437
0.7718810514128387
-1.0863757551426056
-0.25234802190840633
-25.10428478056716
-25.104286335935566
-0.2523481106666035
-1.0863760002545781
0.7718810033737082
0.7642018606459859
0.9557081546232449
0.9679038746880015
0.9914063448587255
0.9950178774523979
0.998338732264411
0.9991504853814879
0.9996766585490475
0.9998448875638584
0.9999360435110421
0.9999701579892114
0.999987065389599
0.999994010346857
0.9999973168068692
0.9999987538714181
0.9999994286461845
0.9999997326476062
0.9999998753446449
0.9999999412220395
0.9999999723315947
0.9999999869498046
0.9999999939080353
0.9999999972158202
0.9999999987891524
0.9999999995144986
0.999999999797568
0.9999999997988209
0.9999999995141062
0.999999998789314
0.9999999972151001
0.9999999939083352
0.9999999869501779
0.9999999723316038
0.9999999412229631
0.999999875343996
0.9999997326485144
0.9999994286463869
0.9999987538712105
0.9999973168069078
0.999994010346472
0.9999870653894016
0.9999701579890361
0.9999360435110749
0.999844887564316
0.9996766585489821
0.9991504853813129
0.9983387322642323
0.9950178774522049
0.9914063448586784
0.9679038746870867
0.9557081546230839
0.7642018606462988
0.7718810033744706
-1.0863760002548635
-0.25234811066735124
-25.1042863359372
-25.104287047380517
-0.25234815136387667
-1.0863761126540523
0.7718809813126593
0.7642018367804639
0.9557081465028886
0.9679038687634383
0.9914063422727151
0.9950178758639183
0.9983387314899965
0.9991504849414379
0.9996766583241141
0.9998448874403416
0.9999360434470171
0.9999701579551783
0.9999870653721783
0.999994010337584
0.9999973168021326
0.9999987538691725
0.9999994286455721
0.9999997326476617
0.9999998753454934
0.9999999412230833
0.9999999723328563
0.9999999869502001
0.9999999939088808
0.9999999972166056
0.9999999987898398
0.999999999514902
0.9999999997984077
0.9999999997991902
0.9999999995145663
0.9999999987897669
0.9999999972154368
0.9999999939085199
0.9999999869503653
0.999999972332129
0.9999999412235023
0.9999998753445081
0.9999997326484542
0.9999994286455766
0.9999987538698909
0.9999973168029095
0.9999940103375264
0.9999870653717202
0.999970157955234
0.9999360434467015
0.9998448874412973
0.9996766583234912
0.9991504849413524
0.9983387314894685
0.9950178758642045
0.9914063422731997
0.967903868762989
0.9557081465034806
0.7642018367802836
0.7718809813123132
-1.0863761126547697
-0.2523481513630801
-25.10428704738082
-25.1042873730453
-0.25234817003606846
-1.0863761642268557
0.7718809711750756
0.7642018258115297
0.9557081427662445
0.967903866036228
0.991406341080765
0.9950178751309957
0.9983387311316219
0.9991504847374921
0.9996766582194045
0.9998448873831894
0.9999360434171767
0.9999701579389826
0.9999870653633778
0.9999940103333036
0.9999973168003394
0.999998753868903
0.9999994286450389
0.9999997326478058
0.9999998753453451
0.999999941223268
0.999999972332474
0.999999986950445
0.9999999939088624
0.9999999972166456
0.9999999987896449
0.9999999995148533
0.9999999997986749
0.9999999997994456
0.9999999995154585
0.9999999987904362
0.9999999972163152
0.999999993909547
0.9999999869507836
0.9999999723327821
0.9999999412236003
0.9999998753452792
0.9999997326481893
0.9999994286451495
0.9999987538679512
0.9999973168007352
0.9999940103328209
0.999987065363948
0.9999701579393292
0.9999360434169904
0.9998448873840216
0.999676658219212
0.9991504847381217
0.9983387311311889
0.9950178751306844
0.9914063410804892
0.9679038660350048
0.9557081427665324
0.7642018258117613
0.7718809711761953
-1.0863761642257228
-0.25234817003577537
-25.10428737304299
-25.104287522079165
-0.25234817859431685
-1.086376187877565
0.7718809665215953
0.7642018207738832
0.9557081410471089
0.9679038647805203
0.991406340530903
0.9950178747928881
0.9983387309663658
0.999150484643363
0.9996766581709775
0.9998448873565957
0.9999360434035625
0.9999701579320066
0.9999870653602883
0.9999940103316138
0.9999973167995386
0.999998753868026
0.9999994286453119
0.999999732647763
0.9999998753456238
0.9999999412233992
0.9999999723331169
0.9999999869508034
0.9999999939091746
0.999999997216918
0.99999999879048
0.9999999995155151
0.9999999997995318
0.9999999997993159
0.9999999995156355
0.9999999987899643
0.9999999972165509
0.9999999939094768
0.9999999869512333
0.999999972332736
0.9999999412240081
0.999999875345067
0.9999997326481354
0.9999994286456038
0.9999987538682741
0.9999973168002065
0.9999940103309838
0.9999870653604215
0.99997015793134
0.999936043403487
0.999844887357286
0.9996766581712208
0.9991504846432329
0.9983387309659653
0.9950178747926006
0.9914063405319639
0.9679038647809906
0.9557081410482009
0.7642018207732348
0.7718809665207949
-1.0863761878793516
-0.25234817859632236
-25.1042875220753
-25.104287589934827
-0.252348182501751
-1.086376198670533
0.771880964394325
0.7642018184719179
0.9557081402614649
0.9679038642067158
0.9914063402795221
0.9950178746378433
0.9983387308900202
0.9991504845996475
0.9996766581486427
0.9998448873444342
0.9999360433968522
0.9999701579281586
0.9999870653573837
0.9999940103299418
0.9999973167986208
0.9999987538678761
0.9999994286444649
0.999999732647325
0.9999998753449881
0.9999999412233312
0.9999999723324939
0.9999999869507472
0.9999999939091355
0.9999999972168214
0.9999999987901165
0.9999999995146818
0.9999999997991194
0.9999999997989035
0.9999999995155122
0.9999999987899331
0.9999999972164753
0.9999999939088358
0.9999999869509214
0.9999999723324009
0.9999999412234475
0.9999998753448672
0.9999997326477654
0.9999994286452537
0.9999987538668607
0.9999973167990831
0.9999940103293077
0.9999870653581655
0.9999701579279094
0.9999360433962913
0.9998448873439755
0.9996766581487924
0.9991504845992865
0.9983387308901096
0.9950178746370117
0.991406340280043
0.9679038642062637
0.955708140261623
0.7642018184713739
0.7718809643943211
-1.0863761986695968
-0.2523481825036046
-25.10428758992842
-25.104287619982443
-0.25234818423264427
-1.0863762034566204
0.7718809634503293
0.7642018174497192
0.9557081399121138
0.9679038639511073
0.9914063401677562
0.9950178745687996
0.9983387308563447
0.9991504845800325
0.999676658138653
0.999844887338756
0.9999360433939084
0.9999701579262115
0.9999870653568439
0.9999940103299705
0.9999973167987342
0.9999987538677313
0.9999994286446767
0.9999997326476964
0.9999998753453011
0.9999999412231884
0.9999999723324948
0.9999999869501695
0.9999999939087316
0.9999999972166793
0.9999999987901173
0.9999999995148772
0.9999999997995141
0.9999999997988203
0.9999999995157494
0.9999999987897106
0.9999999972170892
0.9999999939091324
0.9999999869516176
0.9999999723318501
0.9999999412235303
0.9999998753451658
0.9999997326485277
0.9999994286449688
0.999998753866983
0.9999973167985188
0.9999940103292075
0.9999870653569316
0.9999701579265243
0.9999360433928226
0.9998448873398383
0.9996766581385367
0.9991504845809138
0.9983387308553944
0.9950178745688726
0.9914063401682514
0.96790386395143
0.9557081399127886
0.7642018174492134
0.7718809634507364
-1.08637620345566
-0.2523481842356722
-25.10428761998321
-25.1042876313727
-0.252348184894601
-1.0863762052742225
0.7718809630915053
0.7642018170608863
0.9557081397790039
0.9679038638540034
0.9914063401248635
0.9950178745426494
0.9983387308434505
0.9991504845730346
0.9996766581350762
0.9998448873364374
0.9999360433927693
0.9999701579257189
0.999987065356731
0.9999940103295581
0.9999973167985874
0.9999987538674096
0.999999428644595
0.9999997326473009
0.9999998753449861
0.9999999412232934
0.9999999723325148
0.9999999869503561
0.9999999939089907
0.9999999972170135
0.9999999987900521
0.9999999995149955
0.9999999997994145
0.9999999997988333
0.9999999995157121
0.9999999987896934
0.999999997216994
0.9999999939090747
0.999999986951277
0.9999999723318531
0.9999999412234912
0.9999998753453759
0.9999997326483309
0.999999428644688
0.9999987538669717
0.9999973167979781
0.9999940103294094
0.9999870653570152
0.9999701579255702
0.9999360433921219
0.9998448873377694
0.9996766581342976
0.9991504845729268
0.9983387308425712
0.9950178745426217
0.991406340125788
0.9679038638536496
0.9557081397798706
0.7642018170598069
0.7718809630914181
-1.0863762052745773
-0.2523481848942074
-25.104287631373325
-25.10428763136521
-0.2523481848987468
-1.0863762052743229
0.7718809630914889
0.7642018170601521
0.9557081397788977
0.9679038638536217
0.9914063401248794
0.9950178745425978
0.9983387308433591
0.9991504845733563
0.9996766581350134
0.9998448873365516
0.9999360433926254
0.9999701579258737
0.9999870653564342
0.9999940103293226
0.9999973167984879
0.9999987538673105
0.9999994286446721
0.9999997326472012
0.9999998753452737
0.9999999412234652
0.9999999723329422
0.9999999869508981
0.9999999939094302
0.999999997217043
0.9999999987899515
0.9999999995148494
0.9999999997993172
0.9999999997993314
0.9999999995157662
0.9999999987898427
0.9999999972165305
0.999999993908748
0.9999999869510066
0.999999972331785
0.9999999412237315
0.9999998753452115
0.9999997326476944
0.9999994286444094
0.999998753866753
0.9999973167986207
0.9999940103293411
0.9999870653568641
0.9999701579264024
0.9999360433921117
0.9998448873371951
0.9996766581345657
0.9991504845733756
0.9983387308428974
0.9950178745426069
0.9914063401251707
0.9679038638540708
0.9557081397788789
0.7642018170599658
0.7718809630904073
-1.0863762052738597
-0.2523481848955281
-25.104287631365523
-25.10428761996834
-0.2523481842392604
-1.0863762034560196
0.7718809634501935
0.7642018174489411
0.9557081399120274
0.9679038639506732
0.9914063401677249
0.9950178745691276
0.9983387308566449
0.9991504845808528
0.999676658138658
0.9998448873386048
0.999936043393899
0.9999701579268564
0.9999870653574596
0.9999940103304877
0.9999973167988225
0.9999987538676149
0.9999994286448435
0.9999997326478106
0.9999998753455026
0.999999941223755
0.9999999723325363
0.9999999869507332
0.9999999939089255
0.9999999972170077
0.9999999987903552
0.9999999995154223
0.9999999997997431
0.9999999997990274
0.9999999995155067
0.9999999987903394
0.9999999972169871
0.9999999939094936
0.9999999869512383
0.9999999723325181
0.9999999412240974
0.9999998753452979
0.9999997326481163
0.9999994286453915
0.9999987538674054
0.9999973167992846
0.9999940103292297
0.9999870653578471
0.9999701579264086
0.9999360433936797
0.999844887339546
0.999676658139001
0.9991504845808751
0.9983387308561105
0.995017874568457
0.9914063401679856
0.9679038639512791
0.9557081399119114
0.7642018174495999
0.771880963449407
-1.0863762034565625
-0.25234818423712957
-25.104287619976525
-25.104287589919764
-0.2523481825073355
-1.0863761986716851
0.7718809643936013
0.7642018184709756
0.9557081402619959
0.9679038642063378
0.9914063402800108
0.995017874637615
0.9983387308901434
0.999150484599394
0.9996766581487472
0.99984488734428
0.9999360433967472
0.9999701579280729
0.9999870653574403
0.9999940103304449
0.9999973167987459
0.9999987538682154
0.9999994286446886
0.9999997326474273
0.9999998753449637
0.9999999412229493
0.9999999723319991
0.9999999869502957
0.9999999939087567
0.9999999972166442
0.9999999987896022
0.9999999995147779
0.9999999997987079
0.9999999997989506
0.999999999515399
0.9999999987901163
0.9999999972159164
0.999999993908439
0.9999999869503745
0.9999999723321477
0.9999999412234906
0.9999998753452133
0.9999997326475811
0.9999994286448333
0.9999987538667381
0.9999973167990301
0.9999940103297518
0.9999870653585583
0.9999701579272192
0.9999360433961157
0.9998448873446208
0.9996766581483708
0.9991504845997565
0.998338730889502
0.9950178746372806
0.991406340279397
0.9679038642062716
0.9557081402608298
0.7642018184723844
0.7718809643937281
-1.086376198669532
-0.25234818250600705
-25.10428758992385
-25.104287522072525
-0.25234817859637004
-1.0863761878786748
0.7718809665212514
0.7642018207736972
0.9557081410473641
0.9679038647800555
0.9914063405312953
0.9950178747927787
0.9983387309664624
0.9991504846431218
0.9996766581713303
0.999844887356172
0.9999360434033774
0.9999701579318242
0.9999870653603686
0.9999940103313287
0.9999973167993161
0.9999987538676272
0.9999994286448788
0.9999997326473916
0.9999998753452364
0.9999999412230861
0.9999999723330348
0.999999986950644
0.9999999939093375
0.9999999972169958
0.999999998790533
0.9999999995152148
0.9999999997993926
0.9999999997991798
0.9999999995154827
0.9999999987896943
0.9999999972160041
0.9999999939092376
0.9999999869514031
0.9999999723326831
0.9999999412238567
0.9999998753449961
0.999999732647672
0.9999994286453682
0.9999987538682267
0.9999973168001852
0.99999401033056
0.9999870653593161
0.9999701579311061
0.9999360434033419
0.9998448873574987
0.999676658170449
0.999150484643679
0.9983387309649376
0.9950178747930642
0.991406340531285
0.96790386478088
0.9557081410475299
0.7642018207732832
0.7718809665196638
-1.086376187880104
-0.25234817859787007
-25.104287522075666
-25.104287373046247
-0.2523481700338952
-1.0863761642275025
0.7718809711748789
0.7642018258109492
0.9557081427660779
0.967903866035752
0.991406341081031
0.9950178751308164
0.9983387311315302
0.9991504847373749
0.9996766582193612
0.9998448873831738
0.9999360434173117
0.9999701579390274
0.9999870653633368
0.999994010333189
0.9999973168006164
0.9999987538682872
0.9999994286449255
0.9999997326475047
0.9999998753450295
0.999999941223152
0.9999999723327793
0.9999999869507121
0.9999999939093908
0.9999999972166782
0.999999998790132
0.9999999995151458
0.9999999997988116
0.9999999997991394
0.9999999995155064
0.9999999987902453
0.9999999972166758
0.9999999939095976
0.9999999869512176
0.9999999723325494
0.9999999412237068
0.999999875344742
0.9999997326477481
0.9999994286448826
0.9999987538676509
0.9999973168001615
0.9999940103328602
0.9999870653632323
0.9999701579392357
0.999936043417046
0.9998448873838766
0.9996766582189858
0.999150484737128
0.9983387311311527
0.9950178751309751
0.9914063410803547
0.9679038660350434
0.9557081427656797
0.7642018258122201
0.7718809711757868
-1.0863761642265706
-0.2523481700348349
-25.104287373045544
-25.10428704738164
-0.2523481513633704
-1.086376112654707
0.7718809813121877
0.7642018367802699
0.9557081465029376
0.9679038687631546
0.9914063422727184
0.9950178758635779
0.9983387314898007
0.9991504849414029
0.9996766583236225
0.9998448874404987
0.9999360434468352
0.9999701579555627
0.9999870653717225
0.9999940103379475
0.9999973168023986
0.9999987538694308
0.9999994286457311
0.9999997326481898
0.9999998753454653
0.9999999412237337
0.9999999723324657
0.9999999869504685
0.9999999939087932
0.9999999972162837
0.9999999987898052
0.9999999995148154
0.999999999798475
0.9999999997994377
0.9999999995152844
0.999999998790476
0.9999999972160583
0.9999999939086874
0.9999999869505765
0.9999999723325886
0.9999999412236387
0.9999998753446371
0.9999997326479847
0.9999994286457534
0.9999987538695467
0.9999973168031743
0.9999940103371798
0.9999870653717347
0.9999701579546652
0.9999360434468298
0.9998448874404104
0.9996766583237484
0.9991504849411522
0.9983387314900014
0.995017875863881
0.991406342273425
0.9679038687637163
0.9557081465031023
0.7642018367806281
0.7718809813121925
-1.0863761126546914
-0.25234815136213185
-25.104287047379124
-25.10428633594459
-0.2523481106617883
-1.086376000256104
0.7718810033740608
0.7642018606455525
0.9557081546228212
0.9679038746876162
0.9914063448583168
0.9950178774525846
0.9983387322644375
0.9991504853815655
0.9996766585489766
0.9998448875636856
0.999936043510678
0.9999701579892556
0.9999870653892402
0.9999940103462903
0.9999973168060868
0.9999987538710422
0.9999994286454215
0.9999997326470255
0.9999998753447185
0.9999999412224033
0.9999999723316861
0.999999986949625
0.9999999939078791
0.9999999972159799
0.9999999987893615
0.9999999995141409
0.9999999997979384
0.9999999997982986
0.999999999514089
0.9999999987886837
0.9999999972151152
0.9999999939080522
0.999999986949933
0.9999999723313097
0.9999999412230108
0.9999998753437627
0.9999997326487051
0.9999994286466487
0.9999987538710311
0.9999973168069564
0.9999940103457314
0.999987065389333
0.9999701579887563
0.9999360435112832
0.9998448875640593
0.9996766585494328
0.9991504853820166
0.9983387322644397
0.995017877452297
0.9914063448585966
0.9679038746876554
0.9557081546224915
0.7642018606464697
0.7718810033745763
-1.086376000254841
-0.25234811066511853
-25.10428633594119
-25.104284780569735
-0.25234802190594885
-1.0863757551423734
0.7718810514128456
0.7642019125943191
0.9557081722728422
0.96790388755635
0.9914063504663844
0.9950178808934631
0.9983387339398017
0.9991504863318101
0.9996766590337731
0.9998448878283834
0.9999360436482276
0.9999701580616134
0.9999870654260353
0.9999940103652234
0.9999973168154814
0.9999987538754548
0.9999994286468114
0.9999997326473662
0.999999875343276
0.9999999412205824
0.9999999723290214
0.9999999869473715
0.9999999939057498
0.9999999972133021
0.9999999987858197
0.9999999995114506
0.9999999997956566
0.9999999997961813
0.999999999512194
0.9999999987864991
0.9999999972127815
0.9999999939062658
0.9999999869477862
0.9999999723293469
0.9999999412209379
0.9999998753426281
0.9999997326474968
0.9999994286467986
0.9999987538738302
0.9999973168154817
0.999994010364877
0.999987065427236
0.9999701580613425
0.9999360436476727
0.9998448878283943
0.9996766590345272
0.9991504863313861
0.9983387339392811
0.9950178808933106
0.9914063504659344
0.9679038875554542
0.9557081722716609
0.7642019125946824
0.7718810514128228
-1.0863757551431859
-0.2523480219086887
-25.104284780567582
-25.104281376772825
-0.2523478281668565
-1.0863752201767494
0.7718811560865565
0.7642020257466863
0.9557082106528226
0.9679039155193725
0.9914063626284491
0.9950178883466454
0.9983387375594315
0.9991504883811825
0.9996766600754841
0.9998448883934956
0.999936043937774
0.9999701582138425
0.9999870655028815
0.9999940104025744
0.9999973168314076
0.9999987538800511
0.9999994286460517
0.9999997326436205
0.9999998753386261
0.9999999412154869
0.999999972323838
0.9999999869412248
0.9999999938991329
0.9999999972069977
0.9999999987807833
0.9999999995057992
0.999999999789291
0.9999999997891398
0.9999999995049145
0.9999999987799892
0.9999999972072484
0.9999999938998121
0.9999999869413669
0.9999999723236037
0.9999999412152794
0.9999998753384394
0.9999997326447034
0.9999994286469026
0.9999987538804289
0.9999973168322459
0.9999940104022922
0.9999870655026054
0.9999701582137148
0.9999360439383114
0.9998448883941811
0.9996766600756897
0.9991504883810955
0.9983387375596726
0.9950178883465864
0.9914063626279369
0.9679039155195264
0.9557082106536585
0.7642020257487403
0.7718811560868928
-1.0863752201759986
-0.2523478281667976
-25.104281376771954
-25.10427391926442
-0.25234740486507834
-1.0863740514834554
0.7718813843430858
0.7642022723932425
0.9557082941536968
0.9679039763076607
0.9914063890069801
0.9950179044879044
0.9983387453745951
0.9991504927920397
0.9996766623065299
0.9998448895978715
0.999936044550685
0.9999701585295697
0.9999870656556937
0.9999940104712213
0.9999973168570949
0.9999987538824757
0.9999994286370171
0.9999997326275252
0.9999998753189707
0.9999999411935379
0.9999999723010333
0.9999999869181815
0.9999999938767469
0.999999997184121
0.9999999987565258
0.999999999481113
0.9999999997653664
0.999999999766481
0.999999999482469
0.9999999987576156
0.9999999971834433
0.9999999938764347
0.9999999869186242
0.9999999723012676
0.9999999411936085
0.9999998753187662
0.9999997326278525
0.9999994286361971
0.9999987538819963
0.9999973168567284
0.9999940104716134
0.9999870656563825
0.9999701585299885
0.999936044550882
0.9998448895984873
0.9996766623071185
0.9991504927912596
0.9983387453746306
0.9950179044865206
0.9914063890075324
0.9679039763065977
0.9557082941537709
0.7642022723923481
0.7718813843431418
-1.086374051482947
-0.25234740486227414
-25.104273919266447
-25.10425755975449
-0.2523464790007667
-1.0863714956826873
0.7718818825150322
0.7642028104508933
0.9557084759134927
0.967904108501536
0.9914064462184442
0.9950179394326997
0.9983387622326445
0.9991505022743743
0.9996766670744061
0.9998448921517098
0.9999360458319292
0.9999701591754935
0.9999870659546459
0.9999940105935159
0.9999973168843888
0.9999987538611672
0.9999994285897897
0.999999732567782
0.9999998752528618
0.9999999411242364
0.999999972229802
0.9999999868459921
0.9999999938039592
0.9999999971104527
0.9999999986843227
0.999999999409346
0.9999999996936078
0.9999999996930252
0.9999999994087257
0.9999999986838818
0.9999999971111171
0.9999999938036296
0.9999999868464067
0.9999999722290387
0.999999941124178
0.9999998752521146
0.9999997325682526
0.9999994285897478
0.9999987538608438
0.9999973168836782
0.9999940105932341
0.999987065955338
0.9999701591752705
0.9999360458315523
0.9998448921515763
0.9996766670743908
0.9991505022739678
0.9983387622321283
0.9950179394326389
0.9914064462197583
0.9679041085008084
0.9557084759135035
0.7642028104504508
0.7718818825151554
-1.0863714956838284
-0.2523464790012745
-25.104257559756135
-25.104221621602683
-0.25234445159283014
-1.0863659000309571
0.771882970751838
0.7642039852196227
0.9557088717541593
0.9679043960756027
0.9914065702798327
0.9950180150402637
0.9983387985410337
0.9991505226056083
0.9996766772143886
0.9998448975244685
0.9999360484722951
0.9999701604597373
0.9999870665006598
0.99999401076425
0.9999973168560388
0.9999987537315902
0.9999994284073632
0.9999997323591285
0.9999998750292947
0.9999999408947169
0.9999999719963842
0.9999999866116667
0.9999999935682147
0.9999999968750872
0.9999999984477188
0.9999999991726147
0.9999999994560471
0.9999999994566209
0.9999999991723341
0.9999999984479687
0.9999999968746174
0.9999999935677923
0.9999999866109875
0.9999999719967503
0.9999999408947297
0.9999998750300098
0.9999997323591967
0.9999994284077642
0.9999987537310387
0.9999973168557268
0.9999940107634733
0.9999870665001062
0.9999701604593171
0.9999360484722554
0.9998448975246903
0.9996766772141907
0.9991505226054844
0.9983387985405572
0.9950180150407342
0.9914065702799995
0.9679043960749923
0.955708871753958
0.7642039852191835
0.7718829707511643
-1.086365900031573
-0.2523444515935044
-25.10422162160499
-25.104142550486216
-0.252340006334057
-1.086353633403017
0.7718853502764711
0.7642065524596563
0.9557097342105995
0.9679050218119735
0.9914068391756939
0.9950181784623987
0.9983388765675113
0.999150566038822
0.9996766986396202
0.999844908701307
0.9999360537982596
0.9999701628946882
0.9999870673713891
0.9999940108452487
0.999997316522244
0.9999987531870889
0.9999994277544372
0.9999997316513247
0.9999998742936753
0.9999999401447937
0.9999999712396461
0.9999999858509458
0.99999999280595
0.9999999961118536
0.9999999976849288
0.9999999984090971
0.9999999986931671
0.9999999986931355
0.9999999984096899
0.9999999976850116
0.999999996112622
0.999999992806232
0.9999999858519417
0.9999999712400645
0.9999999401451538
0.9999998742946741
0.9999997316511382
0.999999427754444
0.9999987531864967
0.9999973165220356
0.9999940108455573
0.9999870673719846
0.9999701628954554
0.9999360537984205
0.9998449087019183
0.9996766986393756
0.9991505660396269
0.9983388765678418
0.9950181784634253
0.9914068391757487
0.9679050218114126
0.9557097342106033
0.7642065524592525
0.7718853502774339
-1.0863536334034616
-0.25234000633283327
-25.104142550487694
-25.10396827371123
-0.2523302457796355
-1.0863267048858147
0.7718905587371303
0.7642121680646383
0.9557116140367965
0.9679063835032164
0.9914074215203547
0.9950185311531652
0.998339043705267
0.9991506583379233
0.9996767434705922
0.9998449315494582
0.9999360641516062
0.9999701671158803
0.9999870682920338
0.9999940101115563
0.9999973149252643
0.9999987511564097
0.9999994255018796
0.9999997292872322
0.9999998718741099
0.9999999376971992
0.9999999687787172
0.9999999833828187
0.9999999903346972
0.9999999936382902
0.9999999952109564
0.9999999959346808
0.9999999962192414
0.9999999962183731
0.9999999959348953
0.9999999952100258
0.9999999936387693
0.9999999903340534
0.9999999833831945
0.9999999687789562
0.9999999376971358
0.9999998718745755
0.9999997292871046
0.999999425502994
0.9999987511567877
0.9999973149259831
0.9999940101109317
0.9999870682910871
0.9999701671152572
0.9999360641515636
0.9998449315499949
0.9996767434703928
0.9991506583370988
0.9983390437055795
0.9950185311524637
0.9914074215209183
0.9679063835033245
0.9557116140372189
0.7642121680645502
0.7718905587371645
-1.0863267048870395
-0.2523302457792795
-25.103968273705227
-25.10358339841754
-0.2523087798869911
-1.086267496041792
0.771901972076859
0.76422446411191
0.9557157123920081
0.9679093464447905
0.9914086810214768
0.9950192905450279
0.9983394000219983
0.9991508529430015
0.9996768358789151
0.99984497694327
0.9999360829595858
0.9999701729768162
0.9999870672323397
0.9999940056138861
0.9999973086493629
0.999998743993721
0.9999994178900542
0.9999997214524923
0.9999998639280301
0.9999999296965001
0.99999996075077
0.999999975342358
0.9999999822873732
0.999999985588704
0.9999999871585381
0.9999999878816567
0.999999988165551
0.999999988165608
0.9999999878824206
0.999999987159151
0.999999985588818
0.9999999822868919
0.999999975342063
0.999999960750292
0.9999999296963374
0.9999998639277877
0.9999997214519794
0.9999994178891258
0.9999987439926774
0.9999973086488194
0.9999940056141341
0.9999870672330223
0.9999701729766296
0.9999360829592195
0.9998449769428752
0.9996768358785834
0.9991508529425049
0.9983394000228198
0.9950192905447927
0.9914086810216249
0.9679093464439168
0.955715712391264
0.764224464112175
0.771901972076687
-1.0862674960420808
-0.25230877988629963
-25.10358339841428
-25.102731515671852
-0.25226148531642434
-1.0861370783310487
0.7719270119871158
0.7642514162777772
0.9557246480569468
0.9679157909381046
0.9914113993831566
0.9950209199255092
0.9983401543072605
0.9991512584166717
0.9996770218722342
0.9998450627728841
0.999936112495585
0.9999701753515101
0.9999870552025107
0.9999939865009175
0.999997285902624
0.9999987194564489
0.9999993924546448
0.9999996955773811
0.999999837835805
0.99999990349934
0.9999999345014472
0.9999999490679622
0.9999999560012302
0.9999999592976179
0.9999999608645319
0.999999961587392
0.9999999618702529
0.999999961870158
0.9999999615870929
0.9999999608643135
0.9999999592969684
0.9999999560017871
0.9999999490693301
0.999999934501062
0.9999999034988016
0.999999837835875
0.999999695577419
0.999999392454846
0.9999987194568303
0.9999972859026344
0.9999939865003804
0.9999870552025825
0.999970175351252
0.9999361124959778
0.9998450627733274
0.9996770218731921
0.9991512584162621
0.9983401543070256
0.9950209199256199
0.9914113993837212
0.9679157909392369
0.9557246480569427
0.7642514162776477
0.7719270119869286
-1.0861370783312236
-0.2522614853171421
-25.10273151567178
-25.100841057264994
-0.2521570685568519
-1.085849226085776
0.7719820164439762
0.7643105578797057
0.9557441255764902
0.9679297954288002
0.9914172474155286
0.9950243976264764
0.998341734054129
0.9991520876824798
0.999677381383904
0.999845209977996
0.9999361412454965
0.9999701475678369
0.999986997709274
0.9999939145682253
0.9999972066442588
0.9999986366310387
0.9999993078618837
0.9999996101274911
0.9999997519692796
0.9999998174314662
0.9999998483384172
0.9999998628596186
0.9999998697711474
0.9999998730558451
0.9999998746182972
0.9999998753391489
0.9999998756217925
0.9999998756215773
0.9999998753389129
0.9999998746185643
0.9999998730558683
0.9999998697700372
0.9999998628587343
0.9999998483380081
0.9999998174316833
0.9999997519696462
0.9999996101274418
0.999999307862163
0.999998636631301
0.9999972066445828
0.9999939145684895
0.9999869977099322
0.9999701475676543
0.99993614124533
0.9998452099774537
0.999677381384362
0.9991520876824111
0.9983417340540934
0.9950243976269121
0.9914172474155069
0.9679297954297905
0.9557441255759135
0.7643105578807254
0.7719820164433506
-1.0858492260842292
-0.25215706855713627
-25.100841057260673
-25.096633142205313
-0.25192599030044616
-1.0852124050231593
0.7721030004001166
0.7644404738157389
0.9557865495817107
0.9679601790362151
0.9914297656294445
0.9950317610637739
0.9983449877835013
0.9991537325795652
0.9996780254872049
0.9998454071331374
0.9999360911223376
0.9999699809699096
0.9999867705304907
0.9999936583509961
0.9999969358643506
0.9999983588613428
0.9999990266694965
0.9999993273020317
0.9999994683572888
0.9999995334473368
0.9999995641775337
0.9999995786153475
0.9999995854876285
0.9999995887549904
0.9999995903097694
0.9999995910260628
0.9999995913070212
0.9999995913065027
0.9999995910254563
0.9999995903092849
0.9999995887547709
0.9999995854880679
0.9999995786154963
0.9999995641771047
0.9999995334473765
0.9999994683574756
0.9999993273012804
0.9999990266695713
0.9999983588606519
0.999996935864508
0.9999936583516067
0.9999867705308362
0.9999699809697251
0.999936091122124
0.9998454071333289
0.99967802548683
0.9991537325786666
0.9983449877835727
0.995031761063134
0.9914297656284119
0.9679601790361401
0.9557865495799004
0.7644404738163708
0.7721030003988026
-1.0852124050226988
-0.2519259903027409
-25.09663314220854
-25.087233458612037
-0.25141319475123836
-1.0837997321006865
0.7723694572807347
0.7647261477072029
0.9558788107058807
0.9680259146383182
0.9914563553963183
0.9950471582258713
0.9983515090570855
0.999156822216
0.9996789965498079
0.9998454455429264
0.999935618730476
0.9999692716119251
0.9999859394227353
0.9999927697757749
0.999996018862521
0.9999974284180861
0.9999980897420953
0.9999983873231675
0.9999985269325644
0.9999985913474685
0.9999986217613663
0.9999986360524471
0.9999986428573184
0.9999986460934693
0.9999986476336452
0.9999986483444092
0.9999986486228338
0.9999986486229773
0.999998648343958
0.9999986476344047
0.9999986460940176
0.999998642858263
0.9999986360526711
0.9999986217612411
0.9999985913467813
0.9999985269327234
0.9999983873219983
0.9999980897419547
0.9999974284177455
0.9999960188636471
0.9999927697751725
0.9999859394228048
0.9999692716110713
0.9999356187315689
0.9998454455439136
0.9996789965506799
0.9991568222160654
0.9983515090576749
0.995047158225705
0.9914563553956557
0.9680259146399763
0.9558788107057223
0.7647261477094032
0.7723694572807198
-1.0837997321015895
-0.2514131947481677
-25.087233458617167
-25.066146641127837
-0.2502715439682363
-1.0806559665298812
0.7729570259450662
0.7653548538659682
0.9560788834232113
0.968167484938647
0.9915121449060764
0.9950787151888285
0.9983639677349944
0.9991620151867817
0.999679741805809
0.9998442681755568
0.999933399733153
0.9999665785485498
0.9999830057955386
0.9999897247891343
0.999992919499253
0.9999943038434247
0.9999949531531556
0.9999952451921926
0.9999953822036777
0.9999954454299802
0.9999954752927843
0.9999954893352101
0.9999954960248454
0.9999954992090236
0.9999955007258982
0.9999955014264095
0.9999955017007081
0.9999955017004967
0.9999955014258668
0.9999955007264155
0.9999954992092173
0.9999954960242496
0.9999954893339159
0.9999954752931911
0.9999954454297242
0.9999953822039589
0.9999952451917922
0.9999949531533863
0.9999943038433438
0.99999291949917
0.9999897247896727
0.9999830057964243
0.9999665785482248
0.9999333997324895
0.9998442681742821
0.9996797418050059
0.9991620151866052
0.9983639677355773
0.9950787151898375
0.9915121449052597
0.9681674849392328
0.9560788834221524
0.7653548538677226
0.772957025945403
-1.0806559665298305
-0.2502715439668595
-25.066146641128988
-25.018595976467502
-0.24772000192948546
-1.0736334194666495
0.7742540375651337
0.7667390892133323
0.9565106383469193
0.9684700498463046
0.9916268963724162
0.9951412135419959
0.9983856241723034
0.9991684325035273
0.999676935857235
0.9998375558877779
0.9999246022113691
0.9999568501899099
0.9999728134835186
0.9999793212888494
0.999982415003438
0.9999837531258666
0.9999843809378636
0.9999846631349345
0.9999847956650024
0.9999848568394274
0.9999848857855973
0.9999848994064391
0.9999849059113853
0.999984909010996
0.9999849104916376
0.9999849111759178
0.999984911444139
0.9999849114439867
0.999984911174721
0.9999849104910999
0.9999849090108699
0.9999849059117745
0.9999848994065386
0.999984885784851
0.9999848568389713
0.9999847956647558
0.9999846631352927
0.9999843809393154
0.9999837531269271
0.9999824150037352
0.9999793212886154
0.9999728134829269
0.999956850189026
0.999924602211312
0.9998375558879877
0.9996769358579735
0.9991684325038493
0.9983856241724671
0.9951412135419317
0.9916268963722769
0.9684700498476464
0.956510638347339
0.7667390892137005
0.774254037563761
-1.0736334194682657
-0.24772000193147106
-25.018595976467285
-24.910673129521758
-0.24199080782892102
-1.0578737434228727
0.7771183001636555
0.7697863178403614
0.957434311607801
0.9691087308706179
0.9918548668211506
0.9952574631958715
0.9984151715648315
0.9991665322766008
0.999656164315901
0.9998090349126889
0.9998919815641178
0.9999224581502909
0.9999375446911941
0.9999436672367276
0.999946577027291
0.999947834318628
0.9999484242401206
0.9999486899388961
0.9999488147796041
0.9999488726606439
0.9999489000634334
0.9999489130397183
0.9999489192371274
0.9999489222129463
0.9999489236329486
0.9999489242947763
0.9999489245533405
0.9999489245536531
0.9999489242944641
0.9999489236340987
0.9999489222143216
0.9999489192378506
0.9999489130397887
0.9999489000642465
0.9999488726604672
0.9999488147802005
0.9999486899378068
0.9999484242387124
0.9999478343174011
0.9999465770261569
0.9999436672369171
0.9999375446905887
0.9999224581506538
0.9998919815646428
0.9998090349121541
0.9996561643156092
0.9991665322769103
0.9984151715659917
0.9952574631969638
0.9918548668209995
0.9691087308689168
0.9574343116072153
0.7697863178403935
0.7771183001636655
-1.0578737434235717
-0.2419908078281811
-24.910673129525
-24.663729533695484
-0.22904995846608156
-1.0223136573971239
0.7834421092034844
0.7764807668776506
0.9593824554983158
0.9704270230916288
0.9922799306639292
0.9954453893367001
0.9984219868944371
0.9991093388763661
0.9995614177258654
0.9996991745120012
0.9997743765338816
0.9998015355935685
0.9998150512893583
0.9998204776256867
0.9998230749868315
0.9998241903283513
0.9998247193047686
0.9998249565834749
0.9998250697553425
0.9998251220044762
0.9998251472143327
0.9998251590777025
0.9998251648726737
0.9998251676277884
0.9998251689758093
0.9998251695947016
0.9998251698421692
0.9998251698422624
0.9998251695931333
0.9998251689750316
0.9998251676269518
0.9998251648721272
0.9998251590775444
0.9998251472146924
0.999825122003936
0.9998250697561878
0.9998249565845445
0.999824719305388
0.9998241903303189
0.9998230749872505
0.9998204776263975
0.9998150512885831
0.999801535593879
0.9997743765331487
0.9996991745121435
0.999561417726321
0.9991093388753233
0.9984219868947823
0.9954453893367818
0.9922799306643454
0.9704270230923346
0.959382455499326
0.7764807668781272
0.7834421092032459
-1.0223136573960354
-0.2290499584636514
-24.66372953369565
-24.092371009884452
-0.19961005479266763
-0.9414656007300619
0.7973536482973518
0.7911409649491693
0.96337535896625
0.973049765129655
0.9929628069935943
0.9956401918636302
0.9982411736768689
0.998804298097342
0.9991822107125367
0.9992923936458652
0.9993529578828524
0.9993744420811959
0.9993850870447967
0.9993894008875712
0.9993914383406955
0.9993923431321231
0.9993927631118809
0.9993929616689174
0.9993930535625117
0.9993930988783861
0.9993931198982512
0.999393130557108
0.9993931355136072
0.999393138068128
0.999393139245693
0.99939313983408
0.9993931400539902
0.9993931400540991
0.9993931398336976
0.9993931392452579
0.9993931380689018
0.9993931355134557
0.9993931305580293
0.9993931198977756
0.9993930988787281
0.9993930535621904
0.9993929616696612
0.9993927631120734
0.9993923431323009
0.9993914383396899
0.9993894008881697
0.9993850870450239
0.9993744420819141
0.9993529578838427
0.9992923936446304
0.9991822107137542
0.9988042980959593
0.9982411736779625
0.9956401918626337
0.992962806994113
0.9730497651283581
0.9633753589671004
0.7911409649487716
0.7973536482981327
-0.9414656007282334
-0.1996100547870922
-24.092371009876885
-22.751954244658208
-0.13187236646288156
-0.7563320152921282
0.8278374266877928
0.8228100270105547
0.9711986489445185
0.9778244607973847
0.9936479661300954
0.9953080511410695
0.9971764610576588
0.9974931616227698
0.9977387345662194
0.9977960359251765
0.997832895791769
0.9978436432436824
0.9978501117037593
0.9978522970321608
0.9978536139836882
0.9978540992149154
0.9978543979913044
0.9978545133406194
0.9978545854517555
0.9978546140169036
0.9978546319307574
0.9978546391384359
0.9978546436353808
0.9978546454560211
0.9978546465730869
0.9978546470063856
0.9978546472208405
0.9978546472214342
0.9978546470068755
0.9978546465735144
0.9978546454564834
0.997854643635124
0.9978546391387415
0.9978546319310975
0.9978546140172908
0.9978545854511987
0.9978545133393152
0.9978543979892339
0.9978540992145819
0.9978536139831603
0.9978522970326555
0.9978501117031883
0.9978436432441165
0.997832895791565
0.99779603592409
0.9977387345664089
0.9974931616227158
0.9971764610579749
0.9953080511409362
0.9936479661304423
0.9778244607968412
0.9711986489437603
0.8228100270084071
0.8278374266872323
-0.7563320152920401
-0.13187236646039557
-22.751954244662787
-19.528242573890523
0.02563508361981283
-0.3248248164597142
0.8927587936741292
0.890713215694301
0.9844865960474358
0.9852120496250817
0.9921111140512597
0.9920014653182216
0.9923346829472011
0.9922729695893344
0.9922449563959836
0.992232004540522
0.9922186205104382
0.992217375052185
0.9922143475693495
0.9922146114388973
0.9922140817947339
0.9922142763554234
0.9922142056096204
0.9922142793724853
0.9922142753611489
0.9922142982418811
0.9922142999938275
0.9922143064270769
0.9922143073784433
0.9922143090847542
0.9922143094044439
0.9922143098193726
0.9922143098881938
0.9922143098875699
0.9922143098173881
0.9922143094030833
0.9922143090848708
0.9922143073786751
0.9922143064260871
0.9922142999941004
0.9922142982408215
0.9922142753615625
0.9922142793736379
0.992214205611738
0.9922142763571231
0.9922140817952001
0.9922146114391324
0.9922143475696102
0.992217375052159
0.9922186205107548
0.9922320045400911
0.9922449563972573
0.9922729695888999
0.992334682948065
0.9920014653185995
0.9921111140529258
0.9852120496263695
0.9844865960494371
0.8907132156955413
0.8927587936767645
-0.32482481645864064
0.025635083622693754
-19.528242573895625
-11.599994882242687
0.4070174527496576
0.6739006075210561
1.0310011456041894
1.022586804580662
1.0021518164956646
0.9871413523797837
0.9784243685724547
0.9738703727742528
0.9720741963782509
0.9710218442817371
0.9707097585933386
0.9704908566643778
0.9704410847507864
0.9703977252450644
0.9703903112567162
0.970381920111225
0.9703808970034217
0.9703792868774849
0.970379159979279
0.9703788503094383
0.9703788371036269
0.9703787768027755
0.9703787758399659
0.9703787638200378
0.9703787638017873
0.9703787613209243
0.9703787613218275
0.9703787608098909
0.9703787608090284
0.9703787608089831
0.9703787608106582
0.9703787613222044
0.9703787613217535
0.9703787638007513
0.9703787638200234
0.9703787758406668
0.9703787768025336
0.9703788371043447
0.9703788503072648
0.9703791599773658
0.970379286875815
0.970380897003072
0.9703819201117401
0.9703903112578824
0.9703977252447686
0.9704410847504585
0.9704908566632813
0.9707097585938635
0.9710218442809797
0.9720741963795616
0.9738703727736863
0.9784243685724759
0.9871413523770095
1.0021518164955068
1.022586804578561
1.0310011456039385
0.6739006075183702
0.407017452749984
-11.599994882246051
10.010798838749107
1.3148751586841474
3.21213905520091
1.241410419243147
1.2955228253114068
0.9641245950788873
0.9451920790081985
0.8902417229636691
0.8846511668343606
0.8752756671475055
0.8741244832687621
0.8724687489398657
0.8722502647987697
0.8719484291223092
0.8719068396614902
0.8718501998788704
0.8718419407863851
0.8718310088125809
0.8718292688307716
0.8718270967498267
0.8718267077063803
0.8718262627563682
0.8718261713595625
0.8718260772722115
0.8718260550330312
0.8718260344988691
0.8718260289905583
0.8718260244200002
0.8718260231199764
0.8718260222999545
0.8718260222997387
0.8718260231200246
0.8718260244206213
0.8718260289928821
0.8718260345003558
0.8718260550336729
0.8718260772718474
0.871826171358574
0.8718262627563556
0.871826707705939
0.8718270967498589
0.8718292688313344
0.8718310088131829
0.87184194078534
0.8718501998783119
0.8719068396617129
0.8719484291242439
0.8722502647988519
0.8724687489405494
0.8741244832695914
0.8752756671493325
0.8846511668349585
0.8902417229645015
0.9451920790087622
0.9641245950809141
1.2955228253098645
1.2414104192431341
3.21213905519984
1.3148751586849288
10.010798838749409
66.80750893929016
4.546556024969437
7.419061912046881
1.606255818709264
1.0272905739384288
0.4376698757436285
0.24430665149900388
0.17465683600326765
0.13272717052889693
0.12286431872221693
0.11470995847483696
0.11306007385251127
0.11152076812697484
0.11120845865674414
0.11091702371317112
0.11085296116035598
0.11079670090233405
0.11078287634509346
0.1107717073035327
0.11076862174432876
0.11076633303404781
0.11076562745108601
0.11076514315413018
0.11076497878560668
0.11076487315513531
0.11076483432682152
0.11076481070550558
0.11076480154538909
0.11076479640436021
0.11076479470576546
0.1107647947061282
0.11076479640295112
0.11076480154514076
0.11076481070616129
0.11076483432762793
0.11076487315391317
0.11076497878531091
0.11076514315282711
0.11076562745071769
0.11076633303188532
0.11076862174299501
0.11077170730229381
0.11078287634325744
0.11079670090158346
0.1108529611591422
0.11091702371325204
0.11120845865614423
0.11152076812565084
0.11306007384985317
0.11470995847370148
0.1228643187207375
0.13272717052797828
0.174656836002592
0.24430665149852096
0.43766987574332084
1.027290573942105
1.6062558187122953
7.419061912048647
4.546556024966314
66.80750893928625
577.7638639874924
-0.20066086782579523
15.588439415334722
-24.171023350720375
-23.44922302299284
-27.31118340435392
-27.37929942922908
-27.826132870936526
-27.860516191916204
-27.92001385188063
-27.928904898233565
-27.937840379439905
-27.93982696706953
-27.941311501666185
-27.941736449999865
-27.94200418622731
-27.9420945427971
-27.942146092012507
-27.942165501348278
-27.942175954138698
-27.942180194399064
-27.942182402967944
-27.942183346867047
-27.94218382912201
-27.94218404308954
-27.94218415115047
-27.94218420034335
-27.942184224791127
-27.942184235719232
-27.942184240104687
-27.942184240115367
-27.942184235675757
-27.942184224819567
-27.942184200334694
-27.94218415116871
-27.94218404305184
-27.942183829142518
-27.9421833468594
-27.942182403005027
-27.942180194345276
-27.94217595414301
-27.942165501339243
-27.942146092035735
-27.94209454279221
-27.942004186239508
-27.9417364499915
-27.94131150169258
-27.9398269670289
-27.937840379458287
-27.9289048982316
-27.92001385191156
-27.860516191911202
-27.826132870907706
-27.37929942925235
-27.31118340434561
-23.44922302302077
-24.17102335070152
15.588439415351903
-0.20066086781202042
577.7638639874858