269.25713357831916
25.428028791429742
22.85148083836186
-1.0592058047999329
-7.164304255230679
-12.968169356885266
-15.987791690039025
-18.152513463093662
-19.535859429809364
-20.491873440074592
-21.14261353823657
-21.595755644518654
-21.912186405618414
-22.135249804921166
-22.29325506858271
-22.405799389808067
-22.486297709275664
-22.544099759343666
-22.58574013316907
-22.615822674473108
-22.63760492143091
-22.653402665563235
-22.66486753360411
-22.673180215799384
-22.67918519713448
-22.68348515146596
-22.686507044493112
-22.688548214404136
-22.689808023059136
-22.690408844692296
-22.690408844698673
-22.689808023066686
-22.688548214392647
-22.686507044500935
-22.683485151456345
-22.679185197138267
-22.67318021582124
-22.66486753358803
-22.653402665592722
-22.637604921406947
-22.61582267446979
-22.58574013317849
-22.54409975934479
-22.486297709276528
-22.405799389803146
-22.293255068572737
-22.13524980493878
-21.91218640562534
-21.595755644533234
-21.142613538222264
-20.49187344007619
-19.5358594297859
-18.152513463109905
-15.98779169003291
-12.968169356885191
-7.164304255254718
-1.0592058047825808
22.85148083836859
25.42802879140149
269.2571335783257
86.20800189081021
11.086846385993528
15.144313838807538
6.067844673770111
4.035329115093692
1.571160907776156
0.2589958382700774
-0.7455260093851777
-1.4071912968183153
-1.8793509114348002
-2.2081778027205345
-2.441870567851858
-2.607807420871958
-2.7264977861645923
-2.811632545332479
-2.872945614271404
-2.917229824596994
-2.9493057599701613
-2.9725938065833475
-2.989536464079994
-3.0018824859607802
-3.0108882099038454
-3.017458076257223
-3.0222440579791168
-3.0257159523345285
-3.0282112407144552
-3.029970380023517
-3.031161633188908
-3.0318982569754276
-3.032249970698917
-3.032249970700616
-3.031898256975678
-3.03116163318993
-3.029970380025379
-3.028211240713783
-3.0257159523341572
-3.0222440579775984
-3.0174580762567036
-3.010888209903033
-3.0018824859607145
-2.989536464081048
-2.9725938065851127
-2.949305759974674
-2.9172298245992208
-2.8729456142720355
-2.811632545330138
-2.726497786164378
-2.6078074208687765
-2.441870567851362
-2.2081778027195327
-1.8793509114379419
-1.4071912968173228
-0.7455260093885492
0.2589958382713454
1.5711609077796123
4.035329115094746
6.067844673774478
15.14431383880715
11.086846385996067
86.2080018908157
33.217249999769294
5.159573088850967
7.978087229496046
4.0552262277374975
3.2904987602123716
2.1284834876206338
1.4970718347366823
0.981729952328966
0.6310506104629285
0.3718537133221459
0.1864658016691016
0.05148496029836175
-0.04634261791969283
-0.11759733552009344
-0.1695271471236658
-0.20746020662108594
-0.23520659032455826
-0.2555335902731314
-0.27044366905445655
-0.2813923378662775
-0.28943811106152095
-0.29535217379189815
-0.2996966962177826
-0.3028814915254624
-0.30520482816609484
-0.30688287120933566
-0.30807082777357936
-0.30887801390112235
-0.3093783948495941
-0.3096176779995886
-0.30961767800010753
-0.3093783948502663
-0.3088780139011304
-0.3080708277740651
-0.30688287120980207
-0.3052048281666526
-0.3028814915265467
-0.29969669621851663
-0.2953521737918404
-0.28943811106093476
-0.28139233786636664
-0.27044366905517514
-0.25553359027369915
-0.2352065903237699
-0.20746020662076692
-0.1695271471223057
-0.11759733551994916
-0.04634261791889468
0.051484960298660024
0.1864658016697182
0.37185371332276906
0.6310506104626914
0.9817299523281943
1.4970718347365977
2.1284834876206014
3.2904987602133415
4.055226227736557
7.978087229496733
5.159573088851296
33.21724999977077
10.337679906465407
2.2242292902742653
3.8305615440240937
2.3781237314712813
2.1551973078749973
1.6694724248188602
1.3983705360527556
1.1586482183923157
0.9887066474795212
0.8574823746504541
0.7604058690062978
0.6875143625259825
0.6332728041299631
0.5928213331849634
0.562717474107975
0.5403106263306615
0.523641701469277
0.5112418977083388
0.5020194125490052
0.4951611239115953
0.49006283353336444
0.48627575413426594
0.48346701767369477
0.48139016694026326
0.47986331947743976
0.4787530295847757
0.4779624534478004
0.4774227632134561
0.47708704976680805
0.4769261702851808
0.47692617028557777
0.47708704976691674
0.47742276321409766
0.4779624534478516
0.4787530295853285
0.4798633194772889
0.48139016693999337
0.48346701767313094
0.48627575413410745
0.49006283353313107
0.49516112391137646
0.502019412548609
0.5112418977080904
0.523641701469368
0.5403106263301082
0.5627174741075308
0.5928213331841521
0.6332728041291152
0.6875143625252467
0.7604058690064082
0.8574823746506532
0.9887066474801167
1.1586482183919353
1.3983705360535497
1.669472424818586
2.155197307874805
2.378123731470507
3.8305615440233898
2.224229290273347
10.33767990646519
-1.217556481130036
0.5847899569996451
1.4322466707836856
1.2808279574601131
1.3223063369539994
1.2108313236814268
1.1415518581799808
1.0636896452184086
1.0027122379808349
0.9510246854217312
0.9101824630181807
0.8777410065275011
0.852462489926515
0.8328477046978089
0.817742181889537
0.8061555444335244
0.7973035408092475
0.7905603243095359
0.7854368615206626
0.7815527765726479
0.7786147237762322
0.7763976005471721
0.7747296140256015
0.7734803274943569
0.772551326998202
0.7718689978744109
0.7713790212196951
0.7710422515385258
0.7708317122932049
0.7707305077990432
0.7707305077995862
0.7708317122935269
0.7710422515392408
0.7713790212197257
0.7718689978745223
0.7725513269983739
0.7734803274942124
0.7747296140259348
0.7763976005469201
0.7786147237755636
0.781552776572393
0.7854368615202194
0.7905603243100623
0.7973035408092819
0.8061555444334274
0.8177421818892334
0.8328477046976671
0.8524624899265806
0.8777410065276778
0.9101824630179972
0.9510246854215805
1.002712237981536
1.0636896452182443
1.1415518581807156
1.2108313236810178
1.3223063369536252
1.2808279574593893
1.4322466707826318
0.5847899569994321
-1.2175564811309803
-7.5533058232864185
-0.38107775887479733
0.01052699794196934
0.5841828946066115
0.7668395151798002
0.8705345104686104
0.918338216426729
0.9374034414793175
0.9429762469257913
0.9410273077415314
0.9360693086752738
0.9299584836921353
0.9238784877260273
0.91831275473394
0.9134796727157349
0.9094122443917205
0.9060655432088687
0.9033555592118319
0.9011880958378846
0.8994713317528436
0.89812259785777
0.8970706851391927
0.8962561524368082
0.8956305098089241
0.8951549710936244
0.894799099712364
0.8945395403654488
0.8943589246709911
0.8942449899923699
0.8941899223202392
0.894189922320335
0.8942449899921172
0.894358924671427
0.8945395403647354
0.8947990997125221
0.8951549710931883
0.8956305098085984
0.8962561524372845
0.8970706851390207
0.898122597857598
0.8994713317527898
0.9011880958380643
0.9033555592121476
0.9060655432090632
0.9094122443915946
0.9134796727159307
0.9183127547343797
0.9238784877262257
0.9299584836926398
0.9360693086750137
0.9410273077414392
0.9429762469261618
0.9374034414787171
0.9183382164274361
0.8705345104676789
0.7668395151793641
0.5841828946063492
0.010526997941798871
-0.381077758873412
-7.553305823284264
-11.200157390291025
-0.9662247577966112
-0.8512751565046792
0.14264389942792044
0.4051697833351809
0.6361605330852012
0.7537566823569916
0.8318133123923532
0.8784821509707208
0.9077856911440746
0.9257333843681128
0.9367007729208207
0.9432635847734647
0.9470866418109913
0.9492152370415571
0.9503120062261776
0.9507943862579985
0.950923292959398
0.9508600039082191
0.9507023932165999
0.9505083756757955
0.950310900202997
0.9501275831523758
0.9499668384300362
0.9498317606932486
0.9497225568827576
0.9496380505408978
0.9495765964520593
0.949536624539705
0.9495169523015103
0.9495169523013482
0.9495366245391339
0.9495765964523133
0.9496380505403825
0.9497225568828659
0.9498317606930113
0.9499668384297921
0.9501275831527134
0.9503109002031617
0.9505083756759984
0.9507023932170993
0.9508600039080015
0.9509232929594404
0.9507943862577517
0.9503120062260724
0.9492152370417136
0.947086641811238
0.9432635847731647
0.9367007729209178
0.9257333843675615
0.9077856911443711
0.8784821509710046
0.8318133123919049
0.7537566823568841
0.6361605330845004
0.40516978333515885
0.14264389942816585
-0.8512751565052985
-0.9662247577961995
-11.200157390290455
-13.366902943793605
-1.3271776354209965
-1.3828500697533639
-0.1383410905064556
0.17107873426321207
0.479059777838039
0.639143386594458
0.7536183938946256
0.8259361347360111
0.8749938042198484
0.9075960299694368
0.929626629707916
0.9444801072623967
0.9545350291923733
0.9613394846232779
0.9659450729830339
0.9690583538349808
0.9711589578424802
0.97257229555974
0.9735197345397971
0.9741518851269588
0.974571229531655
0.9748474388487411
0.9750278025019309
0.9751443308437066
0.9752185949573344
0.9752650172037328
0.97529309524853
0.9753088842148843
0.9753159528492679
0.9753159528493516
0.9753088842148561
0.9752930952484155
0.9752650172039169
0.9752185949572723
0.9751443308439021
0.9750278025015854
0.9748474388486572
0.9745712295319454
0.9741518851270137
0.9735197345398765
0.9725722955597116
0.9711589578425528
0.9690583538346476
0.9659450729828368
0.9613394846232446
0.9545350291922761
0.9444801072628468
0.929626629707399
0.9075960299693014
0.8749938042197577
0.8259361347360771
0.7536183938948662
0.6391433865942286
0.4790597778387164
0.17107873426342457
-0.13834109050618362
-1.3828500697538806
-1.3271776354223945
-13.36690294379518
-14.683193699317508
-1.5528004048822104
-1.7151775586042115
-0.31807903679189814
0.019572857313710217
0.3749273846333121
0.5612999354660493
0.6985338068360639
0.7870159954565141
0.8486410400815023
0.8906539117650025
0.9198580144967742
0.9401397605912745
0.9543151376803278
0.9642415584942361
0.9712127148095222
0.9761167151644135
0.9795719928555751
0.9820091889387819
0.9837296861834037
0.9849447836982141
0.9858029605167481
0.9864086708466231
0.9868354348632957
0.9871349548493356
0.9873434774248272
0.987486224678654
0.9875804621898012
0.9876375910016767
0.9876645250949637
0.9876645250952119
0.9876375910016721
0.9875804621893222
0.9874862246789151
0.9873434774246792
0.9871349548491214
0.9868354348634003
0.9864086708461788
0.9858029605171637
0.98494478369815
0.9837296861834579
0.9820091889387494
0.9795719928553155
0.9761167151647155
0.9712127148093124
0.9642415584935442
0.9543151376804555
0.940139760592039
0.9198580144968269
0.8906539117650403
0.8486410400812716
0.7870159954562288
0.6985338068366473
0.5612999354659292
0.3749273846338562
0.019572857313802535
-0.318079036791734
-1.71517755860429
-1.5528004048818005
-14.683193699316405
-15.496054346251992
-1.6952930597854319
-1.9251451801336363
-0.4336392860274324
-0.07868158944590281
0.30622046856781
0.5090668097270397
0.6606695247700398
0.7594258765141813
0.8290967389821642
0.8771789532924703
0.9110448842672845
0.9348817859589234
0.9517772070914232
0.9637810721266004
0.9723390462028165
0.9784539473229827
0.9828326164679192
0.9859732460112414
0.9882290103182233
0.9898508184418298
0.9910174233226003
0.9918563635742019
0.9924587102763441
0.9928894452939683
0.9931947854793264
0.9934073399762681
0.9935497194927957
0.9936370218951251
0.9936784831058705
0.9936784831058649
0.9936370218955821
0.9935497194924665
0.9934073399765709
0.9931947854790508
0.992889445294066
0.9924587102760557
0.9918563635743067
0.9910174233228348
0.9898508184414645
0.9882290103181157
0.9859732460108236
0.9828326164681952
0.9784539473232778
0.9723390462029201
0.963781072126374
0.9517772070918313
0.9348817859589961
0.9110448842676855
0.8771789532923935
0.8290967389818897
0.7594258765137656
0.660669524770084
0.509066809726591
0.306220468568328
-0.07868158944610672
-0.43363928602735874
-1.9251451801336203
-1.6952930597855302
-15.49605434625224
-16.004366067598546
-1.7860335007055488
-2.0589286402092957
-0.5082861553998022
-0.1425746779883309
0.2609566465929328
0.4742305011441538
0.63498245090193
0.7403167251418317
0.8151684401001873
0.8671820482805107
0.9040861113303875
0.9302545224463714
0.9489452836221643
0.9623293736597899
0.9719486505743264
0.9788788961573561
0.9838835325941604
0.9875042479346401
0.990127781731197
0.9920308834023208
0.9934121893977133
0.9944145027531188
0.9951405780308777
0.9956642950095229
0.996038592598816
0.9963010889728887
0.996478037684631
0.9965870667266501
0.9966390062285597
0.9966390062289004
0.9965870667265873
0.996478037684801
0.9963010889726497
0.9960385925983781
0.9956642950100886
0.9951405780306399
0.9944145027535973
0.9934121893978118
0.9920308834018885
0.9901277817312701
0.9875042479339154
0.9838835325946735
0.9788788961571553
0.9719486505747744
0.9623293736596279
0.9489452836223276
0.9302545224461732
0.9040861113304886
0.8671820482804741
0.8151684401000482
0.740316725142027
0.6349824509016612
0.47423050114427767
0.2609566465927896
-0.14257467798889373
-0.5082861553995843
-2.0589286402089715
-1.7860335007048747
-16.00436606760058
-16.325388627523196
-1.844211616243343
-2.1447575866660955
-0.5567075788129614
-0.18424174509701413
0.23113779472861548
0.451065743799946
0.617684687948223
0.7272564158630095
0.8054612618577368
0.8600317797242589
0.8989216643530096
0.926621920252043
0.9464985190818491
0.9607992311947314
0.971127252656216
0.9786050711456784
0.9840325036278961
0.9879793498719021
0.9908541549131127
0.9929505439539706
0.994480209682786
0.9955960334885898
0.9964085263795748
0.9969975070926442
0.9974204243181373
0.9977182728050135
0.9979197721553098
0.9980442692038429
0.9981036800048344
0.998103680004629
0.9980442692037481
0.9979197721547585
0.9977182728052183
0.9974204243179186
0.9969975070928206
0.9964085263795015
0.9955960334881906
0.9944802096832268
0.9929505439539184
0.9908541549134413
0.9879793498717384
0.9840325036278768
0.9786050711458929
0.9711272526560055
0.9607992311949187
0.9464985190818678
0.9266219202516741
0.8989216643527361
0.860031779724443
0.8054612618584753
0.7272564158633066
0.6176846879486206
0.451065743799302
0.23113779472839596
-0.18424174509712582
-0.556707578813199
-2.1447575866659863
-1.8442116162419078
-16.32538862752464
-16.529749602254288
-1.8817238786500994
-2.2001346056798425
-0.5882343754051883
-0.2114893355841955
0.2114795028416601
0.43568190701631626
0.6060853413786225
0.7184010680207367
0.7987857961381732
0.855025401177407
0.8952169892182109
0.9239257190585808
0.9445864703135471
0.9594960848806315
0.9702971221237405
0.9781421375663849
0.9838544700278434
0.9880221581386852
0.9910679533222004
0.9932965225242967
0.9949281389204441
0.9961223371083967
0.9969947715932694
0.997629216843607
0.9980861381464545
0.9984087977850653
0.9986275772677337
0.9987629851965809
0.9988276732335758
0.9988276732331153
0.9987629851969583
0.9986275772672757
0.9984087977855216
0.9980861381469299
0.9976292168436113
0.9969947715929848
0.9961223371077087
0.9949281389204285
0.9932965225241194
0.9910679533223159
0.9880221581393807
0.9838544700277394
0.9781421375666541
0.970297122123044
0.9594960848812062
0.9445864703129961
0.9239257190581498
0.8952169892182125
0.8550254011776264
0.7987857961382505
0.7184010680212596
0.6060853413784579
0.4356819070162351
0.21147950284114048
-0.2114893355840146
-0.5882343754053736
-2.20013460567934
-1.8817238786503054
-16.529749602253105
-16.660697311385114
-1.9060266015868046
-2.2360343221245227
-0.6088288463696025
-0.22935335481848645
0.19850548788219996
0.425468895755139
0.598325633400945
0.7124261371720183
0.7942334882919881
0.8515661907406822
0.892613298584334
0.9219872716250415
0.9431672437017897
0.9584816067922036
0.9695983193673978
0.9776893897047183
0.9835934240548427
0.9879103374143107
0.9910721636665896
0.9933908099514569
0.9950921963399231
0.9963402522403702
0.9972540424042431
0.9979199736727726
0.998400525849457
0.9987404804863034
0.998971335851231
0.9991143831398754
0.9991827704515879
0.9991827704519993
0.9991143831393308
0.9989713358516791
0.9987404804860521
0.998400525849482
0.9979199736727767
0.9972540424043399
0.9963402522404268
0.9950921963397429
0.9933908099511533
0.991072163667146
0.9879103374138561
0.9835934240549167
0.977689389704443
0.9695983193670759
0.9584816067921742
0.9431672437021155
0.9219872716253523
0.8926132985848851
0.8515661907399852
0.7942334882921169
0.7124261371717809
0.5983256334002581
0.4254688957556678
0.19850548788153213
-0.2293533548181161
-0.60882884636942
-2.2360343221251124
-1.906026601587857
-16.660697311383707
-16.745062647658912
-1.921835367340785
-2.259401435561828
-0.6223210936557748
-0.24109297437816563
0.18993222959437786
0.4186873401740191
0.5931411269688476
0.708406894707072
0.7911457738405905
0.8491964132446888
0.8908071410643033
0.9206207728938126
0.9421450131998967
0.957728643080051
0.9690560859220836
0.9773119890028834
0.9833449058195926
0.9877625102489226
0.9910029180708956
0.9933827943197174
0.9951317813243346
0.9964167144429911
0.9973589204163058
0.9980465574981472
0.9985434497939885
0.9988953954746664
0.9991346419217553
0.9992830063666405
0.9993539711208398
0.9993539711208974
0.9992830063666099
0.999134641922135
0.9988953954743104
0.9985434497941184
0.9980465574981896
0.9973589204157733
0.9964167144436931
0.9951317813240552
0.9933827943194478
0.991002918071187
0.9877625102486756
0.9833449058196797
0.9773119890030453
0.9690560859212071
0.9577286430806133
0.9421450131995839
0.9206207728936139
0.8908071410645759
0.8491964132449252
0.7911457738403762
0.7084068947066435
0.593141126968737
0.41868734017465625
0.18993222959508588
-0.2410929743786267
-0.622321093655744
-2.2594014355623484
-1.9218353673401567
-16.745062647657367
-16.799667373617233
-1.9321548000441953
-2.2746638113489768
-0.631183196852201
-0.2488244202194591
0.18425964770179093
0.4141820391313243
0.5896792066923697
0.7057082377369138
0.7890588468700177
0.8475822132306423
0.8895650526639696
0.919669761288475
0.9414225711027637
0.9571854969753104
0.9686536780645066
0.9770200038411536
0.9831395302404705
0.987625014959066
0.9909185687190728
0.9933399897623223
0.9951213780487411
0.9964314926838462
0.9973931618327083
0.9980957093129356
0.9986038561084811
0.9989640802302848
0.9992091310562001
0.999361178937413
0.999433930828449
0.9994339308284914
0.999361178937813
0.9992091310564184
0.9989640802298323
0.9986038561080146
0.9980957093126548
0.9973931618325258
0.9964314926843238
0.9951213780483995
0.9933399897625743
0.9909185687188231
0.9876250149595462
0.9831395302402889
0.9770200038408317
0.9686536780644627
0.957185496975738
0.9414225711021802
0.9196697612884327
0.8895650526645089
0.8475822132308442
0.789058846868823
0.7057082377370814
0.5896792066919889
0.4141820391323961
0.1842596477013887
-0.24882442021903495
-0.6311831968516493
-2.2746638113494266
-1.9321548000448703
-16.799667373617993
-16.83514926837579
-1.9389113944477234
-2.284662438140385
-0.6370174275572182
-0.25392609345273187
0.18050150947249866
0.4111869501310478
0.5873678858459308
0.7038982709201065
0.7876516155190616
0.8464869421535236
0.8887159261915589
0.9190136486839631
0.9409184022922079
0.9568008234143013
0.9683630491807715
0.9768033611503207
0.9829810781830592
0.9875122976942745
0.990841760499261
0.9932913321534076
0.9950947378446456
0.9964220117606396
0.9973969795027731
0.9981097409414831
0.998625615503692
0.9989915357312036
0.9992405872272332
0.9993951772021257
0.9994691634619943
0.999469163461714
0.9993951772013983
0.9992405872271231
0.9989915357309257
0.9986256155033544
0.9981097409412498
0.9973969795034158
0.9964220117604459
0.9950947378452344
0.9932913321530799
0.9908417604994555
0.9875122976937747
0.982981078182726
0.9768033611506928
0.9683630491810188
0.9568008234145302
0.9409184022923178
0.9190136486835281
0.8887159261911428
0.8464869421535541
0.7876516155194946
0.7038982709201309
0.5873678858460607
0.4111869501303531
0.18050150947253452
-0.25392609345253114
-0.6370174275574363
-2.284662438139838
-1.9389113944457037
-16.835149268377208
-16.858283788501602
-1.9433469535064245
-2.2912298434149747
-0.6408661493670536
-0.25729842225739336
0.17800863301465547
0.4091943384272013
0.5858245767709491
0.7026850860123014
0.7867041601425687
0.845745758206782
0.8881378396602762
0.9185637339842996
0.9405696107563764
0.9565317412161741
0.9681568461320678
0.9766467444129998
0.9828635567503479
0.9874255795836304
0.9907792888050996
0.9932479164132934
0.995066263954823
0.9964052117637426
0.9973892486576648
0.9981089915246416
0.9986301592270849
0.9989999882124112
0.9992517892306632
0.9994081283038911
0.9994829644825516
0.9994829644821845
0.9994081283033311
0.9992517892304815
0.9989999882125573
0.9986301592272446
0.9981089915250532
0.9973892486575018
0.9964052117634992
0.9950662639549526
0.9932479164128387
0.9907792888054805
0.9874255795834859
0.9828635567499335
0.976646744413155
0.9681568461324506
0.9565317412162507
0.9405696107560695
0.9185637339843952
0.8881378396597099
0.8457457582070411
0.7867041601427204
0.7026850860119146
0.585824576771449
0.40919433842702546
0.17800863301482453
-0.2572984222574828
-0.6408661493665532
-2.2912298434150262
-1.943346953508545
-16.85828378850303
-16.87341241313191
-1.9462655744869566
-2.2955534198896173
-0.6434096980146948
-0.25953116398004417
0.17635311248602398
0.4078676340980988
0.5847937994494348
0.7018721498267458
0.7860668960439681
0.8452451190743668
0.8877454340205564
0.9182565513352599
0.9403297998572786
0.9563451439642414
0.9680123144832442
0.9765354565715161
0.9827785365660855
0.9873613018019054
0.9907313748941036
0.9932128924725145
0.995041369916327
0.9963882496943839
0.9973784620018704
0.9981029683915968
0.9986277544417232
0.9990002598298768
0.9992539460719119
0.9994114856535162
0.9994869055526205
0.9994869055525324
0.9994114856541648
0.9992539460717141
0.9990002598297328
0.99862775444165
0.9981029683919211
0.997378462001632
0.9963882496945382
0.9950413699161195
0.9932128924724548
0.9907313748938085
0.987361301802365
0.9827785365661289
0.9765354565715874
0.9680123144830349
0.956345143964237
0.9403297998574947
0.918256551335327
0.8877454340205106
0.8452451190747875
0.7860668960434971
0.701872149826985
0.5847937994489191
0.4078676340984799
0.17635311248544358
-0.2595311639799859
-0.6434096980134967
-2.295553419889841
-1.9462655744853858
-16.873412413129877
-16.883331240616208
-1.9481899654099177
-2.298405530305338
-0.6450934027311654
-0.2610115215768197
0.1752524969332848
0.40698362478053457
0.5841050966487122
0.7013274645806563
0.7856385441985632
0.8449073991974668
0.8874796353709677
0.9180474834459498
0.9401656599764268
0.9562165557919652
0.9679118829060825
0.9764573195434398
0.9827180502172131
0.9873147812733312
0.9906958944347268
0.9931861260909212
0.9950214656116008
0.9963737293111029
0.9973681413695517
0.9980958932558579
0.9986231487179134
0.9989974833768458
0.9992524597144862
0.999410821584385
0.9994866415307861
0.999486641530445
0.9994108215845683
0.9992524597146467
0.9989974833770863
0.9986231487176376
0.9980958932561534
0.9973681413698443
0.9963737293108025
0.9950214656115408
0.9931861260902561
0.990695894434986
0.9873147812735046
0.9827180502173178
0.9764573195432993
0.9679118829057622
0.9562165557916241
0.9401656599770405
0.918047483446123
0.8874796353711889
0.8449073991974165
0.7856385441982117
0.701327464580477
0.5841050966489227
0.40698362478052724
0.1752524969338271
-0.2610115215766345
-0.64509340273182
-2.2984055303070923
-1.9481899654084012
-16.883331240618084
-16.889848939064606
-1.9494610610968541
-2.3002902513337786
-0.6462095050927612
-0.2619942579651841
0.17452009068169227
0.40639418081199374
0.5836447786558178
0.7009625122173788
0.785350743030446
0.8446797987275014
0.8872998816678351
0.9179055312212001
0.9400536932431285
0.956128356164391
0.9678425385631582
0.9764029308752173
0.9826755230153605
0.9872816562134047
0.9906702154162862
0.9931663351466353
0.9950063198526701
0.9963622347021645
0.997359499833333
0.9980894601739038
0.9986183985432928
0.9989939815192661
0.9992498392086084
0.9994087633045083
0.999484856916864
0.9994848569173488
0.9994087633046458
0.999249839208452
0.9989939815194017
0.9986183985425133
0.9980894601744292
0.9973594998330445
0.9963622347018959
0.9950063198533826
0.9931663351465556
0.9906702154163711
0.9872816562132314
0.9826755230151747
0.9764029308751107
0.9678425385632488
0.9561283561645213
0.9400536932429439
0.9179055312218287
0.8872998816673954
0.8446797987279181
0.785350743029845
0.7009625122172111
0.5836447786563583
0.4063941808118262
0.17452009068234364
-0.261994257965818
-0.64620950509204
-2.3002902513341272
-1.9494610610962757
-16.889848939067193
-16.89413981241664
-1.950301878684713
-2.3015375060928958
-0.6469502085343042
-0.2626473127535077
0.1740323341042146
0.40600093091490697
0.5833370237742999
0.7007179901298339
0.7851574478751577
0.8445265330212588
0.8871784759700029
0.9178093332642434
0.939977520431241
0.9560680796478505
0.9677948925681745
0.9763653189694466
0.9826458820202946
0.9872583437964362
0.990651923230335
0.9931520194026044
0.9949951463929216
0.9963535351390223
0.9973527364770813
0.998084197807255
0.9986142815473766
0.9989907151444435
0.99924717399998
0.9994064818753503
0.9994827623825786
0.9994827623826907
0.9994064818758684
0.9992471739998141
0.9989907151447315
0.9986142815470833
0.998084197807147
0.9973527364768282
0.9963535351385207
0.9949951463934532
0.9931520194026486
0.9906519232307234
0.9872583437968454
0.9826458820203158
0.976365318969636
0.9677948925677494
0.9560680796480581
0.9399775204310983
0.9178093332642148
0.8871784759689249
0.844526533021908
0.7851574478750758
0.7007179901298555
0.5833370237749516
0.4060009309147567
0.17403233410421232
-0.26264731275408304
-0.6469502085346065
-2.301537506093308
-1.950301878682649
-16.894139812415155
-16.896968682123596
-1.95085865469622
-2.302363748693932
-0.6474421564009782
-0.26308156691703855
0.1737073641833422
0.40573850729769595
0.5831312647460556
0.7005541959889641
0.7850276942816992
0.8444234140746846
0.8870965833417582
0.9177442572500739
0.9399258215232937
0.9560270142864704
0.9677622879956012
0.976339445537419
0.9826253634920176
0.9872420831562844
0.9906390452941092
0.9931418249024391
0.9949870756067514
0.9963471388166505
0.9973476525640927
0.998080132683816
0.9986109948082762
0.9989880071141972
0.9992448753358387
0.9994044447246224
0.9994808526381345
0.9994808526374066
0.9994044447247307
0.9992448753357084
0.9989880071144335
0.998610994808476
0.9980801326837201
0.9973476525640674
0.9963471388166214
0.9949870756069477
0.9931418249027935
0.9906390452946332
0.9872420831561943
0.9826253634917334
0.976339445537302
0.9677622879959344
0.9560270142865126
0.939925821523319
0.9177442572490291
0.8870965833422687
0.844423414074679
0.7850276942814312
0.7005541959893005
0.5831312647457927
0.40573850729811745
0.17370736418319774
-0.26308156691662243
-0.6474421564013115
-2.3023637486950292
-1.9508586546982012
-16.89696868212273
-16.89883491048311
-1.9512274580132578
-2.302911249461136
-0.647768908966071
-0.26337031303658925
0.17349090376873924
0.4055634575578649
0.5829937817592553
0.7004445680493049
0.7849406878757192
0.8443541288497818
0.8870414375671907
0.9177003270323302
0.9398908238211396
0.9559991259524222
0.9677400635577023
0.9763217329677317
0.9826112450529103
0.9872308263933659
0.9906300651041143
0.9931346531501524
0.9949813370350307
0.9963425317689015
0.9973439335347097
0.9980771038470991
0.9986084938943064
0.9989858990859635
0.9992430454535707
0.9994027926391911
0.999479287204238
0.999479287204635
0.9994027926387319
0.9992430454542358
0.99898589908574
0.998608493894296
0.9980771038474565
0.9973439335344934
0.9963425317696455
0.994981337034829
0.9931346531497031
0.9906300651046333
0.9872308263930474
0.9826112450531233
0.9763217329677871
0.9677400635576066
0.9559991259531411
0.9398908238211914
0.9177003270321578
0.8870414375672473
0.8443541288498821
0.7849406878756932
0.7004445680490582
0.5829937817587982
0.4055634575579272
0.17349090376872203
-0.2633703130374306
-0.6477689089656282
-2.3029112494611086
-1.9512274580152047
-16.89883491048033
-16.900065052750815
-1.9514714651396734
-2.303273612540716
-0.6479856328279824
-0.26356201716813554
0.17334696409896214
0.4054469050539188
0.5829021046781716
0.7003713560489531
0.7848824876466283
0.8443077013099797
0.8870044133304763
0.9176707697626989
0.9398672201051068
0.9559802659996682
0.9677249872071054
0.9763096741734709
0.9826015928986302
0.9872230927512387
0.9906238595868176
0.9931296630257185
0.9949773112902969
0.996339268343635
0.9973412690758826
0.998074905439027
0.9986066523251079
0.9989843233167357
0.9992416579986121
0.9994015256242261
0.999478078908747
0.9994780789093036
0.999401525623904
0.9992416579987404
0.998984323316527
0.9986066523247128
0.9980749054392692
0.9973412690764483
0.9963392683442196
0.9949773112900238
0.9931296630253889
0.9906238595871797
0.9872230927507502
0.9826015928988581
0.9763096741734787
0.967724987207245
0.955980265999703
0.9398672201053577
0.9176707697629076
0.8870044133309194
0.8443077013097734
0.7848824876463243
0.7003713560485886
0.5829021046780755
0.4054469050536469
0.17334696409950195
-0.2635620171683837
-0.6479856328276796
-2.303273612541525
-1.9514714651391185
-16.90006505274866
-16.90087265877915
-1.9516322007515594
-2.3035123894968503
-0.6481287160110059
-0.26368869370245074
0.1732517159207943
0.4053696916575537
0.5828412901982194
0.7003227266777047
0.7848437740472494
0.844276771576197
0.8869797068446584
0.9176510098745507
0.9398514081265892
0.9559676028648654
0.9677148381483098
0.9763015322749553
0.9825950535059058
0.9872178322167602
0.990619618797693
0.993126234181425
0.9949745274070383
0.9963369948356344
0.9973393969953368
0.9980733460125908
0.998605332502577
0.9989831821109068
0.9992406434217063
0.9994005920745288
0.999477184876155
0.9994771848763311
0.999400592074946
0.9992406434216072
0.998983182110558
0.9986053325022337
0.9980733460123123
0.9973393969956471
0.9963369948356291
0.9949745274071249
0.9931262341813966
0.9906196187975632
0.9872178322174654
0.9825950535057429
0.9763015322752515
0.9677148381476839
0.9559676028650603
0.9398514081263719
0.9176510098743198
0.886979706844755
0.8442767715761368
0.7848437740469725
0.7003227266780383
0.582841290197901
0.4053696916585058
0.17325171592115052
-0.2636886937020795
-0.6481287160104269
-2.303512389496003
-1.9516322007488187
-16.900872658782014
-16.901396931136883
-1.9517368566666546
-2.303667902902454
-0.6482220616323292
-0.263771399527898
0.1731894531468565
0.4053191681744093
0.5828014515960893
0.700290834383489
0.7848183535933515
0.8442564358671116
0.8869634398340092
0.9176379796721374
0.9398409634650392
0.9559592222356923
0.9677081069381925
0.9762961191064272
0.9825906936289831
0.9872143136947156
0.9906167717973918
0.9931239223737434
0.9949726411281001
0.9963354456028718
0.9973381131009021
0.9980722689534332
0.9986044140775654
0.9989823820229222
0.9992399272754962
0.9993999296642323
0.9994765486787339
0.9994765486782372
0.9993999296642471
0.9992399272748885
0.9989823820231739
0.9986044140776311
0.9980722689533845
0.9973381131008199
0.9963354456029816
0.9949726411279967
0.993123922373423
0.9906167717985528
0.9872143136941864
0.9825906936286697
0.9762961191067641
0.9677081069376452
0.9559592222361162
0.9398409634651159
0.9176379796718361
0.8869634398338384
0.8442564358664558
0.7848183535931745
0.7002908343836164
0.5828014515970895
0.4053191681738889
0.17318945314751277
-0.26377139952794293
-0.6482220616318861
-2.3036679029015668
-1.951736856663734
-16.901396931138777
-16.90172767095749
-1.951803045102667
-2.3037662793273084
-0.6482811942260527
-0.2638238256830247
0.17314994541700848
0.4052870831811048
0.5827761281727046
0.7002705432163081
0.7848021638132507
0.8442434707422368
0.8869530568142937
0.9176296522834444
0.939834279277019
0.9559538507694427
0.9677037852749408
0.9762926369711582
0.9825878829005585
0.9872120396958184
0.9906149265219942
0.9931224190538881
0.9949714099095128
0.9963344300727677
0.9973372674965469
0.9980715559027433
0.9986038027554669
0.9989818466306466
0.9992394457678648
0.9993994826644081
0.9994761185141884
0.9994761185152466
0.9993994826635848
0.9992394457681772
0.9989818466305777
0.9986038027554004
0.9980715559029237
0.9973372674967764
0.9963344300729677
0.9949714099093703
0.9931224190546848
0.9906149265221991
0.9872120396948638
0.9825878829002359
0.9762926369703666
0.9677037852756156
0.9559538507690667
0.9398342792766708
0.917629652283793
0.8869530568139494
0.84424347074267
0.7848021638137912
0.7002705432162988
0.5827761281725397
0.40528708318102524
0.17314994541647089
-0.26382382568333784
-0.6482811942251719
-2.3037662793271823
-1.951803045105179
-16.90172767096034
-16.901921231954404
-1.951841855620049
-2.30382397444889
-0.6483159110881178
-0.2638546202541471
0.17312672105022522
0.4052682105313522
0.5827612221045453
0.7002585909150152
0.7847926201855109
0.8442358219336483
0.8869469260695315
0.9176247307363442
0.93983032484702
0.9559506693786728
0.9677012224458628
0.9762905690846797
0.9825862110751397
0.9872106846697217
0.990613824698992
0.9931215193098717
0.9949706710587187
0.99633381883172
0.9973367568488187
0.9980711237648016
0.9986034308998808
0.9989815197885088
0.9992391508829863
0.9993992082482948
0.9994758540882946
0.9994758540876724
0.9993992082490497
0.9992391508828944
0.9989815197894012
0.9986034308997729
0.9980711237650349
0.997336756848268
0.996333818831665
0.9949706710583502
0.9931215193094046
0.9906138246991651
0.9872106846702644
0.9825862110748482
0.9762905690851315
0.9677012224450454
0.9559506693792253
0.939830324847019
0.9176247307360323
0.8869469260693472
0.8442358219341611
0.7847926201854137
0.7002585909155749
0.582761222104605
0.40526821053181206
0.17312672105103388
-0.2638546202538987
-0.6483159110891275
-2.3038239744508258
-1.951841855619443
-16.901921231951157
-16.902010460960042
-1.9518597686000447
-2.303850606772352
-0.6483319474043814
-0.26386884919164705
0.17311598477559653
0.4052594825886752
0.5827543254799306
0.7002530584925338
0.7847882005895761
0.8442322780627101
0.8869440840359533
0.9176224479350163
0.9398284894744506
0.9559491917709635
0.9677000312101094
0.976289607074329
0.9825854325607417
0.98721005298426
0.9906133104100654
0.9931210987484971
0.9949703251501626
0.996333532156656
0.9973365168809447
0.9980709202643598
0.9986032554084281
0.9989813652171886
0.9992390111665984
0.9993990780488747
0.9994757285333258
0.9994757285337009
0.9993990780498518
0.999239011166174
0.9989813652179402
0.9986032554080639
0.9980709202645996
0.9973365168812608
0.9963335321563583
0.9949703251503264
0.9931210987482169
0.9906133104102943
0.9872100529840895
0.982585432560256
0.976289607074661
0.9677000312100152
0.955949191770718
0.9398284894743991
0.9176224479351693
0.8869440840362233
0.8442322780630009
0.7847882005898987
0.7002530584916111
0.5827543254811451
0.4052594825876389
0.1731159847762723
-0.26386884919223236
-0.6483319474041636
-2.3038506067728557
-1.9518597686002988
-16.902010460959463
-16.902010460959062
-1.951859768597413
-2.3038506067728006
-0.6483319474048233
-0.26386884919097886
0.17311598477628376
0.40525948258917344
0.5827543254800327
0.7002530584928817
0.7847882005893296
0.8442322780625565
0.8869440840357967
0.9176224479348749
0.9398284894750553
0.9559491917711274
0.967700031209833
0.9762896070748283
0.9825854325606428
0.9872100529852387
0.9906133104101171
0.99312109874841
0.9949703251499831
0.9963335321569178
0.9973365168808199
0.9980709202644444
0.9986032554086401
0.9989813652173607
0.9992390111662024
0.999399078049011
0.9994757285336959
0.9994757285344387
0.9993990780489672
0.9992390111661672
0.9989813652171751
0.9986032554078013
0.9980709202644951
0.9973365168813472
0.9963335321560159
0.9949703251503675
0.9931210987484068
0.9906133104101642
0.9872100529847196
0.98258543256031
0.9762896070751195
0.9677000312106131
0.9559491917710434
0.9398284894747052
0.9176224479357735
0.8869440840356422
0.8442322780623294
0.7847882005899249
0.7002530584922732
0.5827543254804786
0.4052594825880012
0.17311598477613488
-0.2638688491923128
-0.6483319474039437
-2.3038506067708044
-1.9518597685994854
-16.90201046096228
-16.90192123195677
-1.9518418556222734
-2.3038239744495326
-0.6483159110883661
-0.26385462025392004
0.17312672105032634
0.40526821053147644
0.5827612221038689
0.7002585909149576
0.7847926201853431
0.844235821933875
0.8869469260696742
0.917624730736516
0.9398303248475999
0.9559506693782174
0.9677012224460726
0.9762905690843222
0.9825862110755357
0.9872106846699978
0.9906138246991876
0.9931215193102747
0.9949706710581336
0.9963338188318935
0.997336756848272
0.9980711237647404
0.9986034308997481
0.9989815197884322
0.9992391508834011
0.9993992082486569
0.999475854089237
0.9994758540877711
0.999399208249056
0.9992391508825456
0.9989815197889158
0.9986034308998057
0.998071123764753
0.9973367568477864
0.9963338188316673
0.9949706710582887
0.9931215193094429
0.9906138246999396
0.9872106846706239
0.9825862110752315
0.9762905690853424
0.9677012224451471
0.9559506693793243
0.9398303248476323
0.9176247307361356
0.886946926069175
0.8442358219335949
0.7847926201854826
0.700258590914997
0.5827612221044594
0.4052682105315848
0.1731267210509529
-0.26385462025378065
-0.6483159110889622
-2.3038239744484383
-1.951841855618882
-16.90192123195471
-16.901727670961918
-1.9518030451029453
-2.3037662793264384
-0.6482811942260351
-0.26382382568260077
0.17314994541708517
0.40528708318104867
0.5827761281726334
0.7002705432159545
0.7848021638132354
0.8442434707424598
0.8869530568145697
0.9176296522837377
0.9398342792772592
0.9559538507689187
0.96770378527536
0.9762926369706506
0.9825878829007195
0.9872120396951373
0.9906149265223063
0.9931224190541885
0.9949714099092795
0.9963344300730388
0.9973372674962622
0.9980715559027331
0.9986038027552753
0.9989818466304036
0.9992394457682366
0.9993994826641206
0.9994761185145934
0.9994761185149834
0.9993994826640575
0.9992394457678652
0.9989818466303386
0.9986038027552433
0.9980715559024682
0.9973372674969412
0.9963344300732926
0.9949714099093802
0.993122419054326
0.9906149265224654
0.9872120396954286
0.9825878829002287
0.9762926369706282
0.967703785275625
0.9559538507690197
0.9398342792770591
0.9176296522833849
0.8869530568147483
0.8442434707428117
0.7848021638133212
0.7002705432157396
0.5827761281724282
0.40528708318105944
0.17314994541664952
-0.2638238256827605
-0.6482811942252396
-2.3037662793268696
-1.9518030451045618
-16.901727670960746
-16.901396931143942
-1.951736856662316
-2.3036679029006635
-0.64822206163199
-0.2637713995273522
0.17318945314730463
0.40531916817479435
0.5828014515963429
0.7002908343838967
0.7848183535932356
0.8442564358676001
0.8869634398340718
0.9176379796718346
0.939840963464862
0.9559592222356126
0.9677081069380615
0.9762961191067193
0.982590693629015
0.987214313695153
0.9906167717970865
0.9931239223742374
0.9949726411282754
0.9963354456030813
0.9973381131006385
0.9980722689529746
0.9986044140776547
0.9989823820231032
0.9992399272755146
0.9993999296645295
0.9994765486783025
0.9994765486783064
0.9993999296639635
0.9992399272754496
0.9989823820232446
0.9986044140774877
0.9980722689537018
0.9973381131011961
0.9963354456027457
0.9949726411283948
0.9931239223736541
0.9906167717978838
0.9872143136942283
0.9825906936285599
0.976296119107286
0.9677081069380415
0.9559592222361094
0.9398409634651653
0.9176379796727019
0.8869634398338626
0.8442564358668317
0.7848183535930779
0.7002908343840952
0.5828014515962534
0.4053191681736278
0.17318945314762862
-0.2637713995276092
-0.6482220616323561
-2.3036679029016147
-1.9517368566644806
-16.901396931141818
-16.900872658779925
-1.9516322007494162
-2.303512389496916
-0.6481287160111877
-0.2636886937025401
0.17325171592073282
0.40536969165729286
0.5828412901980611
0.700322726677624
0.7848437740474452
0.8442767715766559
0.8869797068449217
0.9176510098744486
0.9398514081267664
0.9559676028647801
0.9677148381484891
0.9763015322747592
0.9825950535059946
0.9872178322169833
0.9906196187974307
0.9931262341816682
0.9949745274072688
0.996336994835553
0.9973393969958013
0.9980733460119249
0.9986053325028834
0.9989831821109388
0.9992406434215952
0.9994005920745235
0.9994771848757009
0.9994771848759996
0.9994005920747615
0.9992406434221345
0.9989831821108189
0.9986053325025158
0.9980733460125029
0.9973393969954076
0.9963369948362754
0.9949745274075503
0.99312623418137
0.9906196187972949
0.9872178322165615
0.9825950535058758
0.9763015322752024
0.9677148381476406
0.9559676028653642
0.9398514081259189
0.9176510098742034
0.886979706844462
0.8442767715769349
0.7848437740468011
0.7003227266778741
0.5828412901983584
0.4053696916580871
0.17325171592128266
-0.26368869370238246
-0.6481287160109732
-2.3035123894960536
-1.951632200750279
-16.900872658786085
-16.900065052739443
-1.9514714651406648
-2.3032736125413407
-0.6479856328284226
-0.2635620171688386
0.17334696409865125
0.4054469050535142
0.5829021046783596
0.7003713560488565
0.7848824876468954
0.8443077013096109
0.887004413330216
0.9176707697625912
0.9398672201053615
0.9559802660000155
0.9677249872071434
0.9763096741736257
0.9826015928986385
0.9872230927513361
0.9906238595870125
0.9931296630252713
0.9949773112899374
0.9963392683439243
0.9973412690760168
0.9980749054398139
0.9986066523253709
0.9989843233166411
0.9992416579984327
0.9994015256237537
0.9994780789093367
0.99947807890939
0.9994015256238961
0.9992416579982655
0.9989843233165574
0.9986066523249107
0.9980749054388666
0.9973412690763217
0.9963392683440437
0.9949773112894389
0.9931296630251889
0.9906238595871181
0.9872230927514223
0.9826015928988314
0.9763096741736697
0.9677249872072596
0.9559802659993886
0.9398672201058369
0.9176707697620698
0.8870044133313764
0.8443077013090355
0.7848824876464449
0.700371356048908
0.5829021046783219
0.40544690505420466
0.17334696409896252
-0.263562017167833
-0.6479856328284396
-2.3032736125419477
-1.9514714651365985
-16.900065052745322
-16.898834910471592
-1.951227458018289
-2.30291124946291
-0.6477689089665231
-0.26337031303691283
0.17349090376822346
0.4055634575577569
0.5829937817594659
0.7004445680493925
0.7849406878754704
0.8443541288495391
0.8870414375668847
0.917700327032346
0.9398908238211934
0.9559991259527969
0.9677400635581656
0.9763217329679206
0.9826112450536123
0.9872308263940561
0.9906300651041966
0.9931346531502047
0.9949813370348415
0.9963425317690595
0.9973439335352661
0.9980771038478248
0.9986084938946467
0.9989858990863678
0.999243045453176
0.9994027926392576
0.9994792872041947
0.9994792872049415
0.9994027926387397
0.9992430454540222
0.9989858990863154
0.9986084938944497
0.9980771038479368
0.9973439335342678
0.996342531769272
0.9949813370343162
0.9931346531502416
0.9906300651050819
0.9872308263938265
0.9826112450535643
0.9763217329676404
0.9677400635573798
0.9559991259530987
0.9398908238212929
0.9177003270317718
0.8870414375667142
0.8443541288501859
0.7849406878759878
0.700444568049478
0.5829937817582941
0.4055634575579594
0.17349090376818205
-0.2633703130367179
-0.6477689089653982
-2.3029112494606894
-1.951227458013915
-16.898834910473564
-16.8969686821263
-1.950858654694252
-2.302363748695542
-0.6474421564016393
-0.2630815669176378
0.17370736418297678
0.40573850729810534
0.5831312647463431
0.7005541959889674
0.7850276942818273
0.8444234140745559
0.8870965833416004
0.917744257250259
0.9399258215229018
0.9560270142867417
0.9677622879955313
0.9763394455377168
0.9826253634918221
0.9872420831562163
0.9906390452937384
0.9931418249028932
0.9949870756067816
0.9963471388170688
0.997347652564501
0.9980801326832887
0.9986109948085661
0.9989880071143952
0.9992448753360472
0.9994044447254742
0.9994808526377847
0.9994808526380367
0.9994044447246953
0.9992448753361516
0.9989880071145749
0.9986109948083761
0.9980801326842981
0.997347652564069
0.9963471388169325
0.9949870756070492
0.9931418249028723
0.9906390452942236
0.9872420831554387
0.9826253634919577
0.9763394455368228
0.9677622879960691
0.9560270142868488
0.9399258215228901
0.9177442572504155
0.8870965833420927
0.8444234140752037
0.7850276942806479
0.7005541959885154
0.5831312647462751
0.40573850729761424
0.17370736418312818
-0.26308156691623397
-0.6474421564011212
-2.3023637486956723
-1.9508586546988185
-16.896968682128374
-16.894139812426264
-1.9503018786815085
-2.3015375060924477
-0.6469502085338403
-0.26264731275390574
0.17403233410419128
0.40600093091513517
0.5833370237745101
0.7007179901298957
0.7851574478750862
0.8445265330214187
0.8871784759700073
0.9178093332642183
0.9399775204302567
0.9560680796478604
0.9677948925681417
0.9763653189693398
0.982645882020352
0.9872583437959881
0.9906519232307869
0.9931520194030532
0.9949951463939486
0.996353535139405
0.9973527364773314
0.9980841978071425
0.9986142815475245
0.9989907151447118
0.9992471740003382
0.9994064818758064
0.9994827623827929
0.999482762382284
0.9994064818764682
0.9992471740001292
0.9989907151454076
0.9986142815471282
0.9980841978074235
0.9973527364770409
0.9963535351383854
0.9949951463935729
0.9931520194026886
0.9906519232300672
0.987258343796614
0.9826458820202237
0.9763653189699555
0.9677948925674873
0.9560680796477337
0.939977520430884
0.9178093332647241
0.8871784759691586
0.8445265330218008
0.7851574478747145
0.7007179901298768
0.5833370237750173
0.4060009309148771
0.17403233410406826
-0.26264731275419145
-0.6469502085345675
-2.3015375060943395
-1.9503018786831041
-16.894139812418054
-16.88984893907387
-1.9494610610945018
-2.3002902513342267
-0.6462095050926886
-0.261994257964948
0.17452009068244098
0.40639418081187517
0.5836447786556249
0.700962512217383
0.7853507430309341
0.8446797987274959
0.8872998816680311
0.9179055312218145
0.9400536932435063
0.9561283561648805
0.9678425385630374
0.9764029308753495
0.9826755230152526
0.9872816562131397
0.9906702154165143
0.9931663351463262
0.9950063198533966
0.9963622347021832
0.9973594998334453
0.998089460173981
0.998618398542973
0.998993981519479
0.9992498392085268
0.9994087633038289
0.9994848569166395
0.9994848569172843
0.9994087633048312
0.9992498392086514
0.9989939815196853
0.9986183985425183
0.9980894601740613
0.9973594998334874
0.9963622347023835
0.9950063198536656
0.9931663351466751
0.9906702154162126
0.9872816562132662
0.9826755230153873
0.9764029308750881
0.967842538563477
0.9561283561642315
0.9400536932430735
0.9179055312215518
0.8872998816683213
0.8446797987281731
0.7853507430296491
0.7009625122173413
0.5836447786566837
0.40639418081148
0.1745200906816291
-0.26199425796528164
-0.6462095050918879
-2.3002902513337764
-1.949461061097411
-16.889848939069054
-16.883331240615696
-1.9481899654077697
-2.298405530305266
-0.6450934027299233
-0.2610115215765185
0.17525249693277617
0.40698362478046934
0.5841050966484119
0.7013274645811791
0.7856385441986619
0.8449073991972317
0.887479635370916
0.9180474834460906
0.9401656599768824
0.9562165557919855
0.9679118829061613
0.9764573195433989
0.982718050217374
0.9873147812738993
0.9906958944345607
0.9931861260914276
0.9950214656111913
0.9963737293110579
0.9973681413693801
0.9980958932560156
0.9986231487180376
0.9989974833770418
0.9992524597143737
0.9994108215851336
0.9994866415314033
0.9994866415312018
0.9994108215847232
0.9992524597148361
0.9989974833765394
0.9986231487172753
0.998095893256264
0.9973681413697874
0.9963737293108101
0.9950214656116351
0.9931861260898789
0.9906958944354576
0.9873147812731107
0.9827180502172782
0.9764573195436888
0.9679118829060014
0.9562165557918078
0.9401656599773536
0.9180474834465516
0.8874796353709271
0.8449073991965049
0.7856385441984168
0.7013274645802845
0.5841050966493138
0.40698362478000255
0.17525249693385436
-0.2610115215775817
-0.6450934027325227
-2.298405530305944
-1.9481899654095745
-16.88333124061926
-16.873412413128595
-1.9462655744895365
-2.2955534198899095
-0.6434096980141712
-0.25953116398015064
0.1763531124857709
0.4078676340981664
0.5847937994495851
0.7018721498266163
0.7860668960433836
0.8452451190739676
0.8877454340202096
0.9182565513352499
0.9403297998576765
0.9563451439642331
0.9680123144834383
0.976535456571006
0.9827785365666699
0.9873613018021918
0.9907313748943873
0.993212892472565
0.9950413699155625
0.99638824969423
0.9973784620016866
0.9981029683919873
0.9986277544420006
0.9990002598292662
0.9992539460719413
0.9994114856541367
0.9994869055534306
0.9994869055528922
0.9994114856538183
0.9992539460708886
0.9990002598295582
0.9986277544411284
0.9981029683918867
0.9973784620019741
0.9963882496940668
0.9950413699161383
0.9932128924727193
0.9907313748941506
0.9873613018022502
0.9827785365662435
0.9765354565713342
0.9680123144833875
0.9563451439646513
0.940329799857379
0.9182565513345662
0.8877454340194451
0.845245119074095
0.7860668960438475
0.7018721498263534
0.5847937994497161
0.40786763409821425
0.17635311248516294
-0.2595311639799228
-0.6434096980137037
-2.295553419888164
-1.9462655744845194
-16.873412413125244
-16.858283788510636
-1.9433469535041765
-2.291229843414081
-0.6408661493671992
-0.2572984222578209
0.1780086330148065
0.40919433842645275
0.5858245767708451
0.7026850860125379
0.7867041601433837
0.8457457582072163
0.8881378396603143
0.918563733984437
0.9405696107567048
0.9565317412158756
0.9681568461324843
0.9766467444135423
0.9828635567499457
0.9874255795828841
0.9907792888052263
0.993247916413206
0.9950662639548294
0.9964052117646522
0.9973892486578098
0.9981089915246972
0.998630159227174
0.9989999882127756
0.999251789230995
0.9994081283033998
0.9994829644827641
0.9994829644819181
0.9994081283039193
0.9992517892303738
0.99899998821291
0.9986301592273497
0.9981089915248782
0.9973892486574971
0.9964052117636444
0.995066263955138
0.993247916413051
0.9907792888052955
0.9874255795840855
0.9828635567497459
0.9766467444137414
0.968156846132141
0.9565317412164581
0.940569610755708
0.9185637339843269
0.8881378396607137
0.8457457582075296
0.7867041601423022
0.7026850860118398
0.5858245767714988
0.4091943384267567
0.1780086330145344
-0.2572984222559104
-0.6408661493672613
-2.2912298434149934
-1.9433469535072825
-16.858283788509524
-16.83514926837959
-1.9389113944491432
-2.284662438140453
-0.6370174275560072
-0.2539260934526085
0.18050150947243493
0.41118695013159934
0.5873678858457185
0.7038982709201025
0.7876516155184765
0.8464869421536778
0.8887159261919323
0.9190136486834111
0.9409184022917978
0.9568008234138121
0.9683630491810448
0.9768033611498912
0.9829810781833832
0.9875122976946913
0.9908417604995698
0.9932913321538687
0.9950947378452009
0.996422011760516
0.9973969795026745
0.9981097409412374
0.9986256155039266
0.9989915357316244
0.999240587226959
0.9993951772021087
0.9994691634613925
0.9994691634611139
0.9993951772010821
0.9992405872282739
0.998991535731356
0.9986256155039509
0.9981097409417469
0.997396979503296
0.9964220117606744
0.9950947378452183
0.9932913321525654
0.9908417605000606
0.9875122976932664
0.9829810781832141
0.9768033611503755
0.9683630491803805
0.9568008234140606
0.9409184022923234
0.91901364868365
0.8887159261916298
0.846486942153919
0.7876516155193307
0.7038982709193746
0.5873678858461795
0.41118695013022644
0.18050150947281743
-0.25392609345339556
-0.6370174275573791
-2.284662438138882
-1.93891139444551
-16.83514926837945
-16.79966737361582
-1.9321548000437745
-2.27466381135003
-0.6311831968524936
-0.24882442021956047
0.18425964770210823
0.4141820391317067
0.5896792066925207
0.7057082377367225
0.7890588468700515
0.8475822132311455
0.8895650526636936
0.9196697612885161
0.941422571102342
0.9571854969756906
0.9686536780636628
0.9770200038413915
0.9831395302400971
0.9876250149593572
0.9909185687187856
0.9933399897622087
0.9951213780490726
0.9964314926834088
0.9973931618327063
0.9980957093132585
0.9986038561087551
0.9989640802293025
0.9992091310560668
0.9993611789373255
0.9994339308280079
0.9994339308286557
0.9993611789375412
0.999209131056964
0.9989640802294302
0.9986038561078703
0.9980957093132805
0.9973931618327398
0.9964314926843563
0.9951213780480057
0.9933399897627485
0.9909185687188857
0.9876250149586399
0.9831395302403401
0.9770200038407
0.968653678064293
0.9571854969757708
0.9414225711022719
0.9196697612886684
0.889565052664786
0.8475822132301045
0.7890588468688579
0.7057082377370802
0.5896792066920787
0.4141820391330703
0.1842596477007331
-0.24882442021914
-0.6311831968516206
-2.274663811350929
-1.9321548000454274
-16.799667373620913
-16.745062647651665
-1.9218353673420765
-2.259401435565117
-0.6223210936560913
-0.24109297437860522
0.18993222959423506
0.41868734017350306
0.5931411269686508
0.7084068947069078
0.7911457738411501
0.8491964132437053
0.8908071410647979
0.9206207728946063
0.9421450132005718
0.9577286430801131
0.9690560859227556
0.9773119890027666
0.9833449058196737
0.9877625102483988
0.9910029180715424
0.993382794319773
0.9951317813241517
0.9964167144435552
0.9973589204162345
0.998046557498521
0.9985434497935912
0.9988953954747362
0.9991346419218947
0.9992830063656324
0.9993539711213777
0.9993539711206882
0.999283006367379
0.9991346419213082
0.9988953954745753
0.998543449794947
0.998046557498043
0.9973589204160493
0.9964167144433449
0.9951317813238946
0.9933827943189978
0.991002918070987
0.9877625102500853
0.9833449058192248
0.9773119890040421
0.9690560859207233
0.9577286430810628
0.9421450131998796
0.9206207728935935
0.8908071410644187
0.8491964132453886
0.791145773840181
0.7084068947076734
0.5931411269694093
0.41868734017485787
0.18993222959365924
-0.24109297437826965
-0.6223210936565696
-2.259401435562965
-1.9218353673375421
-16.745062647653818
-16.660697311367393
-1.9060266015889638
-2.2360343221257013
-0.6088288463692902
-0.22935335481883193
0.19850548788175873
0.42546889575556834
0.5983256334015044
0.7124261371720488
0.7942334882915598
0.8515661907399898
0.892613298583885
0.92198727162489
0.9431672437016896
0.9584816067925819
0.9695983193672839
0.9776893897043151
0.9835934240553867
0.9879103374145125
0.9910721636661691
0.9933908099508796
0.9950921963393295
0.9963402522398106
0.9972540424036743
0.9979199736725439
0.9984005258494006
0.9987404804860076
0.9989713358506196
0.99911438314061
0.999182770452053
0.9991827704525963
0.9991143831390439
0.9989713358511991
0.998740480485692
0.9984005258488289
0.9979199736727964
0.9972540424048917
0.9963402522396729
0.9950921963396467
0.9933908099508115
0.9910721636673292
0.9879103374129619
0.983593424055026
0.9776893897039616
0.9695983193674876
0.9584816067925678
0.9431672437022798
0.9219872716248703
0.8926132985841078
0.8515661907386238
0.7942334882920545
0.7124261371724382
0.5983256334013094
0.425468895755
0.19850548788176967
-0.22935335481818375
-0.6088288463692649
-2.2360343221248966
-1.9060266015886766
-16.66069731137096
-16.52974960226223
-1.881723878644539
-2.200134605678789
-0.588234375404794
-0.2114893355841797
0.21147950284139788
0.4356819070163704
0.6060853413781143
0.7184010680208275
0.7987857961382194
0.8550254011781524
0.8952169892181714
0.9239257190586405
0.9445864703128808
0.9594960848807597
0.9702971221230956
0.9781421375672205
0.9838544700269868
0.9880221581388143
0.9910679533220208
0.993296522524483
0.994928138920709
0.9961223371082575
0.9969947715935337
0.99762921684344
0.9980861381460074
0.9984087977851034
0.9986275772677572
0.9987629851968101
0.9988276732328141
0.9988276732334955
0.9987629851959559
0.9986275772675953
0.9984087977853494
0.9980861381464123
0.9976292168441983
0.9969947715921852
0.9961223371081775
0.9949281389202067
0.9932965225245711
0.9910679533216278
0.9880221581387092
0.9838544700281884
0.9781421375668597
0.970297122123515
0.9594960848810932
0.9445864703127833
0.923925719057779
0.895216989217277
0.8550254011782243
0.7987857961388476
0.718401068021234
0.6060853413783376
0.4356819070161056
0.21147950284086162
-0.21148933558413374
-0.5882343754038635
-2.200134605679108
-1.881723878652421
-16.529749602259074
-16.32538862754209
-1.8442116162414206
-2.1447575866650412
-0.5567075788126581
-0.1842417450974015
0.23113779472858575
0.4510657438000333
0.6176846879480038
0.7272564158630392
0.8054612618580611
0.8600317797241883
0.8989216643529818
0.9266219202521748
0.9464985190815465
0.9607992311942763
0.9711272526569811
0.9786050711456336
0.9840325036276365
0.9879793498714703
0.990854154913663
0.9929505439541957
0.994480209683605
0.995596033489067
0.9964085263798388
0.9969975070922719
0.9974204243172641
0.9977182728052258
0.9979197721554447
0.9980442692032079
0.9981036800047813
0.9981036800034906
0.9980442692042228
0.997919772154545
0.9977182728056677
0.997420424317746
0.9969975070924098
0.9964085263786755
0.995596033488978
0.9944802096834973
0.9929505439535861
0.9908541549137024
0.9879793498719538
0.9840325036274863
0.978605071145964
0.9711272526553045
0.9607992311947295
0.9464985190816516
0.9266219202515249
0.8989216643536779
0.8600317797259358
0.8054612618571855
0.7272564158624966
0.6176846879474662
0.4510657437993159
0.23113779472895735
-0.18424174509685795
-0.5567075788126052
-2.144757586667188
-1.8442116162435112
-16.325388627530415
-16.004366067598024
-1.786033500703911
-2.0589286402072204
-0.50828615539921
-0.14257467798845935
0.2609566465927913
0.4742305011439899
0.6349824509026797
0.7403167251417377
0.8151684401002383
0.8671820482807022
0.9040861113304972
0.9302545224464247
0.9489452836219192
0.9623293736599751
0.9719486505739998
0.9788788961569318
0.983883532594092
0.9875042479343987
0.9901277817309999
0.9920308834019256
0.9934121893974217
0.9944145027526298
0.99514057803044
0.9956642950090908
0.9960385925990913
0.9963010889731506
0.9964780376849482
0.9965870667269383
0.9966390062285523
0.9966390062289896
0.9965870667263566
0.9964780376850719
0.9963010889725744
0.9960385925985851
0.9956642950096547
0.9951405780308922
0.9944145027527593
0.9934121893977874
0.9920308834020963
0.9901277817315786
0.9875042479334173
0.9838835325943114
0.9788788961568222
0.9719486505747896
0.9623293736590921
0.9489452836219555
0.9302545224466822
0.9040861113310438
0.8671820482800956
0.8151684401001554
0.7403167251415133
0.6349824509020935
0.47423050114454746
0.26095664659348006
-0.14257467798821105
-0.5082861553995679
-2.058928640210641
-1.786033500703287
-16.004366067593963
-15.496054346249117
-1.6952930597822236
-1.9251451801337829
-0.43363928602767343
-0.07868158944634268
0.3062204685672209
0.509066809726848
0.6606695247692508
0.7594258765141937
0.8290967389818196
0.8771789532929645
0.911044884267895
0.9348817859594261
0.9517772070915488
0.9637810721263427
0.972339046202602
0.9784539473231495
0.9828326164679531
0.9859732460119806
0.9882290103180897
0.9898508184421125
0.9910174233218839
0.9918563635734268
0.9924587102757481
0.992889445293912
0.9931947854798038
0.9934073399766501
0.9935497194926806
0.993637021895007
0.993678483105523
0.99367848310626
0.9936370218960175
0.9935497194923877
0.9934073399769435
0.9931947854787968
0.9928894452943271
0.9924587102760366
0.9918563635744072
0.9910174233226786
0.9898508184414436
0.9882290103180363
0.9859732460113795
0.9828326164687645
0.978453947323144
0.9723390462025392
0.9637810721262563
0.9517772070918791
0.9348817859600147
0.9110448842672365
0.8771789532928213
0.8290967389814213
0.75942587651321
0.660669524770455
0.5090668097260502
0.306220468568148
-0.07868158944653814
-0.4336392860271572
-1.9251451801338368
-1.6952930597875118
-15.496054346255882
-14.683193699308838
-1.5528004048881436
-1.7151775586049003
-0.31807903679224653
0.019572857313055414
0.3749273846342319
0.5612999354656905
0.698533806836484
0.7870159954569313
0.8486410400814554
0.8906539117648267
0.919858014495749
0.9401397605910183
0.9543151376808865
0.9642415584938877
0.9712127148099121
0.976116715164094
0.9795719928560214
0.9820091889389391
0.9837296861827465
0.984944783697536
0.985802960516
0.9864086708465316
0.9868354348630852
0.987134954849527
0.9873434774247314
0.9874862246783884
0.9875804621894205
0.98763759100119
0.9876645250958368
0.9876645250956056
0.9876375910015605
0.987580462189056
0.9874862246779816
0.9873434774245826
0.9871349548489596
0.9868354348634661
0.9864086708458225
0.9858029605172041
0.984944783698256
0.9837296861835141
0.9820091889388703
0.9795719928554596
0.9761167151644412
0.9712127148093083
0.964241558494632
0.954315137681448
0.9401397605919716
0.9198580144962895
0.8906539117642324
0.8486410400806284
0.7870159954565861
0.6985338068378886
0.5612999354655921
0.37492738463373826
0.019572857313801997
-0.31807903679218846
-1.7151775586038887
-1.5528004048816326
-14.683193699305829
-13.366902943790615
-1.3271776354201532
-1.3828500697533492
-0.13834109050609938
0.17107873426356096
0.4790597778382629
0.639143386594645
0.7536183938943872
0.8259361347357722
0.8749938042193279
0.9075960299690903
0.9296266297080531
0.9444801072619616
0.9545350291926127
0.9613394846227518
0.9659450729831464
0.9690583538352255
0.9711589578425228
0.9725722955589851
0.97351973453995
0.9741518851270555
0.9745712295316635
0.9748474388494779
0.9750278025019233
0.9751443308439725
0.9752185949565129
0.9752650172037035
0.9752930952480141
0.9753088842138322
0.9753159528496582
0.9753159528480957
0.975308884214569
0.9752930952484185
0.9752650172035792
0.975218594957959
0.9751443308437515
0.9750278025016621
0.9748474388487254
0.9745712295324132
0.9741518851267956
0.973519734539529
0.9725722955601936
0.9711589578418786
0.9690583538358545
0.9659450729828913
0.9613394846233755
0.9545350291922187
0.9444801072616691
0.9296266297073434
0.907596029969568
0.8749938042204155
0.8259361347366687
0.753618393894575
0.6391433865947294
0.4790597778382645
0.17107873426343104
-0.13834109050530374
-1.3828500697522685
-1.3271776354185536
-13.36690294379476
-11.20015739030272
-0.9662247577971149
-0.8512751565055685
0.14264389942787795
0.40516978333543074
0.6361605330856749
0.7537566823568975
0.8318133123918094
0.8784821509697114
0.9077856911443589
0.9257333843687319
0.9367007729208701
0.9432635847729522
0.9470866418106888
0.949215237040882
0.9503120062260657
0.9507943862581624
0.9509232929583498
0.9508600039077554
0.9507023932157974
0.9505083756755768
0.9503109002039198
0.9501275831517659
0.9499668384306663
0.9498317606927351
0.949722556883344
0.9496380505407159
0.949576596451547
0.9495366245395982
0.9495169523001774
0.9495169523010313
0.9495366245393094
0.9495765964525859
0.9496380505405217
0.9497225568825249
0.949831760693258
0.9499668384301255
0.9501275831537614
0.9503109002032719
0.9505083756756094
0.9507023932168777
0.9508600039063866
0.9509232929592258
0.9507943862572864
0.9503120062260528
0.9492152370405672
0.9470866418112446
0.9432635847729254
0.9367007729216745
0.9257333843685256
0.9077856911438068
0.8784821509709583
0.8318133123918477
0.7537566823572313
0.6361605330848845
0.40516978333597997
0.14264389942908356
-0.8512751565050559
-0.96622475779878
-11.200157390305028
-7.553305823277908
-0.3810777588741827
0.01052699794184343
0.5841828946071626
0.7668395151807754
0.8705345104685152
0.9183382164273425
0.9374034414793013
0.9429762469264362
0.9410273077411504
0.9360693086749953
0.9299584836919736
0.9238784877260138
0.9183127547335611
0.9134796727156844
0.9094122443918342
0.9060655432085847
0.9033555592115199
0.9011880958381936
0.8994713317528134
0.8981225978581304
0.8970706851386221
0.8962561524370387
0.8956305098092943
0.8951549710935195
0.8947990997119888
0.8945395403654235
0.8943589246708932
0.894244989992395
0.8941899223203064
0.8941899223205085
0.8942449899921914
0.8943589246711373
0.8945395403649399
0.8947990997130938
0.8951549710931598
0.8956305098088511
0.8962561524370405
0.8970706851388066
0.8981225978569889
0.8994713317524929
0.9011880958381979
0.903355559212714
0.9060655432088986
0.9094122443920278
0.9134796727160743
0.9183127547346279
0.9238784877261481
0.9299584836921213
0.9360693086755496
0.9410273077418354
0.9429762469259779
0.9374034414794061
0.9183382164273712
0.8705345104684706
0.7668395151798042
0.5841828946061733
0.010526997941541206
-0.38107775887331413
-7.55330582327804
-1.2175564811318558
0.5847899569985846
1.43224667078217
1.2808279574599348
1.3223063369533175
1.2108313236811477
1.1415518581792998
1.063689645217813
1.0027122379803188
0.9510246854214467
0.9101824630170701
0.8777410065270362
0.8524624899267927
0.8328477046981765
0.8177421818898538
0.8061555444336188
0.7973035408086921
0.7905603243097692
0.7854368615203984
0.7815527765732684
0.7786147237761277
0.7763976005466802
0.7747296140252344
0.773480327494084
0.7725513269989386
0.7718689978741536
0.771379021219944
0.7710422515386668
0.7708317122933096
0.7707305078006477
0.7707305077991096
0.7708317122943822
0.7710422515386981
0.771379021219513
0.7718689978742812
0.7725513269981326
0.7734803274941668
0.7747296140250794
0.7763976005459858
0.7786147237752645
0.7815527765724213
0.7854368615210501
0.7905603243092956
0.7973035408096769
0.8061555444323822
0.817742181889367
0.8328477046979096
0.8524624899264666
0.877741006527772
0.9101824630185256
0.9510246854210661
1.0027122379811138
1.0636896452179243
1.1415518581806714
1.21083132368112
1.3223063369536536
1.2808279574596158
1.432246670781764
0.5847899569986035
-1.2175564811344084
10.337679906464775
2.224229290272097
3.830561544022914
2.378123731471029
2.1551973078748112
1.6694724248197725
1.398370536051933
1.1586482183930105
0.9887066474795814
0.8574823746508866
0.7604058690063964
0.687514362526557
0.6332728041298405
0.5928213331846217
0.5627174741078901
0.5403106263302333
0.5236417014697726
0.5112418977080444
0.502019412549011
0.49516112391089734
0.49006283353270064
0.4862757541345857
0.4834670176730854
0.48139016694060266
0.47986331947667454
0.4787530295852145
0.4779624534474661
0.4774227632133631
0.47708704976658345
0.4769261702842951
0.4769261702863661
0.477087049765788
0.4774227632141812
0.47796245344707655
0.4787530295848646
0.4798633194774349
0.48139016693960923
0.48346701767344125
0.48627575413406765
0.49006283353287283
0.4951611239107857
0.5020194125483488
0.5112418977085939
0.5236417014690942
0.5403106263301998
0.5627174741075267
0.5928213331847515
0.6332728041285032
0.6875143625257066
0.7604058690062252
0.8574823746506189
0.9887066474790185
1.1586482183929037
1.398370536053458
1.669472424818185
2.155197307874081
2.378123731471346
3.8305615440243392
2.22422929027689
10.337679906469443
33.217249999768384
5.159573088860264
7.978087229497639
4.055226227739257
3.290498760212222
2.1284834876191603
1.4970718347384238
0.981729952328155
0.6310506104637754
0.3718537133221008
0.18646580167036617
0.0514849602984467
-0.046342617919349405
-0.11759733552080631
-0.16952714712387495
-0.2074602066215318
-0.2352065903242745
-0.25553359027303146
-0.27044366905359407
-0.28139233786660534
-0.28943811106042605
-0.29535217379164747
-0.299696696217567
-0.30288149152607424
-0.30520482816579364
-0.30688287120986435
-0.3080708277738916
-0.30887801390176184
-0.3093783948490153
-0.30961767799934836
-0.3096176780006686
-0.30937839485001783
-0.30887801390016945
-0.3080708277734677
-0.3068828712096435
-0.30520482816673955
-0.3028814915256885
-0.299696696217379
-0.295352173790975
-0.2894381110611878
-0.28139233786682194
-0.27044366905503214
-0.2555335902726943
-0.235206590323477
-0.20746020661954878
-0.1695271471232555
-0.11759733551849891
-0.046342617918912025
0.05148496029921604
0.18646580166977095
0.37185371332151007
0.6310506104614526
0.9817299523260883
1.4970718347346994
2.1284834876202243
3.290498760213334
4.055226227737803
7.978087229494831
5.1595730888522375
33.217249999770246
86.20800189080171
11.0868463859914
15.144313838806738
6.0678446737728855
4.035329115096326
1.5711609077784574
0.2589958382684413
-0.7455260093844059
-1.4071912968199864
-1.8793509114330371
-2.208177802720268
-2.441870567849226
-2.607807420872792
-2.7264977861639794
-2.8116325453337865
-2.8729456142722802
-2.9172298245975954
-2.94930575996681
-2.972593806587347
-2.989536464078463
-3.001882485963547
-3.0108882099002123
-3.017458076257337
-3.022244057977781
-3.025715952337526
-3.0282112407150668
-3.0299703800287525
-3.0311616331896554
-3.03189825697263
-3.0322499707006694
-3.0322499706994877
-3.0318982569764925
-3.0311616331889044
-3.0299703800276907
-3.0282112407109594
-3.0257159523353048
-3.022244057981506
-3.017458076258488
-3.0108882098963154
-3.001882485958264
-2.9895364640792152
-2.972593806592519
-2.9493057599712937
-2.9172298245978663
-2.8729456142709213
-2.8116325453312654
-2.726497786162006
-2.6078074208748023
-2.4418705678467036
-2.208177802722859
-1.8793509114288267
-1.4071912968237283
-0.745526009390041
0.2589958382695454
1.57116090777923
4.035329115094921
6.067844673774992
15.14431383880662
11.08684638599135
86.20800189082703
269.25713357831944
25.428028791433363
22.851480838359564
-1.059205804800182
-7.164304255231382
-12.968169356885024
-15.987791690039902
-18.15251346309456
-19.53585942981055
-20.491873440075487
-21.142613538236745
-21.595755644515435
-21.91218640561938
-22.135249804922342
-22.29325506858087
-22.40579938980919
-22.486297709274474
-22.544099759345094
-22.58574013317079
-22.615822674471133
-22.637604921432697
-22.65340266556155
-22.66486753360188
-22.67318021579827
-22.679185197139624
-22.683485151469576
-22.686507044490206
-22.688548214406385
-22.689808023057395
-22.69040884469314
-22.69040884469471
-22.68980802307189
-22.688548214385158
-22.686507044504225
-22.68348515146001
-22.67918519714231
-22.673180215816195
-22.664867533590915
-22.65340266558955
-22.637604921403735
-22.61582267446647
-22.585740133180643
-22.544099759345713
-22.486297709287573
-22.40579938979797
-22.293255068572897
-22.13524980494012
-21.912186405628663
-21.59575564452416
-21.142613538230165
-20.491873440065497
-19.535859429789525
-18.152513463108306
-15.987791690028281
-12.968169356898247
-7.164304255252734
-1.059205804789229
22.851480838381477
25.428028791391732
269.2571335783241