-79.52349265717916
5.792383102089839
4.622859493419755
10.254939217852955
10.261906756137238
10.760627301474354
10.77316068481321
10.822126356618085
10.82485172961139
10.829983160303373
10.830448826857939
10.83095245212495
10.830952452125548
10.830448826857396
10.829983160303737
10.824851729610888
10.8221263566188
10.773160684813455
10.760627301474727
10.261906756137309
10.254939217852094
4.622859493420084
5.792383102089123
-79.52349265717777
-7.5936673193348625
-0.5716677597901463
-1.449033102963601
-0.8205655134794541
-0.8996659735181127
-0.8531959181066289
-0.8607745842054422
-0.8577155538188193
-0.8584455727996805
-0.8582873941156115
-0.8583541221243333
-0.8583513498920575
-0.8583513498920741
-0.8583541221243209
-0.8582873941156726
-0.8584455727996889
-0.857715553818946
-0.8607745842054195
-0.8531959181065829
-0.8996659735181101
-0.820565513479524
-1.4490331029636876
-0.5716677597902033
-7.593667319334907
3.9967523641043803
-0.5574582830111561
-0.7500103480913185
-0.9311840825955007
-0.9605617282250225
-0.9722199218857283
-0.9761299667683074
-0.9772635834164578
-0.9777859023458483
-0.977930065037792
-0.9780002287084983
-0.9780178116329392
-0.9780178116329336
-0.9780002287085524
-0.977930065037796
-0.9777859023458004
-0.9772635834164594
-0.9761299667683341
-0.9722199218856832
-0.9605617282250454
-0.9311840825955168
-0.7500103480913541
-0.5574582830111549
3.996752364104311
7.56624595246789
-0.5348459844507999
-0.4398300545213606
-0.9443524877574165
-0.9484956522204415
-0.9895940062998794
-0.9912209596762576
-0.9949993250141356
-0.995310547464001
-0.9956934909015352
-0.9957441444319195
-0.9957816128024635
-0.9957816128024308
-0.9957441444319662
-0.9956934909015338
-0.9953105474640167
-0.9949993250141406
-0.9912209596762733
-0.9895940062998465
-0.9484956522204144
-0.944352487757394
-0.4398300545213293
-0.534845984450765
7.566245952467867
8.82867017801189
-0.5232079036231445
-0.31441517822145304
-0.9455278530030671
-0.9385951709251179
-0.9926964344483065
-0.9932600786984824
-0.9983266886579244
-0.9985352483102419
-0.9990426138824324
-0.9990835247735338
-0.9991317108992926
-0.999131710899207
-0.9990835247736378
-0.9990426138823605
-0.9985352483102887
-0.9983266886578808
-0.9932600786985128
-0.9926964344482618
-0.9385951709251245
-0.9455278530030236
-0.3144151782214371
-0.5232079036230773
8.828670178011832
9.30138475424429
-0.5179606712853602
-0.2642461861063201
-0.9452007012832864
-0.9335993303987757
-0.99322888524686
-0.9933256296598025
-0.998984913365027
-0.9991472503679273
-0.9997159817107011
-0.9997524011089649
-0.9998061631393809
-0.9998061631392794
-0.9997524011090666
-0.9997159817105836
-0.9991472503679624
-0.9989849133649189
-0.993325629659821
-0.9932288852467884
-0.9335993303988188
-0.9452007012833126
-0.264246186106339
-0.5179606712853997
9.301384754244353
9.484003062381031
-0.5157054278107817
-0.24410002251569934
-0.9448953803610103
-0.9313541691641085
-0.9932965920481369
-0.9931933623944837
-0.9991160455889566
-0.9992583395483029
-0.9998560548297988
-0.9998905199507708
-0.9999470541254497
-0.9999470541253654
-0.9998905199508311
-0.9998560548297116
-0.9992583395483889
-0.9991160455888883
-0.9931933623944909
-0.9932965920481313
-0.9313541691641121
-0.9448953803609956
-0.24410002251567514
-0.5157054278108175
9.484003062381078
9.55595466983696
-0.5147552865088977
-0.23595754741500136
-0.9447312184754908
-0.93038810764342
-0.9932915674452283
-0.9931037886202922
-0.9991409341370552
-0.9992747086710327
-0.9998856663027255
-0.9999193105633666
-0.99997716991569
-0.9999771699156349
-0.999919310563367
-0.9998856663027058
-0.9992747086710774
-0.999140934137005
-0.9931037886202692
-0.9932915674451968
-0.9303881076434473
-0.9447312184754896
-0.23595754741501884
-0.5147552865087874
9.555954669836895
9.584680978140153
-0.5143584364700213
-0.232647051941969
-0.9446543799704655
-0.9299802305017706
-0.9932819555470205
-0.9930586886252231
-0.9991448503904852
-0.9992750419275709
-0.9998919017449361
-0.9999252077744718
-0.9999836808684874
-0.9999836808684923
-0.9999252077744276
-0.9998919017449851
-0.9992750419275611
-0.999144850390504
-0.993058688625239
-0.9932819555470414
-0.9299802305018008
-0.9446543799704392
-0.23264705194197044
-0.5143584364699304
9.584680978140103
9.596229706328982
-0.5141936931398938
-0.2312978621498221
-0.9446204536544056
-0.9298099600456796
-0.9932761985646371
-0.993038136893359
-0.9991450340009734
-0.9992737310391167
-0.9998931666043371
-0.9999263348428604
-0.9999850843329503
-0.9999850843329994
-0.999926334842832
-0.9998931666043943
-0.9992737310391038
-0.9991450340010308
-0.993038136893313
-0.9932761985646783
-0.9298099600456539
-0.9446204536544096
-0.23129786214979858
-0.5141936931398151
9.596229706328808
9.600816361958948
-0.5141267282465986
-0.23075648231773688
-0.9446061633544
-0.9297405620977255
-0.9932734412725007
-0.9930293483799633
-0.9991447873995627
-0.999272875246815
-0.9998933967571881
-0.9999265100701777
-0.999985378966538
-0.9999853789666421
-0.9999265100700848
-0.9998933967572969
-0.9992728752467541
-0.9991447873995983
-0.9930293483798669
-0.9932734412725599
-0.9297405620977661
-0.9446061633544791
-0.23075648231770135
-0.5141267282465607
9.600816361958898
9.602421949039172
-0.5141029277529927
-0.23056565717534558
-0.9446009839185233
-0.9297158713968026
-0.9932723806095511
-0.9930261408917194
-0.9991446408289774
-0.9992725118909036
-0.9998934284161991
-0.9999265225087961
-0.9999854355501839
-0.9999854355503273
-0.9999265225086398
-0.999893428416374
-0.9992725118908051
-0.9991446408290329
-0.9930261408916934
-0.9932723806095751
-0.9297158713968423
-0.9446009839184994
-0.23056565717538408
-0.5141029277529081
9.602421949039105
9.602421949039282
-0.514102927752956
-0.2305656571753518
-0.9446009839185424
-0.9297158713967821
-0.9932723806095195
-0.9930261408916936
-0.999144640828993
-0.9992725118908738
-0.9998934284162502
-0.9999265225088259
-0.9999854355502116
-0.9999854355503233
-0.9999265225086789
-0.9998934284163885
-0.9992725118908559
-0.999144640829086
-0.9930261408916863
-0.9932723806095262
-0.9297158713967897
-0.9446009839184852
-0.23056565717536365
-0.5141029277530039
9.602421949039272
9.600816361959158
-0.5141267282465647
-0.23075648231777823
-0.9446061633545217
-0.9297405620977899
-0.9932734412725839
-0.9930293483800352
-0.9991447873996567
-0.9992728752468931
-0.9998933967573262
-0.999926510070287
-0.9999853789666326
-0.9999853789667008
-0.9999265100702275
-0.999893396757368
-0.9992728752468525
-0.9991447873996507
-0.9930293483799506
-0.9932734412726594
-0.9297405620978172
-0.944606163354582
-0.23075648231781956
-0.5141267282466804
9.60081636195932
9.596229706328703
-0.5141936931397886
-0.23129786214980075
-0.9446204536543819
-0.9298099600456844
-0.9932761985647145
-0.993038136893426
-0.9991450340009937
-0.9992737310391588
-0.999893166604391
-0.9999263348428733
-0.9999850843329974
-0.9999850843329958
-0.9999263348428529
-0.9998931666043821
-0.99927373103913
-0.9991450340010013
-0.9930381368934096
-0.9932761985647189
-0.929809960045672
-0.9446204536544034
-0.23129786214979858
-0.5141936931398398
9.596229706328733
9.584680978140021
-0.5143584364700722
-0.23264705194192525
-0.9446543799704875
-0.9299802305018218
-0.9932819555470425
-0.9930586886252091
-0.9991448503905109
-0.9992750419275551
-0.9998919017449568
-0.9999252077744385
-0.9999836808685348
-0.9999836808684974
-0.9999252077744968
-0.9998919017449118
-0.9992750419275849
-0.9991448503904983
-0.9930586886252937
-0.9932819555470251
-0.9299802305017646
-0.9446543799704706
-0.23264705194195448
-0.514358436469867
9.58468097813984
9.55595466983742
-0.5147552865089797
-0.23595754741504305
-0.9447312184754626
-0.9303881076434284
-0.9932915674452115
-0.993103788620282
-0.9991409341371191
-0.999274708671088
-0.9998856663028308
-0.9999193105634512
-0.9999771699158462
-0.9999771699156967
-0.9999193105634929
-0.9998856663027602
-0.9992747086711518
-0.9991409341370027
-0.9931037886203119
-0.9932915674451619
-0.9303881076434518
-0.9447312184754765
-0.23595754741500283
-0.5147552865088457
9.55595466983728
9.484003062381081
-0.5157054278108035
-0.24410002251572832
-0.9448953803610046
-0.9313541691641064
-0.9932965920481489
-0.993193362394521
-0.9991160455889541
-0.9992583395483343
-0.9998560548298433
-0.9998905199507699
-0.9999470541254311
-0.9999470541253115
-0.9998905199509011
-0.9998560548297384
-0.9992583395484054
-0.9991160455889037
-0.9931933623945717
-0.9932965920481027
-0.9313541691641465
-0.9448953803609503
-0.24410002251568697
-0.5157054278107891
9.484003062381216
9.301384754243788
-0.5179606712852214
-0.2642461861062603
-0.9452007012832694
-0.9335993303987598
-0.9932288852468334
-0.9933256296597612
-0.9989849133649915
-0.9991472503678634
-0.9997159817106445
-0.9997524011089233
-0.9998061631393358
-0.9998061631392048
-0.9997524011089762
-0.9997159817104609
-0.999147250367938
-0.9989849133649388
-0.9933256296598201
-0.9932288852468405
-0.9335993303987822
-0.9452007012832299
-0.2642461861063083
-0.5179606712853724
9.30138475424392
8.828670178011743
-0.5232079036230173
-0.31441517822143306
-0.9455278530030702
-0.9385951709251004
-0.9926964344483218
-0.9932600786984765
-0.9983266886579021
-0.9985352483102312
-0.9990426138824067
-0.9990835247735297
-0.9991317108992096
-0.9991317108991782
-0.9990835247735533
-0.9990426138823892
-0.9985352483102947
-0.9983266886578777
-0.9932600786985644
-0.9926964344482171
-0.9385951709251213
-0.9455278530030486
-0.31441517822150145
-0.5232079036230226
8.828670178011905
7.566245952468042
-0.534845984450844
-0.43983005452140644
-0.9443524877574717
-0.9484956522204733
-0.9895940062999178
-0.991220959676239
-0.9949993250140972
-0.9953105474639843
-0.9956934909014715
-0.995744144431875
-0.9957816128024456
-0.9957816128024415
-0.9957441444319817
-0.9956934909016069
-0.9953105474639918
-0.9949993250141564
-0.991220959676276
-0.9895940062997888
-0.9484956522204754
-0.9443524877572805
-0.4398300545214106
-0.5348459844506797
7.566245952467913
3.9967523641043528
-0.5574582830113151
-0.750010348091328
-0.9311840825955302
-0.9605617282250088
-0.9722199218857286
-0.9761299667683392
-0.9772635834164686
-0.9777859023458786
-0.977930065037794
-0.9780002287084923
-0.9780178116329176
-0.9780178116328877
-0.9780002287084841
-0.9779300650377352
-0.9777859023457945
-0.9772635834165269
-0.9761299667682828
-0.9722199218857045
-0.9605617282250124
-0.9311840825955108
-0.7500103480914782
-0.557458283011166
3.9967523641041733
-7.5936673193342665
-0.5716677597901704
-1.449033102963632
-0.8205655134793945
-0.8996659735180669
-0.853195918106596
-0.8607745842053114
-0.8577155538187837
-0.8584455727995866
-0.8582873941156117
-0.8583541221243074
-0.8583513498920761
-0.8583513498920693
-0.8583541221243687
-0.8582873941156465
-0.858445572799638
-0.8577155538186924
-0.8607745842053539
-0.8531959181065927
-0.8996659735181349
-0.8205655134794003
-1.44903310296354
-0.5716677597900245
-7.5936673193342425
-79.5234926571793
5.792383102089833
4.622859493419705
10.254939217852975
10.261906756137247
10.760627301474301
10.773160684813297
10.822126356618025
10.824851729611424
10.82998316030338
10.830448826858
10.830952452125038
10.830952452125636
10.830448826857436
10.829983160303744
10.824851729611014
10.822126356619018
10.773160684813245
10.760627301474937
10.261906756137206
10.254939217852138
4.622859493420021
5.792383102089162
-79.52349265717879