1.0437639938802488
-0.41655894568044516
-0.490156194494549
-0.4520291277044058
-0.40318919565508593
-0.37547682962245243
-0.35892523529173914
-0.3496619628857865
-0.34442119785655334
-0.3415084781882366
-0.33996412502586926
-0.33929679279670644
-0.33929679279667546
-0.3399641250249617
-0.3415084781883595
-0.34442119785501324
-0.3496619628865813
-0.3589252352914296
-0.37547682962391726
-0.4031891956541279
-0.45202912770630344
-0.490156194492244
-0.4165589456825857
1.043763993881609
-0.005842168371216629
0.10767409347626569
0.1489771690139851
0.1668090024986686
0.18190728182341342
0.19107032385081116
0.1969334659502331
0.20044674542379293
0.20253878852376825
0.203747429724618
0.2044055520761414
0.2046944721426231
0.2046944721427192
0.2044055520762761
0.203747429724894
0.2025387885240882
0.20044674542410118
0.1969334659502024
0.1910703238510124
0.18190728182331733
0.16680900249868302
0.14897716901357566
0.10767409347623325
-0.005842168371693392
-0.11085343439021891
0.05436518606317052
0.07357518160767021
0.07735320546741867
0.07892060643542348
0.08032256790316945
0.08148315407707575
0.08234125460270664
0.08293180662159158
0.08331060865465917
0.08353197986938327
0.08363329941882425
0.08363329941878772
0.08353197986934806
0.08331060865452236
0.08293180662158756
0.08234125460265103
0.08148315407702561
0.0803225679030603
0.07892060643563274
0.07735320546736128
0.07357518160783225
0.05436518606299631
-0.11085343439021086
-0.11010545069207672
0.035233007504382664
0.04233608517300573
0.03939316544298059
0.0352112328411774
0.03306906297115872
0.03193610910367343
0.03140695706628768
0.031167192384474702
0.031065541135803322
0.03102549916759792
0.03101221988886079
0.031012219888811577
0.031025499167550184
0.031065541135638232
0.031167192384408057
0.031406957066158765
0.031936109103620776
0.03306906297098794
0.03521123284138905
0.03939316544290809
0.04233608517324183
0.0352330075043054
-0.11010545069172806
-0.10510473031477034
0.029573426921639737
0.03224365492856132
0.026525369896871466
0.020028539843715
0.016353703688420873
0.014168739486808916
0.012961942211670846
0.01229379047661575
0.011932425367844671
0.01174596516065423
0.01166703255716621
0.011667032557142097
0.01174596516070621
0.011932425367880884
0.01229379047665757
0.012961942211676139
0.014168739486869593
0.016353703688292948
0.020028539843775815
0.02652536989671138
0.03224365492861311
0.029573426921456328
-0.10510473031459966
-0.10277187228495971
0.027813657965474296
0.028945014306516872
0.02215145714953797
0.01475218701256623
0.010441439435096135
0.00779734323464475
0.006278355470876244
0.005403140759048639
0.004910877886858625
0.004648185579281929
0.0045343482958221625
0.004534348295822829
0.004648185579323019
0.004910877886842287
0.005403140758944448
0.006278355470878872
0.007797343234655806
0.010441439435079976
0.014752187012570615
0.022151457149500613
0.028945014306458905
0.02781365796541857
-0.10277187228492912
-0.10188360012033709
0.0272270147422373
0.027818056956282526
0.02061796300376786
0.012871574882923578
0.008303473229398707
0.005465461221732972
0.0038084858599189545
0.002837926968206907
0.0022831806312460733
0.00198305934211881
0.0018517692805085023
0.0018517692804926266
0.0019830593420554483
0.0022831806311965673
0.002837926968042227
0.003808485859900347
0.005465461221672099
0.00830347322944818
0.012871574882880581
0.02061796300390291
0.027818056956213644
0.027227014742438268
-0.10188360012035665
-0.10156296178692056
0.02701926640916652
0.027415663987599904
0.02006261276697035
0.012182978012214397
0.007512060190336116
0.004593775294338218
0.002877488535132977
0.0018645169129310542
0.001281119235993328
0.0009634214984533219
0.0008238085383036922
0.0008238085382494098
0.0009634214983060798
0.0012811192358549459
0.0018645169127255148
0.002877488535135317
0.004593775294218056
0.007512060190438055
0.012182978012256354
0.02006261276721253
0.0274156639874888
0.027019266409387014
-0.101562961786991
-0.10144876533173361
0.026942162348525076
0.027266580412228257
0.01985571058094493
0.011924718852555999
0.007212936150960355
0.004261802476861886
0.0025204868009832257
0.0014891019260666323
0.0008929485621334793
0.0005672695033443671
0.00042382864731966484
0.0004238286472983162
0.00056726950326149
0.000892948561956253
0.001489101925890444
0.0025204868010634198
0.0042618024767746635
0.007212936151097843
0.011924718852710653
0.01985571058116893
0.027266580412153886
0.026942162348643994
-0.10144876533182412
-0.10140812126032026
0.0269126106523779
0.027209847116826384
0.019776961720360788
0.011826072359775907
0.0070980845569716434
0.004133614656240094
0.002381883362158457
0.0013426571860694267
0.0007409596223170173
0.00041175534709214027
0.00026660618822879747
0.0002666061882111337
0.00041175534714722056
0.0007409596224025234
0.0013426571861953492
0.002381883362313868
0.0041336146563026276
0.007098084557060048
0.011826072359843405
0.019776961720361926
0.027209847116822408
0.02691261065237817
-0.10140812126055421
-0.10139374433931615
0.026901220021904593
0.02718817289326983
0.0197469516100301
0.011788419314002856
0.007054099868691845
0.004084323631429744
0.002328368420241608
0.0012859048480767356
0.000681881685281484
0.00035118017897578806
0.00020529964137995169
0.0002052996414397197
0.00035118017917954553
0.0006818816854656734
0.0012859048483029579
0.002328368420470737
0.004084323631636514
0.00705409986860068
0.011788419314068972
0.01974695160987599
0.027188172893225324
0.026901220021709096
-0.10139374433956139
-0.10138914498903658
0.026897299575285513
0.027180768098979007
0.019736727566554684
0.011775584277903286
0.007039077776899974
0.004067446159446101
0.002309995131374339
0.0012663712498838316
0.0006615056809712813
0.00033025730280295267
0.00018410819813362902
0.00018410819811101145
0.0003302573028506519
0.0006615056809984254
0.0012663712499073705
0.00230999513138898
0.004067446159623806
0.0070390777767712805
0.01177558427801165
0.019736727566411996
0.027180768099128852
0.02689729957512664
-0.10138914498897533
-0.10138914498923486
0.02689729957530783
0.02718076809890319
0.019736727566519063
0.011775584277853047
0.007039077776885078
0.004067446159499209
0.002309995131530949
0.0012663712500176052
0.0006615056811266719
0.00033025730288639715
0.00018410819814565688
0.00018410819804099435
0.0003302573027261556
0.0006615056808987377
0.0012663712497347442
0.002309995131331201
0.004067446159507494
0.007039077776843131
0.011775584278007616
0.01973672756656395
0.027180768099265788
0.026897299575237666
-0.10138914498902815
-0.10139374433954806
0.026901220021966307
0.027188172893200847
0.019746951610012248
0.011788419313914989
0.007054099868748287
0.004084323631532095
0.0023283684205527982
0.0012859048483475032
0.0006818816856041335
0.0003511801791606375
0.00020529964147354332
0.00020529964140481466
0.00035118017903873055
0.0006818816852987271
0.0012859048480152685
0.002328368420476237
0.004084323631457528
0.007054099868791205
0.011788419314095192
0.019746951610199036
0.027188172893332307
0.02690122002192874
-0.10139374433966253
-0.10140812126013124
0.0269126106524075
0.027209847116849956
0.019776961720399066
0.011826072359719463
0.007098084556984479
0.004133614656224081
0.002381883362186514
0.0013426571860459353
0.0007409596223363548
0.0004117553471285998
0.00026660618826463865
0.00026660618823505413
0.000411755347075776
0.0007409596223891138
0.0013426571860848378
0.0023818833623630775
0.00413361465613706
0.007098084557094998
0.011826072359686529
0.019776961720481906
0.02720984711667393
0.026912610652487463
-0.1014081212605276
-0.10144876533157998
0.026942162348629457
0.027266580412328954
0.01985571058102921
0.011924718852621473
0.007212936150980449
0.004261802476741216
0.002520486800824198
0.0014891019258641068
0.000892948561981614
0.0005672695032681201
0.0004238286473226845
0.0004238286474156907
0.0005672695034195433
0.0008929485621964218
0.0014891019260256442
0.0025204868011180106
0.00426180247672516
0.007212936151028384
0.011924718852461085
0.01985571058109078
0.02726658041196387
0.026942162348636764
-0.10144876533185325
-0.101562961786735
0.02701926640923826
0.027415663987621377
0.020062612766959732
0.01218297801222728
0.007512060190297638
0.004593775294213802
0.0028774885349410867
0.0018645169128108522
0.0012811192358457145
0.0009634214983039897
0.0008238085382220962
0.0008238085382743789
0.0009634214984295094
0.00128111923596485
0.0018645169128385806
0.0028774885351149407
0.004593775294225926
0.0075120601903470325
0.012182978012190544
0.020062612767000967
0.027415663987376396
0.027019266409303314
-0.101562961786836
-0.10188360011999577
0.02722701474212473
0.027818056956174952
0.020617963003652304
0.01287157488292473
0.008303473229301021
0.005465461221766171
0.003808485859878412
0.002837926968233634
0.002283180631189586
0.001983059342111664
0.0018517692805245845
0.001851769280427115
0.001983059342077799
0.002283180631201821
0.0028379269681555385
0.0038084858598276964
0.0054654612218305
0.008303473229351443
0.012871574882982286
0.02061796300373059
0.027818056956336046
0.027227014742286157
-0.10188360012003722
-0.10277187228457182
0.02781365796533087
0.0289450143064822
0.022151457149474817
0.014752187012553403
0.010441439435046423
0.007797343234645207
0.006278355470802317
0.005403140758980227
0.004910877886772672
0.004648185579223359
0.004534348295778477
0.00453434829577899
0.004648185579339603
0.004910877886766656
0.005403140759043717
0.006278355470871354
0.0077973432348126355
0.01044143943498897
0.014752187012677255
0.02215145714940019
0.028945014306544066
0.027813657965234106
-0.10277187228466653
-0.10510473031429184
0.02957342692158746
0.03224365492870564
0.02652536989698643
0.020028539843804077
0.01635370368842709
0.014168739486813596
0.012961942211566883
0.012293790476435466
0.011932425367666956
0.01174596516054162
0.011667032557160468
0.011667032557200929
0.011745965160834797
0.011932425368029017
0.012293790476923638
0.012961942211870588
0.014168739487013693
0.016353703688211017
0.02002853984377726
0.026525369896551576
0.03224365492854035
0.029573426921316412
-0.10510473031445167
-0.11010545069209732
0.035233007504500924
0.0423360851731482
0.03939316544313637
0.035211232841249454
0.033069062971133004
0.03193610910351313
0.03140695706613407
0.031167192384262556
0.03106554113561444
0.03102549916750877
0.031012219888861867
0.031012219888888984
0.031025499167714445
0.0310655411359188
0.03116719238451259
0.03140695706626276
0.03193610910348238
0.033069062970905595
0.03521123284111499
0.039393165442772146
0.0423360851731979
0.03523300750440073
-0.110105450691872
-0.11085343439058974
0.05436518606331665
0.07357518160767985
0.07735320546738675
0.0789206064353424
0.0803225679031894
0.08148315407702568
0.08234125460279038
0.08293180662176623
0.0833106086549274
0.08353197986951168
0.08363329941883792
0.08363329941881859
0.0835319798692643
0.08331060865444981
0.08293180662128836
0.0823412546024614
0.08148315407676741
0.08032256790320218
0.07892060643558657
0.07735320546763882
0.07357518160787373
0.05436518606336381
-0.11085343439026143
-0.00584216837128848
0.10767409347609874
0.14897716901367514
0.16680900249843283
0.18190728182318225
0.19107032385080885
0.19693346595028494
0.2004467454240614
0.20253878852398427
0.20374742972488002
0.20440555207630184
0.20469447214263475
0.20469447214249104
0.20440555207581698
0.2037474297245786
0.20253878852361074
0.20044674542402074
0.19693346595007494
0.19107032385124478
0.18190728182324215
0.16680900249911743
0.14897716901367225
0.10767409347638793
-0.005842168372177574
1.043763993880275
-0.41655894568036933
-0.4901561944945959
-0.45202912770435044
-0.4031891956550118
-0.3754768296222988
-0.3589252352917015
-0.3496619628857185
-0.34442119785666486
-0.34150847818833574
-0.33996412502597373
-0.33929679279681213
-0.3392967927968
-0.3399641250251919
-0.3415084781882297
-0.3444211978550473
-0.3496619628862112
-0.3589252352913469
-0.3754768296237133
-0.40318919565410705
-0.45202912770623827
-0.49015619449242587
-0.41655894568255664
1.0437639938811296