-194.1343844361765
5.927671583529866
2.139285704714667
15.50219581770633
15.400466160935297
16.594048195143216
16.609303597145598
16.727079275981396
16.73168386169053
16.744055000254335
16.744927336597208
16.746295735691128
16.746441618721192
16.746600608482943
16.746623905447706
16.74664327190571
16.746646853966947
16.7466490106314
16.746649010636297
16.746646853964116
16.746643271910205
16.746623905447372
16.746600608483433
16.74644161872151
16.746295735697924
16.74492733659011
16.74405500026422
16.73168386168531
16.727079275985336
16.609303597146653
16.594048195146705
15.40046616093666
15.502195817711797
2.1392857047119707
5.927671583534676
-194.13438443617488
-24.521952205673507
-0.579074865466026
-2.764535605924343
-0.7496915922602081
-0.9410466405582547
-0.781099630826861
-0.7989663367630551
-0.7866667336441008
-0.7883479100814352
-0.7874472238168599
-0.7875994166749629
-0.7875387752223959
-0.7875509503465201
-0.7875473484943372
-0.7875479592470164
-0.7875477615051651
-0.7875477091451482
-0.7875476949826449
-0.7875476949834779
-0.7875477091448948
-0.7875477615055515
-0.7875479592471486
-0.787547348494442
-0.7875509503464724
-0.7875387752223113
-0.7875994166751298
-0.7874472238168044
-0.7883479100814828
-0.7866667336444522
-0.7989663367635333
-0.7810996308262315
-0.9410466405597131
-0.7496915922590941
-2.7645356059259196
-0.5790748654655651
-24.521952205676296
2.0729858863119874
-0.4418687369996379
-1.0518451452164737
-0.9090418688495774
-0.9830704131245794
-0.9596730014158904
-0.9683599953482883
-0.9660345072474172
-0.9670832516496228
-0.9668995112371879
-0.9670303631252359
-0.967020736913237
-0.9670376863641329
-0.9670380724396506
-0.9670403586863465
-0.9670406004571582
-0.9670409152989856
-0.967040960575487
-0.9670409605756908
-0.9670409152988613
-0.9670406004573912
-0.9670403586863403
-0.9670380724396466
-0.9670376863642824
-0.9670207369132298
-0.9670303631251865
-0.9668995112373582
-0.9670832516495101
-0.9660345072476231
-0.9683599953483452
-0.9596730014158308
-0.9830704131248045
-0.9090418688494332
-1.0518451452166349
-0.4418687369997256
2.07298588631318
10.265489936529583
-0.37439616028701195
-0.3214274491463609
-0.9253956090967621
-0.9400972699083707
-0.9855141381159493
-0.9886716809613706
-0.9926319310952036
-0.9931494636747664
-0.993545557871053
-0.9936245200250475
-0.9936694580243111
-0.9936812590024158
-0.9936869229757357
-0.9936886877718407
-0.9936894591960376
-0.9936897203153717
-0.9936898155728525
-0.9936898155728507
-0.993689720315333
-0.9936894591962017
-0.9936886877718225
-0.9936869229757073
-0.9936812590024797
-0.9936694580243175
-0.9936245200248821
-0.9935455578713481
-0.9931494636745931
-0.9926319310952614
-0.988671680961456
-0.9855141381161825
-0.9400972699081512
-0.925395609097089
-0.3214274491463441
-0.3743961602869702
10.265489936528706
13.1648734173057
-0.3437376800805984
-0.02890861655536754
-0.9253178435994578
-0.9142255465441855
-0.9899703896464205
-0.9905997051789668
-0.9976063108240955
-0.99787193485064
-0.9985681595726785
-0.9986217721784313
-0.9986960108040428
-0.9987052617290315
-0.9987137745142076
-0.9987152849512441
-0.9987163321614936
-0.9987165686051882
-0.9987166878784717
-0.9987166878784741
-0.9987165686051344
-0.9987163321616165
-0.9987152849512468
-0.9987137745141124
-0.9987052617291632
-0.9986960108040835
-0.9986217721781427
-0.9985681595730611
-0.9978719348503794
-0.997606310824257
-0.990599705178978
-0.9899703896466363
-0.9142255465438975
-0.9253178435998575
-0.02890861655494756
-0.34373768008084604
13.164873417306
14.251049249240461
-0.330490954020904
0.08762446264884635
-0.9239242941756453
-0.9020258674771275
-0.9906427438566618
-0.9901768227321719
-0.9985789593809862
-0.9987335728147281
-0.9995767560831907
-0.9996189947579397
-0.9997083911998994
-0.9997164684247128
-0.9997265229274579
-0.9997279123964934
-0.9997291146929612
-0.999729338940569
-0.9997294721648917
-0.9997294721649924
-0.9997293389404935
-0.9997291146930545
-0.9997279123964964
-0.9997265229274446
-0.9997164684248803
-0.9997083911998931
-0.999618994757802
-0.9995767560834613
-0.9987335728145782
-0.998578959381158
-0.9901768227321188
-0.9906427438567874
-0.9020258674770538
-0.9239242941758472
0.087624462648896
-0.33049095402095285
14.251049249240406
14.670752667816773
-0.32491164106302556
0.13431740537814263
-0.9230540419592179
-0.8966821672853242
-0.9906766014546495
-0.9897459275175404
-0.9987662704671194
-0.9988735505540203
-0.9997857658263328
-0.999823172990429
-0.9999200828791422
-0.9999276615369
-0.9999385174213773
-0.9999398550375682
-0.9999411413584989
-0.9999413602922345
-0.9999415013289281
-0.9999415013289151
-0.9999413602921219
-0.9999411413585642
-0.9999398550375269
-0.999938517421386
-0.9999276615368173
-0.9999200828791046
-0.9998231729904737
-0.9997857658262423
-0.9988735505540298
-0.9987662704670857
-0.9897459275175551
-0.9906766014548125
-0.8966821672850799
-0.9230540419591848
0.13431740537797343
-0.3249116410628726
14.670752667816597
14.836119203322284
-0.3225884501374118
0.1531630616292155
-0.9226272193402256
-0.8944100579678831
-0.9906361699267343
-0.9895101734329412
-0.9987984845925633
-0.9988858948251143
-0.9998295201311274
-0.9998649404428446
-0.9999654383351047
-0.9999728180157108
-0.9999840743779145
-0.9999853918682047
-0.9999867219518135
-0.9999869388648381
-0.9999870841099152
-0.99998708410991
-0.9999869388648644
-0.9999867219517926
-0.9999853918682936
-0.9999840743780013
-0.9999728180156653
-0.999965438335075
-0.9998649404429212
-0.9998295201310193
-0.998885894825094
-0.9987984845927756
-0.9895101734328353
-0.9906361699266983
-0.8944100579680059
-0.9226272193399168
0.15316306162899965
-0.32258845013727266
14.836119203322104
14.902153757433698
-0.3216253599494
0.16082010304601962
-0.9224346607983012
-0.8934563679938372
-0.9906066480822475
-0.9893989309585337
-0.9988018102328236
-0.9988809327489112
-0.9998385203679281
-0.9998731367936496
-0.9999752977604242
-0.999982601603318
-0.9999940514968175
-0.9999953619258055
-0.9999967140149721
-0.9999969302843186
-0.999997077717339
-0.9999970777174028
-0.9999969302843332
-0.9999967140150363
-0.9999953619257662
-0.9999940514968373
-0.9999826016032077
-0.9999752977605578
-0.9998731367936935
-0.9998385203678624
-0.9988809327488722
-0.9988018102328289
-0.9893989309584299
-0.9906066480821071
-0.893456367993992
-0.9224346607980379
0.16082010304580754
-0.3216253599492709
14.90215375743362
14.928782101455948
-0.3212265072984902
0.16394891075453294
-0.9223509411620257
-0.8930582415255081
-0.9905912743991145
-0.9893494284676723
-0.9988008790033497
-0.9988765509868809
-0.9998402423995896
-0.999874535409766
-0.999977449519196
-0.9999847254106942
-0.9999962662684394
-0.9999975745081564
-0.9999989373309913
-0.9999991534555331
-0.9999993019904712
-0.9999993019903566
-0.9999991534555353
-0.999998937331007
-0.9999975745081536
-0.9999962662682718
-0.9999847254106986
-0.9999774495191979
-0.9998745354096428
-0.9998402423995589
-0.9988765509868391
-0.9988008790032121
-0.9893494284676181
-0.9905912743992449
-0.8930582415252606
-0.9223509411621356
0.16394891075469073
-0.3212265072983097
14.928782101456157
14.939600446342583
-0.3210612214434839
0.16523352966703347
-0.9223151944642876
-0.8928923515908864
-0.9905840922595317
-0.9893279983438674
-0.9987999382396232
-0.9988741731110375
-0.999840501706931
-0.9998746645044494
-0.9999779136569702
-0.9999851794897718
-0.9999967621478387
-0.9999980698342628
-0.9999994377584702
-0.9999996538864175
-0.9999998029608345
-0.9999998029608468
-0.9999996538864502
-0.9999994377583724
-0.9999980698342665
-0.9999967621477268
-0.9999851794898738
-0.9999779136568802
-0.9998746645043682
-0.9998405017068697
-0.9988741731110236
-0.9987999382395822
-0.9893279983438703
-0.9905840922594709
-0.8928923515909426
-0.922315194464425
0.16523352966718158
-0.32106122144352855
14.939600446342613
14.944021645344046
-0.32099263049392146
0.16576309952672602
-0.9223000710653761
-0.8928232374416052
-0.9905808944893626
-0.9893188497541265
-0.9987994090065817
-0.9988730445624212
-0.9998405033286751
-0.9998746134757646
-0.999978009676588
-0.9999852719479044
-0.999996873468679
-0.9999981810792526
-0.9999995513758676
-0.9999997675347307
-0.9999999168672261
-0.9999999168670299
-0.9999997675348504
-0.9999995513757548
-0.9999981810794678
-0.9999968734686577
-0.9999852719477988
-0.9999780096765489
-0.9998746134759058
-0.9998405033282662
-0.9988730445627095
-0.9987994090063981
-0.9893188497540182
-0.99058089448927
-0.8928232374415417
-0.9223000710652268
0.1657630995265233
-0.3209926304939304
14.944021645344248
14.945837152080127
-0.3209641176130881
0.16598215927358098
-0.922293702382813
-0.892794421380575
-0.9905795049221625
-0.9893149726231578
-0.99879915290077
-0.9988725381216663
-0.9998404785435242
-0.999874567277309
-0.999978027367028
-0.99998528838969
-0.9999968983004055
-0.999998205942159
-0.9999995773221613
-0.9999997935065601
-0.9999999429597267
-0.9999999429594141
-0.9999997935067078
-0.9999995773218617
-0.9999982059422283
-0.9999968983002501
-0.9999852883895454
-0.9999780273667939
-0.9998745672774279
-0.9998404785430655
-0.9988725381220493
-0.9987991529007172
-0.9893149726231025
-0.9905795049221479
-0.8927944213806513
-0.9222937023825879
0.16598215927328683
-0.3209641176126218
14.945837152080095
14.946585585740479
-0.32095224433233815
0.16607303633259474
-0.9222910263935138
-0.8927823940262876
-0.990578909020656
-0.9893133358315214
-0.9987990365056303
-0.9988723169958764
-0.9998404619175949
-0.9998745418889778
-0.9999780295272134
-0.9999852901142106
-0.999996903714395
-0.9999982113931993
-0.9999995832605035
-0.9999997994608825
-0.9999999489694902
-0.9999999489693745
-0.9999997994610385
-0.9999995832602886
-0.9999982113932695
-0.999996903714088
-0.9999852901142706
-0.9999780295270446
-0.9998745418891639
-0.9998404619173118
-0.998872316996019
-0.9987990365053845
-0.9893133358315614
-0.9905789090204173
-0.8927823940265127
-0.9222910263934181
0.16607303633260428
-0.3209522443321122
14.946585585740412
14.946894995681687
-0.32094729396180344
0.1661108125667305
-0.9222899034821692
-0.8927773702314632
-0.9905786554827809
-0.9893126464982556
-0.998798985251382
-0.9988722218838451
-0.9998404533743073
-0.9998745297413579
-0.9999780291860086
-0.9999852896211452
-0.9999969048281718
-0.9999982125315613
-0.9999995846154446
-0.999999800824598
-0.9999999503583099
-0.9999999503581677
-0.9999998008246782
-0.9999995846153473
-0.999998212531745
-0.9999969048281783
-0.9999852896212647
-0.9999780291860381
-0.9998745297414426
-0.9998404533742747
-0.9988722218840396
-0.9987989852513242
-0.9893126464983015
-0.9905786554827227
-0.8927773702314447
-0.9222899034820281
0.16611081256675714
-0.3209472939618
14.946894995681545
14.94702283231809
-0.3209452337805704
0.1661264951499702
-0.9222894339544649
-0.892775276490261
-0.9905785484416674
-0.9893123574537546
-0.9987989631400764
-0.9988721814476573
-0.9998404493961641
-0.9998745242780593
-0.9999780287435618
-0.9999852891257751
-0.9999969050250258
-0.9999982127420202
-0.99999958492052
-0.9999998011341096
-0.9999999506789283
-0.9999999506789389
-0.999999801134059
-0.9999995849205658
-0.9999982127420013
-0.9999969050250336
-0.9999852891257885
-0.9999780287436982
-0.9998745242780409
-0.9998404493961486
-0.9988721814475491
-0.998798963140056
-0.9893123574537146
-0.9905785484415601
-0.892775276490285
-0.9222894339543763
0.16612649514989752
-0.3209452337802807
14.947022832317877
14.947074679229107
-0.3209443931674607
0.16613288121022127
-0.9222892417120497
-0.8927744212689703
-0.9905785043194493
-0.9893122388598621
-0.998798953898284
-0.9988721647038299
-0.9998404476632159
-0.9998745219432753
-0.9999780284914451
-0.9999852888552772
-0.9999969050446162
-0.9999982127683076
-0.9999995849870627
-0.999999801202804
-0.9999999507523947
-0.9999999507522785
-0.9999998012025831
-0.9999995849870271
-0.9999982127682165
-0.9999969050447692
-0.9999852888551566
-0.9999780284913311
-0.9998745219434786
-0.9998404476627644
-0.9988721647039717
-0.998798953898228
-0.9893122388597475
-0.9905785043191089
-0.8927744212691526
-0.9222892417116066
0.16613288121010708
-0.32094439316693435
14.947074679229036
14.947093085697986
-0.32094409343538277
0.16613515494500847
-0.9222891730111877
-0.8927741161204854
-0.9905784884852286
-0.989312196421368
-0.9987989505546655
-0.998872158679027
-0.9998404470226212
-0.9998745210892059
-0.9999780283881554
-0.999985288746186
-0.9999969050407187
-0.9999982127670419
-0.9999995850005104
-0.9999998012170244
-0.9999999507683295
-0.9999999507683044
-0.9999998012169353
-0.9999995850005692
-0.999998212766976
-0.9999969050409431
-0.9999852887460143
-0.999978028388151
-0.9998745210896244
-0.9998404470222431
-0.998872158679375
-0.9987989505544832
-0.989312196421241
-0.9905784884851103
-0.8927741161205252
-0.9222891730105898
0.16613515494463837
-0.3209440934347526
14.94709308569755
14.947093085697354
-0.3209440934351988
0.166135154945003
-0.9222891730111128
-0.8927741161203474
-0.9905784884851557
-0.9893121964214351
-0.9987989505546382
-0.9988721586790557
-0.9998404470225746
-0.999874521089391
-0.9999780283884752
-0.9999852887463443
-0.9999969050409157
-0.9999982127672795
-0.9999995850006685
-0.9999998012171647
-0.9999999507684785
-0.999999950768482
-0.9999998012170752
-0.9999995850006681
-0.9999982127670182
-0.9999969050409129
-0.9999852887461655
-0.9999780283881816
-0.9998745210894917
-0.9998404470224358
-0.998872158679177
-0.9987989505546107
-0.9893121964212357
-0.9905784884850211
-0.8927741161205056
-0.9222891730109073
0.16613515494476255
-0.32094409343479446
14.947093085697539
14.947074679230312
-0.3209443931670234
0.1661328812100517
-0.9222892417123296
-0.8927744212690198
-0.9905785043195312
-0.9893122388599093
-0.9987989538983568
-0.998872164703897
-0.9998404476631371
-0.9998745219434996
-0.999978028491562
-0.9999852888553123
-0.9999969050448001
-0.9999982127684451
-0.9999995849871064
-0.9999998012029542
-0.9999999507524295
-0.9999999507524471
-0.9999998012027355
-0.999999584987064
-0.9999982127683484
-0.9999969050447949
-0.9999852888552783
-0.9999780284915007
-0.9998745219434056
-0.999840447663142
-0.9988721647039933
-0.9987989538982607
-0.9893122388596958
-0.9905785043193343
-0.8927744212689237
-0.9222892417120392
0.1661328812101516
-0.32094439316686796
14.947074679230353
14.94702283231787
-0.32094523378041334
0.16612649515006395
-0.9222894339546617
-0.8927752764903034
-0.9905785484416543
-0.9893123574537619
-0.998798963139998
-0.9988721814475107
-0.9998404493960857
-0.9998745242779188
-0.9999780287434699
-0.9999852891257368
-0.9999969050249762
-0.9999982127419857
-0.999999584920436
-0.9999998011340663
-0.9999999506787609
-0.9999999506786894
-0.9999998011340189
-0.9999995849202845
-0.9999982127419728
-0.9999969050248818
-0.9999852891256483
-0.9999780287434817
-0.9998745242781146
-0.9998404493958913
-0.9988721814475807
-0.9987989631397733
-0.9893123574536775
-0.9905785484416488
-0.8927752764902337
-0.9222894339545646
0.1661264951499128
-0.3209452337801121
14.947022832317609
14.94689499568012
-0.32094729396202515
0.16611081256690602
-0.9222899034820304
-0.892777370231282
-0.9905786554825469
-0.9893126464981394
-0.998798985251204
-0.9988722218836139
-0.9998404533742997
-0.9998745297412285
-0.9999780291860437
-0.9999852896210403
-0.9999969048280066
-0.9999982125315792
-0.9999995846153231
-0.9999998008245439
-0.9999999503581711
-0.9999999503580884
-0.9999998008245543
-0.9999995846153515
-0.9999982125316471
-0.9999969048281262
-0.9999852896212544
-0.9999780291859427
-0.9998745297413041
-0.9998404533740363
-0.9988722218838617
-0.9987989852512297
-0.9893126464983422
-0.990578655482399
-0.8927773702315294
-0.9222899034818106
0.16611081256685634
-0.32094729396207233
14.946894995679925
14.94658558574194
-0.32095224433261743
0.16607303633293233
-0.9222910263933395
-0.8927823940264001
-0.9905789090206827
-0.989313335831595
-0.9987990365057011
-0.998872316995886
-0.9998404619176666
-0.9998745418888835
-0.9999780295271432
-0.9999852901141926
-0.9999969037143746
-0.9999982113931447
-0.9999995832604905
-0.9999997994609187
-0.9999999489695566
-0.9999999489694409
-0.9999997994609435
-0.9999995832603915
-0.9999982113932505
-0.9999969037144141
-0.9999852901141524
-0.9999780295271161
-0.9998745418890705
-0.9998404619173556
-0.9988723169961189
-0.998799036505249
-0.9893133358315319
-0.9905789090204562
-0.8927823940262931
-0.9222910263929465
0.1660730363326525
-0.3209522443328736
14.946585585742262
14.94583715208067
-0.32096411761327504
0.16598215927372287
-0.9222937023829112
-0.8927944213803691
-0.9905795049219703
-0.9893149726229766
-0.9987991529005706
-0.998872538121385
-0.9998404785433284
-0.9998745672770712
-0.9999780273668923
-0.9999852883895115
-0.9999968983002101
-0.9999982059420531
-0.9999995773219885
-0.9999997935064339
-0.9999999429593357
-0.9999999429591396
-0.9999997935064737
-0.9999995773216862
-0.9999982059420043
-0.999996898300052
-0.9999852883892375
-0.9999780273666647
-0.9998745672771958
-0.9998404785428945
-0.9988725381216683
-0.9987991529005396
-0.989314972623047
-0.9905795049218994
-0.8927944213805012
-0.922293702382886
0.16598215927350302
-0.3209641176126556
14.945837152081161
14.944021645344606
-0.3209926304938855
0.16576309952644705
-0.9223000710658292
-0.8928232374416332
-0.9905808944895078
-0.9893188497542296
-0.9987994090067045
-0.9988730445626255
-0.9998405033287063
-0.9998746134757621
-0.999978009676753
-0.9999852719477438
-0.9999968734687732
-0.9999981810792096
-0.9999995513757443
-0.9999997675346234
-0.9999999168671374
-0.9999999168670537
-0.9999997675348679
-0.999999551375814
-0.9999981810794998
-0.9999968734685931
-0.9999852719481377
-0.9999780096768042
-0.9998746134758408
-0.9998405033288401
-0.998873044562455
-0.9987994090065486
-0.9893188497542358
-0.9905808944891936
-0.8928232374416942
-0.9223000710659064
0.1657630995267015
-0.3209926304940488
14.944021645344524
14.939600446343185
-0.3210612214438694
0.16523352966743227
-0.9223151944642767
-0.8928923515909618
-0.9905840922594267
-0.9893279983439156
-0.9987999382396413
-0.99887417311107
-0.9998405017069911
-0.9998746645043871
-0.9999779136570062
-0.9999851794898078
-0.9999967621479853
-0.9999980698342967
-0.9999994377585214
-0.9999996538864702
-0.9999998029610735
-0.9999998029609314
-0.9999996538865776
-0.9999994377583858
-0.9999980698342844
-0.9999967621478627
-0.9999851794897427
-0.9999779136569621
-0.9998746645044064
-0.9998405017069769
-0.9988741731110831
-0.9987999382394797
-0.9893279983441274
-0.9905840922597204
-0.8928923515910399
-0.9223151944644262
0.16523352966745497
-0.32106122144348004
14.93960044634315
14.928782101454239
-0.32122650729888835
0.16394891075479728
-0.9223509411620764
-0.8930582415254114
-0.9905912743988999
-0.9893494284674957
-0.9988008790032019
-0.9988765509866111
-0.9998402423995779
-0.999874535409672
-0.9999774495191913
-0.9999847254106614
-0.9999962662682734
-0.9999975745081032
-0.9999989373309007
-0.9999991534555814
-0.9999993019902615
-0.9999993019901936
-0.9999991534553652
-0.9999989373306981
-0.9999975745081515
-0.9999962662683002
-0.9999847254105392
-0.9999774495190127
-0.9998745354095224
-0.9998402423992289
-0.9988765509866978
-0.9988008790032245
-0.9893494284676392
-0.9905912743987719
-0.8930582415255743
-0.922350941161864
0.1639489107548726
-0.3212265072986741
14.928782101454464
14.902153757433561
-0.3216253599497557
0.16082010304618088
-0.9224346607981784
-0.8934563679939108
-0.990606648082252
-0.9893989309585096
-0.9988018102327396
-0.9988809327488498
-0.99983852036783
-0.9998731367933652
-0.999975297760359
-0.9999826016029948
-0.9999940514966602
-0.9999953619255458
-0.9999967140146873
-0.9999969302840364
-0.999997077717183
-0.9999970777170559
-0.9999969302841472
-0.9999967140146598
-0.9999953619257522
-0.9999940514967178
-0.9999826016030897
-0.9999752977604248
-0.9998731367935095
-0.9998385203678155
-0.9988809327487805
-0.9988018102325553
-0.9893989309582847
-0.9906066480822225
-0.8934563679938131
-0.9224346607979574
0.1608201030460003
-0.3216253599499429
14.902153757433087
14.836119203322593
-0.32258845013754184
0.15316306162930543
-0.9226272193401397
-0.8944100579677722
-0.9906361699265118
-0.9895101734327656
-0.998798484592273
-0.9988858948248808
-0.9998295201308374
-0.9998649404425553
-0.9999654383347305
-0.9999728180154057
-0.9999840743775001
-0.9999853918679857
-0.9999867219512568
-0.9999869388645493
-0.9999870841095233
-0.9999870841096579
-0.9999869388644089
-0.9999867219514269
-0.9999853918680177
-0.9999840743775495
-0.9999728180151914
-0.9999654383347403
-0.9998649404426081
-0.9998295201307534
-0.9988858948251579
-0.9987984845923787
-0.9895101734329452
-0.9906361699267054
-0.8944100579676568
-0.9226272193399558
0.15316306162919197
-0.32258845013741366
14.83611920332228
14.670752667814867
-0.3249116410633234
0.13431740537791745
-0.9230540419593396
-0.8966821672851608
-0.9906766014543469
-0.989745927517421
-0.9987662704667967
-0.9988735505538983
-0.9997857658258473
-0.9998231729901726
-0.9999200828787826
-0.9999276615365942
-0.9999385174210184
-0.9999398550372169
-0.9999411413579633
-0.9999413602919025
-0.9999415013283723
-0.9999415013284989
-0.9999413602917637
-0.9999411413581187
-0.9999398550371642
-0.9999385174209339
-0.9999276615366837
-0.9999200828789804
-0.9998231729899885
-0.9997857658262157
-0.9988735505534361
-0.9987662704670173
-0.9897459275172631
-0.9906766014543589
-0.896682167285034
-0.9230540419594992
0.13431740537806627
-0.32491164106291937
14.670752667815394
14.251049249240777
-0.3304909540207208
0.08762446264886453
-0.9239242941755847
-0.902025867477122
-0.9906427438566536
-0.9901768227320973
-0.9985789593808811
-0.998733572814591
-0.9995767560829788
-0.9996189947577727
-0.9997083911998053
-0.9997164684246196
-0.9997265229273948
-0.9997279123964304
-0.9997291146928239
-0.9997293389404739
-0.9997294721649456
-0.9997294721649046
-0.9997293389405121
-0.9997291146929135
-0.9997279123964629
-0.9997265229274406
-0.9997164684247706
-0.9997083911997835
-0.9996189947574685
-0.9995767560834635
-0.9987335728144489
-0.9985789593811059
-0.9901768227320653
-0.9906427438569512
-0.9020258674768681
-0.9239242941761705
0.08762446264930379
-0.33049095402088935
14.251049249240754
13.164873417306328
-0.34373768008056504
-0.028908616554964454
-0.9253178435998937
-0.9142255465444032
-0.9899703896464214
-0.9905997051789928
-0.9976063108242295
-0.9978719348506535
-0.9985681595728524
-0.9986217721785083
-0.9986960108040105
-0.9987052617291423
-0.9987137745141408
-0.9987152849513823
-0.9987163321613076
-0.9987165686052905
-0.9987166878783349
-0.9987166878784739
-0.9987165686050385
-0.9987163321616783
-0.9987152849513081
-0.9987137745144036
-0.9987052617292098
-0.9986960108041296
-0.9986217721782835
-0.9985681595732137
-0.9978719348504683
-0.9976063108243957
-0.990599705179006
-0.989970389646671
-0.91422554654386
-0.925317843599772
-0.028908616554909915
-0.34373768008032146
13.164873417305671
10.26548993653104
-0.37439616028752415
-0.3214274491459266
-0.9253956090965172
-0.9400972699079466
-0.9855141381154447
-0.9886716809610278
-0.9926319310946872
-0.9931494636741174
-0.9935455578705796
-0.9936245200244338
-0.9936694580239254
-0.993681259001959
-0.9936869229751067
-0.993688687771368
-0.9936894591954684
-0.9936897203149717
-0.9936898155722078
-0.9936898155723106
-0.9936897203147993
-0.9936894591955387
-0.9936886877712865
-0.9936869229752887
-0.9936812590017756
-0.9936694580238614
-0.9936245200245208
-0.9935455578706363
-0.9931494636740932
-0.9926319310949228
-0.9886716809612984
-0.9855141381153579
-0.940097269908502
-0.925395609096458
-0.32142744914642507
-0.37439616028715905
10.26548993653035
2.072985886313398
-0.4418687369999407
-1.0518451452164967
-0.909041868849378
-0.9830704131244515
-0.9596730014158632
-0.9683599953481179
-0.9660345072472005
-0.9670832516494172
-0.9668995112370788
-0.9670303631248517
-0.9670207369129349
-0.9670376863637251
-0.9670380724394021
-0.967040358685776
-0.9670406004568073
-0.9670409152983799
-0.9670409605751664
-0.9670409605751408
-0.9670409152983666
-0.9670406004568142
-0.9670403586858323
-0.9670380724393157
-0.9670376863635983
-0.967020736912864
-0.9670303631247029
-0.9668995112369951
-0.967083251649254
-0.9660345072474656
-0.9683599953481702
-0.959673001416024
-0.9830704131245822
-0.9090418688490717
-1.051845145216558
-0.4418687369998965
2.072985886313895
-24.521952205674268
-0.579074865466191
-2.764535605924883
-0.7496915922605394
-0.9410466405583995
-0.7810996308268067
-0.7989663367633044
-0.7866667336442903
-0.7883479100815
-0.7874472238169427
-0.787599416674758
-0.7875387752226737
-0.7875509503465268
-0.787547348494319
-0.7875479592470123
-0.7875477615053981
-0.7875477091448451
-0.7875476949829577
-0.7875476949830289
-0.7875477091450991
-0.787547761505331
-0.7875479592473318
-0.7875473484942574
-0.7875509503462576
-0.7875387752227714
-0.7875994166752394
-0.7874472238168924
-0.7883479100818767
-0.7866667336442053
-0.7989663367634648
-0.7810996308269378
-0.9410466405587747
-0.7496915922599632
-2.7645356059259014
-0.5790748654649954
-24.521952205677177
-194.1343844361775
5.927671583530511
2.1392857047142133
15.50219581770617
15.40046616093544
16.594048195143017
16.609303597145406
16.727079275981538
16.73168386169033
16.74405500025424
16.74492733659755
16.74629573569069
16.746441618721217
16.746600608483234
16.746623905447528
16.746643271905675
16.74664685396705
16.746649010630932
16.746649010636247
16.74664685396443
16.74664327191038
16.746623905447287
16.74660060848396
16.746441618721875
16.746295735697338
16.744927336591417
16.744055000263607
16.731683861685816
16.727079275984956
16.60930359714729
16.594048195145987
15.400466160938148
15.502195817711016
2.1392857047111704
5.927671583536225
-194.13438443617827