6.023819873883305
-0.8441385499618499
-1.7646902710479266
-1.4839930173447573
-1.2193344439798852
-1.059023638794874
-0.9662090405517534
-0.9144512732453256
-0.8854504690217446
-0.8691759016096078
-0.8599753484578676
-0.8547405041852807
-0.8517419272325746
-0.8500138307412524
-0.8490122992958282
-0.8484288954908616
-0.8480874853143602
-0.8478868552930927
-0.847768507513748
-0.84769845557939
-0.8476568602943746
-0.8476320913009336
-0.8476173042007904
-0.8476084573432152
-0.8476031572301768
-0.8475999835356738
-0.8475980933563521
-0.8475969887654059
-0.8475963809357989
-0.8475961118504893
-0.8475961118468784
-0.8475963809330823
-0.8475969887520796
-0.8475980933687346
-0.8475999835486734
-0.847603157231331
-0.8476084573425771
-0.8476173041975328
-0.8476320912997348
-0.8476568602881924
-0.8476984555771463
-0.8477685075043478
-0.8478868552922374
-0.8480874853018783
-0.8484288954924601
-0.8490122993008333
-0.8500138307466779
-0.8517419272414619
-0.8547405041640099
-0.8599753484606112
-0.8691759016041578
-0.8854504690238854
-0.9144512732581574
-0.9662090405343062
-1.0590236387956264
-1.2193344439728677
-1.4839930173404927
-1.7646902710538341
-0.8441385499504823
6.023819873880774
-0.37599361081062516
0.054673648105965145
0.15965852280486054
0.27503490896883037
0.36547347599485425
0.42347255912016574
0.4597438333905711
0.48142525199006225
0.49427400371867414
0.501818815624436
0.5062427325742982
0.5088360471112213
0.5103586229734995
0.5112544247655746
0.5117827841933615
0.5120952319195987
0.5122804831989463
0.5123905995805449
0.5124562150438308
0.5124954047711203
0.512518862934878
0.5125329334084784
0.5125413887990939
0.5125464777209054
0.5125495429910573
0.5125513874351968
0.5125524907121061
0.5125531378300192
0.5125534949572117
0.512553653350032
0.5125536533489747
0.5125534949569588
0.5125531378307888
0.5125524907164756
0.5125513874409214
0.5125495429953724
0.5125464777216829
0.5125413887969501
0.5125329334040946
0.5125188629282322
0.5124954047657333
0.5124562150393289
0.5123905995761634
0.5122804831944094
0.5120952319171417
0.5117827841965983
0.511254424769452
0.5103586229754173
0.5088360471078435
0.5062427325709925
0.5018188156203816
0.4942740037162545
0.4814252519890606
0.45974383339005753
0.4234725591185121
0.36547347599042224
0.2750349089641596
0.15965852280128542
0.05467364810379337
-0.3759936108120142
-0.512119232194078
0.011249256096684099
0.09083678051989105
0.128725368777649
0.15502650343333374
0.17372634601596149
0.1866986865457108
0.19524349123968482
0.20073272574484696
0.20418147265624348
0.20632041857695443
0.20763462175099834
0.20843735971189317
0.2089257875701519
0.20922227533383603
0.209402008851548
0.2095108967535817
0.20957685557147945
0.20961681866208043
0.2096410424125788
0.20965573465772258
0.20966465202352275
0.20967006808451918
0.20967335923093738
0.2096753588800662
0.209676571503368
0.20967730183594846
0.20967773270069823
0.2096779715622848
0.209678077811677
0.20967807781149028
0.20967797156215534
0.2096777327011946
0.20967730183767025
0.20967657150583002
0.20967535888186623
0.20967335923106972
0.2096700680839808
0.20966465202345858
0.20965573465773396
0.20964104241329407
0.20961681866245463
0.20957685557164163
0.20951089675325435
0.2094020088515659
0.2092222753350824
0.2089257875720949
0.20843735971333693
0.2076346217511777
0.20632041857707273
0.20418147265701564
0.20073272574628115
0.19524349124083154
0.18669868654608268
0.17372634601570203
0.15502650343202207
0.12872536877667268
0.09083678051967166
0.01124925609750967
-0.5121192321912311
-0.3263737245557101
0.016829226217380627
0.061953186974859235
0.06598779469895388
0.06662276537673564
0.06852761687280431
0.07076373444592624
0.07278208078232695
0.07436722673190149
0.0755178683593164
0.07631369931763915
0.07684656555282365
0.07719552152467819
0.07742044093443885
0.07756375376568445
0.07765429561258128
0.07771113629183676
0.07774665015966709
0.0777687593746778
0.07778248607752201
0.07779099086636834
0.0777962519527742
0.07779950234133302
0.07780150804047364
0.07780274360674976
0.07780350217347948
0.07780396401400509
0.07780423898259325
0.0778043925043269
0.07780446110541575
0.07780446110528047
0.07780439250381957
0.0778042389819097
0.07780396401383964
0.07780350217363718
0.07780274360690362
0.07780150804033889
0.07779950234135957
0.07779625195352424
0.07779099086688712
0.0777824860785351
0.07776875937520578
0.07774665015995771
0.07771113629183912
0.07765429561254182
0.07756375376596797
0.07742044093460002
0.07719552152460163
0.07684656555244104
0.07631369931740209
0.07551786835972085
0.07436722673258875
0.07278208078293172
0.07076373444612058
0.0685276168727107
0.06662276537615963
0.06598779469846341
0.06195318697445225
0.016829226217503258
-0.32637372455471014
-0.23548841750579502
0.023904385137120118
0.056278927582711594
0.04689433832265058
0.03768057966983675
0.03268827814066892
0.030228083745130183
0.029191432535966472
0.02883142314551837
0.028769745593635883
0.02882007747875653
0.02889932913785479
0.028974254916092256
0.029034477795491172
0.0290791404855721
0.029110719778269553
0.029132361251315304
0.029146872571483753
0.029156449763091355
0.029162695667159007
0.029166731834135227
0.029169321272097544
0.02917097283612763
0.02917202090991909
0.0291726827047114
0.02917309792858864
0.029173355527298966
0.029173511316740862
0.029173599350484348
0.029173638990971855
0.02917363899099151
0.02917359934999722
0.029173511316292082
0.02917335552730105
0.029173097928844042
0.02917268270494481
0.029172020910041462
0.029170972835917085
0.029169321272032735
0.02916673183365505
0.029162695667174512
0.0291564497627518
0.029146872571236708
0.0291323612509905
0.029110719778057372
0.02907914048541644
0.029034477795504277
0.028974254915832776
0.028899329137614768
0.0288200774783969
0.028769745593540084
0.028831423145375353
0.029191432535809657
0.030228083745164006
0.03268827814094888
0.03768057966929514
0.046894338322389685
0.05627892758198434
0.023904385136689375
-0.2354884175059944
-0.20097317366054354
0.027366146464323456
0.055599463982279274
0.04117776489312239
0.028285637423299217
0.0205523381888386
0.016124225341992142
0.013730491544038177
0.012457455489661538
0.01179617008526441
0.011459535017786841
0.011292667725633173
0.011212806495911443
0.011176549332524526
0.011161492400275374
0.011156306189065344
0.011155407801193805
0.011156144448948625
0.011157323597390419
0.01115845834113714
0.011159387615077818
0.011160090069880425
0.011160596234978714
0.011160949423967649
0.01116119004838774
0.011161350641688425
0.011161455398760105
0.011161521322348607
0.01116155968331648
0.011161577274237054
0.01116157727436265
0.01116155968314705
0.01116152132218675
0.011161455398611558
0.011161350641811806
0.011161190048611849
0.011160949424060916
0.011160596234973641
0.011160090069756913
0.011159387614918862
0.011158458341005713
0.011157323597258014
0.011156144449058289
0.01115540780117806
0.011156306188956154
0.01116149240013697
0.011176549332583417
0.011212806495829758
0.011292667725824554
0.011459535017669522
0.011796170085438734
0.012457455489505305
0.013730491543721468
0.016124225342377445
0.020552338188943323
0.02828563742320384
0.04117776489305402
0.05559946398194808
0.027366146464144363
-0.20097317366039724
-0.18860133353376907
0.028781169168277325
0.055676487495294275
0.039409266217587446
0.025158324349696275
0.016357365959257138
0.011127467523263638
0.008152603104531381
0.006469436015083709
0.005526004167930386
0.004999108282295953
0.004706135985480536
0.00454386130957131
0.004454374548706388
0.0044052694639292005
0.0043784787342084925
0.0043639622039370485
0.004356161568782122
0.0043520126138093486
0.004349834308088838
0.004348709698603486
0.004348142019454125
0.004347864363037101
0.004347734777598438
0.0043476787268209565
0.004347657705879169
0.004347652238088539
0.004347652741117983
0.00434765467534329
0.004347656019855614
0.004347656019854128
0.004347654675317515
0.004347652740973935
0.0043476522378116415
0.004347657705860171
0.0043476787269022205
0.004347734777589549
0.004347864363469882
0.00434814201940803
0.00434870969851128
0.004349834308076974
0.00435201261370511
0.004356161568827124
0.0043639622040636365
0.004378478734421206
0.00440526946400819
0.004454374548500462
0.004543861309316583
0.004706135985515938
0.004999108282084216
0.005526004168256639
0.006469436015109143
0.00815260310445141
0.011127467523479245
0.016357365959246736
0.02515832434947884
0.03940926621756509
0.05567648749510574
0.028781169167811156
-0.1886013335333023
-0.18421149310523757
0.029324086561856914
0.05577621908939982
0.03883730708914676
0.024084880948079222
0.014872294840410832
0.009321200154084483
0.00610347238022018
0.004241674074030592
0.0031702408129071855
0.002553575127350896
0.0021988283194074223
0.0019947204751510463
0.0018772927881452399
0.001809743713278522
0.0017708997615644834
0.001748573704810637
0.0017357500729424003
0.0017283905453797663
0.0017241710708791663
0.0017217546856876636
0.0017203727119138004
0.001719583528809052
0.001719133656110269
0.0017188777767002353
0.001718732725081916
0.0017186510469068897
0.001718605837543542
0.0017185821081392447
0.0017185719447700616
0.0017185719446994984
0.001718582107994725
0.0017186058373110417
0.0017186510467752704
0.001718732725032817
0.0017188777769054624
0.001719133656122935
0.001719583529071971
0.0017203727119090668
0.0017217546855057128
0.0017241710710483857
0.0017283905451319533
0.0017357500729176354
0.0017485737049140566
0.0017708997616633808
0.0018097437135413154
0.0018772927877940015
0.0019947204750638712
0.002198828319069244
0.002553575127228676
0.0031702408131079893
0.004241674074146074
0.0061034723806120275
0.009321200154188355
0.014872294840720418
0.024084880947430665
0.038837307089234406
0.05577621908898202
0.029324086561789905
-0.18421149310441315
-0.1826461992407678
0.02952693636841417
0.055827659906034555
0.03864359829357732
0.02370523302893748
0.014334513286687535
0.008655927827503764
0.00533827374777089
0.0034003082514756323
0.0022723155427152326
0.0016145785652892167
0.0012305981690173059
0.0010060403564334905
0.0008745232090774847
0.0007973947296316525
0.0007521127360639935
0.000725503355518267
0.0007098550041375114
0.000700646972086433
0.0006952259662068604
0.0006920331934966745
0.0006901521623458521
0.0006890436954893194
0.0006883904639496237
0.0006880056804965393
0.0006877794467624957
0.0006876472302297055
0.0006875713652021095
0.000687530273077721
0.0006875122797854955
0.0006875122797647122
0.0006875302729644705
0.0006875713650909449
0.0006876472300570797
0.0006877794469303686
0.000688005680723014
0.0006883904639398065
0.0006890436955153957
0.0006901521622429167
0.0006920331931152398
0.0006952259663603075
0.000700646971919448
0.0007098550042448841
0.000725503355433701
0.0007521127362015141
0.0007973947297748266
0.0008745232089858103
0.0010060403563620106
0.0012305981687160466
0.0016145785653415776
0.002272315542768516
0.003400308251457108
0.005338273748056915
0.008655927827363567
0.014334513286941677
0.023705233028446175
0.03864359829385025
0.0558276599057589
0.029526936367901067
-0.1826461992400845
-0.18208258185724857
0.02960185045020329
0.05584928355757576
0.03857507579303818
0.02356724938016272
0.014135737036644565
0.00840675457486649
0.005048373866552103
0.003078393630107844
0.001925876078774147
0.0012497732892337962
0.0008523193849164683
0.0006180550499314357
0.0004796573804119364
0.0003977209685035629
0.0003491217402316896
0.0003202492741469378
0.00030307235837136935
0.0002928410085421071
0.0002867403170292688
0.0002830992684579765
0.00028092444922709356
0.0002796245541300884
0.0002788472805770149
0.00027838259447997586
0.00027810528608139887
0.0002779408448819354
0.00027784520699576664
0.0002777928139145998
0.00027776969441860506
0.00027776969444980135
0.0002777928133369416
0.00027784520668681716
0.00027794084466303706
0.00027810528619480793
0.00027838259446541426
0.00027884728085926535
0.0002796245541721638
0.00028092444911933753
0.0002830992683724963
0.0002867403172418212
0.0002928410086813164
0.0003030723584544836
0.00032024927416213043
0.0003491217403827106
0.000397720968161025
0.00047965738034025726
0.0006180550497112509
0.0008523193847547677
0.0012497732895146469
0.001925876078680268
0.0030783936299598738
0.0050483738666499064
0.008406754574916419
0.014135737036828504
0.023567249379947888
0.038575075792974076
0.05584928355727131
0.02960185044971175
-0.1820825818562689
-0.1818774034928362
0.029629385196439574
0.055857556266487016
0.03854988209820251
0.0235158783311811
0.014060917375204863
0.008312028183650177
0.0049371359973692745
0.0029538255341827156
0.0017908148160420837
0.0011066373343479358
0.0007030976143136403
0.0004643310588251096
0.00032265812630876447
0.00023837463008268033
0.0001881160430972636
0.00015808458031881407
0.00014010692648565223
0.0001293277506658319
0.0001228555560737612
0.00011896457722279695
0.00011662283221678201
0.00011521219649756703
0.00011436193278204686
0.00011384947101029382
0.0001135411671190458
0.00011335690579314476
0.0001132489650008742
0.00011318947596259624
0.00011316311914400277
0.00011316311912569282
0.00011318947583234429
0.00011324896497620033
0.00011335690560993496
0.00011354116705518258
0.00011384947092096318
0.00011436193304943898
0.00011521219638509732
0.00011662283214816711
0.00011896457722387712
0.00012285555619705722
0.00012932775076857086
0.0001401069267229218
0.0001580845801597517
0.0001881160430079596
0.00023837462983936403
0.00032265812633233974
0.0004643310588604735
0.0007030976141604906
0.00110663733453519
0.0017908148160260704
0.0029538255339068196
0.004937135997571502
0.008312028183930517
0.014060917374888718
0.02351587833135932
0.03854988209806026
0.05585755626664174
0.029629385196319635
-0.18187740349221654
-0.1818019017030817
0.029639490875420855
0.05586053675165748
0.038540311359012924
0.023496351561940562
0.0140323025390078
0.008275539397188928
0.004893969112067234
0.002905141076456067
0.0017376824561571498
0.0010499989031253886
0.0006437522677514307
0.000402934725766183
0.00025973417255860723
0.00017433038824258288
0.00012326171544989377
0.00009265190330923388
0.00007426609809294465
0.00006320189456752542
0.00005653254902631067
0.000052506387674122346
0.00005007269240751585
0.00004859998125536928
0.0000477081175846679
0.000047167996052023593
0.0000468414831066278
0.000046645423153323245
0.000046530074291488695
0.000046466274618147164
0.000046437939621819366
0.00004643793953557418
0.000046466274633104085
0.00004653007429321784
0.000046645422913905954
0.0000468414830092658
0.00004716799603549081
0.00004770811781699498
0.00004859998134670614
0.00005007269244182704
0.00005250638750248941
0.000056532549004798945
0.0000632018946476294
0.00007426609819064646
0.0000926519032156404
0.00012326171575529482
0.00017433038834713924
0.0002597341721896313
0.0004029347259934941
0.0006437522676871975
0.0010499989034317735
0.001737682455892369
0.002905141076064506
0.004893969112305867
0.008275539397101465
0.014032302538922185
0.023496351562210513
0.03854031135875598
0.05586053675167107
0.029639490875052327
-0.1818019017027404
-0.18177383665854527
0.029643200125465178
0.05586155747113854
0.03853657736283337
0.023488796631251415
0.014021205621598936
0.008261319576273322
0.004877049525766327
0.0028859455621761433
0.0017166135264289762
0.0010274214658669667
0.000619984846334868
0.0003782460620186622
0.00023434451826929737
0.00014841568667361683
0.00009695938410545627
0.00006606714547609072
0.000047478033812904945
0.000036269087578496756
0.000029497732900203677
0.00002540034767890768
0.000022917352536488108
0.00002141079559181686
0.00002049588276262654
0.000019940200499140147
0.00001960329704811949
0.000019400416986826034
0.000019280738384309064
0.000019214397163747727
0.00001918488923892202
0.000019184889252383045
0.000019214397298877637
0.000019280738262646733
0.00001940041677115661
0.000019603296767875365
0.000019940200257985594
0.000020495882906193908
0.000021410795821321975
0.000022917352857956125
0.000025400347894144676
0.00002949773317277494
0.000036269087673724564
0.000047478033897174816
0.00006606714531146478
0.00009695938403698315
0.00014841568650297577
0.00023434451785659237
0.0003782460621876676
0.0006199848462040184
0.0010274214660289645
0.0017166135262290908
0.002885945561975716
0.0048770495260305425
0.008261319576245634
0.014021205621978911
0.023488796631095703
0.038536577362690116
0.05586155747094317
0.029643200125219645
-0.18177383665800434
-0.1817633073321145
0.02964456249370504
0.05586188802050873
0.03853508941020191
0.02348582954923774
0.014016849940175252
0.00825572099216277
0.00487035856909259
0.002878317409053713
0.0017081996251427627
0.0010183628013657271
0.0006104076893782724
0.00036825965320719424
0.00022404060451220565
0.00013786932697452644
0.0000862305827371857
0.00005520289343960187
0.00003651445940160101
0.00002523351195144343
0.000018410511239448692
0.000014276442626985591
0.000011767629839434411
0.000010243061248227756
9.31569188442473e-6
8.751475628792739e-6
8.408795451036533e-6
8.202076155375162e-6
8.079934080772745e-6
8.012134472677008e-6
7.981950139526834e-6
7.981950066245446e-6
8.012134584319696e-6
8.079933875461207e-6
8.20207614748426e-6
8.408795387327495e-6
8.75147559528903e-6
9.31569203791838e-6
0.00001024306128711924
0.000011767629715288765
0.000014276442483064051
0.000018410511306463743
0.000025233512237807913
0.00003651445943385528
0.00005520289329129288
0.00008623058257298179
0.0001378693270496869
0.00022404060427750393
0.0003682596535485517
0.0006104076894354455
0.0010183628015682056
0.0017081996248925887
0.002878317408611662
0.004870358569186364
0.008255720992259831
0.014016849940444255
0.023485829549135563
0.038535089410181377
0.055861888020291045
0.029644562493227944
-0.1817633073314489
-0.18175932344816284
0.029645063216265137
0.05586198696892651
0.03853448661760854
0.02348464949883515
0.014015122278681607
0.008253496725555948
0.0048676915547151735
0.0028752646496275213
0.0017048181711957463
0.001014707061222693
0.0006065275499742813
0.0003641992716676355
0.0002198379053400333
0.0001335560235367305
0.00008183257698419973
0.000050740899346172165
0.00003200473244600199
0.000020688593301279114
0.000013839928483964508
9.68733369578681e-6
7.165275175641796e-6
5.631323810397923e-6
4.697369048752837e-6
4.128577422155385e-6
3.7827594116192563e-6
3.5739292500587153e-6
3.450419012304743e-6
3.381802791083117e-6
3.3512376300533657e-6
3.351237529487757e-6
3.3818027705303587e-6
3.450418853644795e-6
3.5739292720346158e-6
3.7827593351852275e-6
4.128577505703659e-6
4.6973692595622915e-6
5.631323861247325e-6
7.165275007329857e-6
9.687333637434305e-6
0.000013839928555610465
0.000020688593603302562
0.0000320047323914221
0.00005074089935647066
0.0000818325766830712
0.00013355602353217855
0.00021983790497805348
0.0003641992717921454
0.0006065275503432116
0.00101470706127198
0.0017048181708551274
0.0028752646492507536
0.004867691554653417
0.008253496726139644
0.014015122278949715
0.02348464949893519
0.03853448661748725
0.05586198696863054
0.02964506321505899
-0.18175932344706094
-0.18175780444895087
0.0296452473114725
0.05586201267210044
0.03853423928537929
0.023484175173590575
0.014014430748354262
0.008252605962840517
0.004866620939426988
0.0028740352012433515
0.0017034514239873545
0.001013224013514693
0.0006049478735097829
0.0003625407471076102
0.00021811612006850296
0.00013178427702535586
0.00008002194814016748
0.00004890042173162106
0.000030141631654022478
0.000018808548626691627
0.000011947334175823707
7.785541144572851e-6
5.256807954262283e-6
3.7180591511475275e-6
2.780689749349318e-6
2.2094941715676695e-6
1.8620063663934702e-6
1.652040172812998e-6
1.5277863981133536e-6
1.4587231554122445e-6
1.427948267362905e-6
1.4279481485077097e-6
1.4587229756649256e-6
1.5277861940064054e-6
1.6520401327922978e-6
1.8620061350520295e-6
2.209494190677414e-6
2.780689933188449e-6
3.7180591629430152e-6
5.256808026913185e-6
7.785541381868086e-6
0.000011947334544461975
0.000018808548997453648
0.000030141631745540126
0.00004890042164491444
0.00008002194768266238
0.0001317842770176838
0.00021811611953593795
0.00036254074737641895
0.000604947873856622
0.0010132240134480104
0.0017034514239179948
0.0028740352009369776
0.004866620939498859
0.008252605963355078
0.014014430748407098
0.023484175173638277
0.03853423928528375
0.05586201267173459
0.029645247310776425
-0.1817578044475816
-0.18175722119542775
0.02964531497710353
0.05586201722952289
0.038534136801490426
0.023483982804724805
0.014014151749917174
0.008252246704674164
0.004866188434453083
0.0028735372312765966
0.001702896138315572
0.0010126195231618161
0.0006043019292596093
0.00036186049122845964
0.0002174079323497147
0.00013105370315500667
0.00007927369242828345
0.00004813838989147816
0.000029369003088119796
0.00001802786629255727
0.000011160599909757357
6.9943071262108865e-6
4.462262330720351e-6
2.9211002868406195e-6
1.981990659820902e-6
1.409554160064054e-6
1.0611939297008215e-6
8.506285225388437e-7
7.259780753836925e-7
6.566750146739083e-7
6.257867720597673e-7
6.257866570993865e-7
6.566750813736047e-7
7.259780659448227e-7
8.506285574369312e-7
1.0611939552471698e-6
1.4095543200698062e-6
1.9819907814135657e-6
2.9211003300136262e-6
4.462262175892894e-6
6.9943067442068675e-6
0.000011160600063259483
0.00001802786634768096
0.00002936900292119906
0.00004813838963629027
0.00007927369242410735
0.00013105370343542865
0.00021740793203718476
0.00036186049169609485
0.0006043019294872866
0.00101261952328321
0.001702896137864412
0.0028735372311205314
0.004866188434556075
0.008252246704630137
0.014014151749995301
0.023483982804608537
0.038534136801589014
0.05586201722931395
0.029645314976248224
-0.18175722119460747
-0.18175699579495386
0.02964533982003034
0.05586201669838054
0.03853409401267696
0.0234839041939992
0.014014038406477913
0.008252100897995421
0.004866012715474519
0.002873334492688978
0.001702669473075903
0.0010123720690931805
0.0006040367404059618
0.00036158043191781804
0.0002171156062975724
0.00013075141272909956
0.00007896342395319897
0.00004782181970949705
0.000029047518956183902
0.00001770259598616647
0.000010832445409654442
6.6639794409360926e-6
4.1303141797615385e-6
2.5879563142716716e-6
1.647973409049197e-6
1.0749062581505302e-6
7.26098124736283e-7
5.152211440328709e-7
3.903630470573797e-7
3.2093354463615827e-7
2.899854791837467e-7
2.89985905456123e-7
3.2093380609012033e-7
3.9036317988830966e-7
5.152209912776989e-7
7.260977884289313e-7
1.0749062350597966e-6
1.6479733333237905e-6
2.5879564538349576e-6
4.130314487436043e-6
6.663979696452471e-6
0.00001083244572819406
0.000017702596109099915
0.00002904751872620028
0.00004782181968560561
0.00007896342362899863
0.0001307514126765454
0.00021711560630088356
0.00036158043180526127
0.0006040367405638735
0.001012372069126573
0.0017026694728587647
0.002873334492691809
0.004866012715589324
0.008252100898243731
0.014014038406791213
0.023483904193786372
0.038534094012867726
0.05586201669807674
0.029645339819389167
-0.18175699579418772
-0.181756908176315
0.029645348921817413
0.055862015516847316
0.03853407604217504
0.023483871862287294
0.014013992080550406
0.008252041389967473
0.004865940957626699
0.002873251564565741
0.0017025765520546005
0.001012270371405504
0.0006039274700334529
0.00036146473705091117
0.0002169945476876457
0.0001306259425239462
0.00007883437737960555
0.00004768991233767398
0.000028913352087185252
0.000017566666231305832
0.000010695155610787018
6.525652312918506e-6
3.991203311201853e-6
2.4482599234231755e-6
1.5078443523331556e-6
9.344612379624014e-7
5.854264410664421e-7
3.743900495208436e-7
2.4942547819848654e-7
1.7993006117068593e-7
1.489512059670682e-7
1.489511875877982e-7
1.7992983174645638e-7
2.494253347551451e-7
3.7439005956289194e-7
5.85426112784585e-7
9.344612344323053e-7
1.5078443451641393e-6
2.448260162582219e-6
3.991203235444954e-6
6.525652342604995e-6
0.000010695155992878232
0.00001756666658849121
0.000028913351875667336
0.000047689912353462734
0.00007883437700740464
0.00013062594267479358
0.00021699454772689723
0.00036146473688507795
0.0006039274703307536
0.0010122703714301952
0.0017025765517691591
0.0028732515642151783
0.004865940957505147
0.008252041390367353
0.014013992080518541
0.023483871862188463
0.03853407604196854
0.055862015516652416
0.029645348921137224
-0.18175690817567294
-0.18175687392692763
0.029645352245022946
0.05586201464365395
0.03853406845935767
0.023483858490760373
0.014013973044572664
0.008252016980849552
0.004865911517763286
0.002873217498506744
0.0017025383093924344
0.001012228424482788
0.0006038822938835433
0.0003614167921374849
0.00021694426537182423
0.00013057371616544773
0.0000787805564463375
0.000047634800731474506
0.000028857209300018023
0.00001750970910626716
0.000010637563089382308
6.467568800850651e-6
3.932744854573627e-6
2.3895183631994512e-6
1.4488909013600506e-6
8.753516908552718e-7
5.262032131157643e-7
3.1508707806572815e-7
1.9006780573915654e-7
1.2053888487280559e-7
8.954409878130643e-8
8.954420597333268e-8
1.2053921899416216e-7
1.9006807476422784e-7
3.150870327868702e-7
5.262032373804031e-7
8.753518269464965e-7
1.448890842704533e-6
2.3895183103233416e-6
3.932744962417524e-6
6.467568534223722e-6
0.000010637563247617634
0.00001750970917166246
0.000028857209192535363
0.00004763480089671122
0.00007878055622765421
0.00013057371616800883
0.00021694426542029653
0.0003614167924709161
0.0006038822939781004
0.0010122284245698242
0.0017025383092519187
0.0028732174983491362
0.004865911517937917
0.008252016980924738
0.014013973044560117
0.02348385849042911
0.03853406845954106
0.055862014643841294
0.02964535224443193
-0.18175687392640633
-0.18175686047670855
0.02964535345207424
0.055862014128243445
0.038534065248014726
0.023483852934324555
0.014013965185371943
0.00825200692361268
0.0048658993889495895
0.002873203449966321
0.0017025225133904002
0.0010122110649916027
0.0006038635588762293
0.000361396865982373
0.0002169233230704711
0.00013055191992247423
0.00007875805227469635
0.000047611717790503835
0.000028833658661983502
0.000017485784982394312
0.000010613344257263927
6.443119655910237e-6
3.908118460199975e-6
2.3647559083083017e-6
1.4240260177218848e-6
8.504108893517213e-7
5.012060769250451e-7
2.900500575907396e-7
1.6500351438666694e-7
9.545787318731638e-8
6.445486364837694e-8
6.445477971498217e-8
9.54577181469569e-8
1.6500309504638764e-7
2.900499944567739e-7
5.01205862132562e-7
8.504106665306516e-7
1.4240260544358595e-6
2.3647561204069835e-6
3.908118755255567e-6
6.443119675794977e-6
0.00001061334472220087
0.00001748578517376333
0.000028833658779027813
0.00004761171774867637
0.00007875805219457831
0.00013055191989372198
0.0002169233228726932
0.00036139686598766596
0.0006038635583249389
0.0010122110653113163
0.0017025225133722069
0.002873203449820438
0.004865899389273192
0.008252006923654387
0.0140139651855247
0.023483852934033933
0.038534065248138766
0.05586201412816125
0.02964535345114056
-0.18175686047579792
-0.18175685516226975
0.02964535388669354
0.055862013852684245
0.038534063883724615
0.0234838506153297
0.014013961926587222
0.008252002762805693
0.004865894372754186
0.0028731976356166514
0.0017025159670703682
0.001012203858526429
0.0006038557667255938
0.00036138856181878505
0.0002169145785371494
0.0001305428016583991
0.0000787486209582304
0.00004760202801371121
0.00002882375766018156
0.000017475713978052093
0.000010603137646346512
6.4328060343953875e-6
3.897721216397568e-6
2.354293902327432e-6
1.4135151159132366e-6
8.398627591048067e-7
4.906306893890548e-7
2.794550916776535e-7
1.5439497828413493e-7
8.484087607649944e-8
5.383372231632881e-8
5.383375494528722e-8
8.484088271941749e-8
1.5439504779711265e-7
2.7945513180588865e-7
4.906306229563484e-7
8.398625150744622e-7
1.4135149422839478e-6
2.354294104661883e-6
3.89772118749686e-6
6.432805833920572e-6
0.000010603137681896337
0.000017475713981948116
0.000028823757745404527
0.000047602027944448766
0.00007874862126439943
0.0001305428016689261
0.00021691457851243041
0.000361388561881997
0.0006038557662419839
0.0010122038589240093
0.001702515966905898
0.002873197635730962
0.004865894372961906
0.008252002762484292
0.014013961926227524
0.023483850615218335
0.03853406388361032
0.05586201385266512
0.02964535388668479
-0.18175685516125972
-0.18175685305813077
0.02964535404160725
0.055862013713067385
0.03853406330251308
0.02348384964441072
0.01401396057034634
0.008252001034876662
0.004865892290653953
0.0028731952213504235
0.0017025132459168874
0.0010122008584447307
0.0006038525171551666
0.0003613850925609722
0.000216910918560711
0.00013053897843354304
0.00007874465998281128
0.000047597951965143784
0.000028819586842187112
0.000017471466228684483
0.000010598827414571943
6.428446307675968e-6
3.893322098849435e-6
2.3498650340140245e-6
1.4090627251876426e-6
8.353923068956316e-7
4.861474345237789e-7
2.749617519569539e-7
1.4989533167915802e-7
8.033672232723705e-8
4.9327817950292776e-8
4.9328201378515775e-8
8.033709741761503e-8
1.4989544188519953e-7
2.749618327629886e-7
4.861471404838508e-7
8.353922586451641e-7
1.409062586075118e-6
2.3498650399296386e-6
3.893322462850855e-6
6.428446332556179e-6
0.000010598827133627648
0.0000174714660146512
0.000028819586996706623
0.000047597951985900834
0.00007874465995475136
0.00013053897815397798
0.00021691091863883645
0.00036138509229193515
0.0006038525168854594
0.001012200858598126
0.0017025132459881826
0.0028731952214843155
0.004865892290878423
0.008252001034731515
0.014013960570169313
0.02348384964416427
0.0385340633026114
0.05586201371336165
0.029645354041946133
-0.18175685305788228
-0.18175685221882737
0.02964535409674901
0.055862013644645186
0.03853406305445123
0.023483849236239238
0.014013960003919157
0.008252000315236534
0.004865891424031911
0.002873194215702987
0.0017025121112804473
0.001012199606055205
0.0006038511587704905
0.000361383639762178
0.00021690938330866556
0.00013053737170026593
0.00007874299271848264
0.00004759623378601723
0.000028817826397600404
0.00001746967075213765
0.000010597003479412417
6.426599845020203e-6
3.891457699136033e-6
2.3479866172869352e-6
1.4071730003985347e-6
8.334945966670414e-7
4.842431873996124e-7
2.7305273177751307e-7
1.4798313239078216e-7
7.842296100623369e-8
4.741304415169413e-8
4.7412924787163386e-8
7.842256333309436e-8
1.479830511259282e-7
2.730525833538164e-7
4.842428979034927e-7
8.334943339217843e-7
1.4071732257432812e-6
2.3479868340672194e-6
3.891457955110339e-6
6.426600137427955e-6
0.00001059700390633608
0.000017469670814150306
0.000028817826579775673
0.000047596233665739735
0.00007874299274557886
0.00013053737167658237
0.0002169093833617693
0.0003613836394448552
0.0006038511588092371
0.0010121996063432496
0.0017025121117769395
0.0028731942154628983
0.004865891423846524
0.00825200031503278
0.014013960003918267
0.02348384923640868
0.03853406305441276
0.05586201364504839
0.029645354096120968
-0.18175685221851273
-0.18175685188521137
0.029645354116175048
0.055862013612470306
0.038534062948360655
0.023483849064277702
0.014013959766552675
0.0082520000142902
0.004865891061939666
0.002873193795705959
0.001702511637228349
0.001012199082050623
0.0006038505893649653
0.00036138302994345695
0.00021690873791272791
0.00013053669570850827
0.00007874229015805448
0.00004759550847945484
0.00002881708214216211
0.00001746891084732312
0.000010596230956056747
6.425816703949993e-6
3.890666228336239e-6
2.3471883525386975e-6
1.406369638275241e-6
8.326871731712358e-7
4.834325455505194e-7
2.7224004204766837e-7
1.4716882424428593e-7
7.760749063739125e-8
4.6597184386023814e-8
4.6597238272667417e-8
7.760788246437277e-8
1.471691468719556e-7
2.722402726066601e-7
4.834327648089547e-7
8.326869412849457e-7
1.4063696521227364e-6
2.347188034517951e-6
3.890666179393759e-6
6.4258167128495995e-6
0.00001059623080557804
0.000017468910525953476
0.000028817082365774247
0.000047595508303072756
0.00007874228990374905
0.00013053669560366391
0.00021690873816702683
0.0003613830300405825
0.0006038505894556815
0.0010121990820575522
0.0017025116374371331
0.0028731937954500015
0.004865891061995306
0.00825200001398321
0.014013959766737066
0.0234838490641864
0.03853406294879213
0.05586201361313708
0.029645354115523083
-0.18175685188647273
-0.18175685175194756
0.029645354121858487
0.055862013597447635
0.03853406290289087
0.023483848991516034
0.014013959667081258
0.008251999888242646
0.0048658909103678665
0.0028731936198273557
0.0017025114384368492
0.0010121988621292922
0.0006038503503333712
0.0003613827736257886
0.00021690846606454718
0.0001305364102881541
0.00007874199309968355
0.000047595201741347194
0.000028816766970880025
0.00001746858847957383
0.000010595902979582433
6.425483801974853e-6
3.890329709711503e-6
2.346848668737655e-6
1.4060276595152866e-6
8.323432418334365e-7
4.830870611780303e-7
2.718937716164164e-7
1.468217468019689e-7
7.726028288867339e-8
4.6249517067529955e-8
4.624932066682027e-8
7.726016600307035e-8
1.468218362554675e-7
2.7189383723488957e-7
4.830873221526866e-7
8.323431491565442e-7
1.4060276967371434e-6
2.3468486400548127e-6
3.890330072774451e-6
6.425483899782337e-6
0.000010595902963098559
0.00001746858848049118
0.000028816767225220794
0.00004759520107797028
0.00007874199292747327
0.00013053641052938867
0.0002169084660635427
0.00036138277385808334
0.0006038503501321043
0.0010121988626027537
0.001702511438774541
0.002873193619624757
0.004865890910694544
0.00825199988781032
0.014013959667256614
0.0234838489915852
0.038534062903525707
0.05586201359739913
0.029645354121776976
-0.18175685175143907
-0.18175685169607064
0.029645354124125396
0.055862013590495654
0.03853406288345794
0.023483848960632936
0.014013959624956124
0.008251999835409614
0.004865890846748103
0.0028731935458734333
0.0017025113551022994
0.0010121987698840558
0.000603850249940208
0.0003613826656099846
0.0002169083516766574
0.00013053628982297513
0.00007874186758132713
0.000047595071838441846
0.000028816633281712047
0.00001746845184386489
0.000010595763442787242
6.425342169334151e-6
3.890186269203334e-6
2.3467040369094217e-6
1.4058820199535508e-6
8.321967058571248e-7
4.829401111772718e-7
2.717461822118295e-7
1.4667375526096065e-7
7.711177745445264e-8
4.610086103953853e-8
4.610089930195122e-8
7.711163681130961e-8
1.4667366105811215e-7
2.717458825745688e-7
4.829398434754757e-7
8.321964284791756e-7
1.4058817903753514e-6
2.3467040648202924e-6
3.890186813656405e-6
6.4253425634278444e-6
0.000010595763652791348
0.000017468451866238904
0.00002881663335838116
0.000047595071272030426
0.00007874186768297278
0.00013053628994970132
0.00021690835171286107
0.00036138266587968466
0.0006038502498156408
0.001012198769929842
0.001702511355271344
0.002873193545920868
0.004865890847020835
0.008251999834630984
0.014013959625098563
0.0234838489610606
0.03853406288384839
0.05586201359041224
0.029645354122985322
-0.18175685169697586
-0.1817568516727298
0.029645354123320235
0.05586201358730866
0.03853406287512194
0.023483848947880002
0.014013959607050545
0.008251999812929749
0.004865890820063258
0.0028731935150593984
0.0017025113201612123
0.0010121987311123896
0.0006038502075241259
0.0003613826203599155
0.00021690830332192517
0.000130536239273747
0.00007874181509461391
0.000047595017096033743
0.000028816576875958637
0.000017468394223415044
0.000010595704808844706
6.425282664164311e-6
3.890125850243869e-6
2.3466428190336176e-6
1.4058199552095028e-6
8.321340284713886e-7
4.82877377785851e-7
2.7168298024550484e-7
1.4661050394205304e-7
7.704845919207396e-8
4.6037714082840835e-8
4.603812093102474e-8
7.704857322194892e-8
1.4661109753829115e-7
2.716832148028547e-7
4.82877558405467e-7
8.321342353771008e-7
1.405819914447527e-6
2.346642440670403e-6
3.890125877250636e-6
6.4252822714263615e-6
0.000010595704228233965
0.000017468394005197246
0.000028816576788430013
0.00004759501693343747
0.00007874181473517681
0.00013053623941242722
0.0002169083038624593
0.0003613826202253776
0.0006038502076702566
0.001012198731082214
0.0017025113208312295
0.0028731935150380413
0.0048658908199696645
0.008251999812983348
0.014013959607330616
0.023483848947741547
0.038534062875259525
0.05586201358698819
0.02964535412472047
-0.18175685167219283
-0.1817568516647706
0.02964535412524968
0.05586201358542901
0.03853406287155052
0.023483848942400326
0.014013959600027517
0.008251999803946641
0.004865890809139772
0.0028731935023582587
0.0017025113058356698
0.0010121987153681833
0.0006038501903059289
0.00036138260171229917
0.00021690828357118653
0.00013053621836945218
0.00007874179279127914
0.00004759499412715856
0.000028816553661228297
0.00001746837016433592
0.00001059567990299934
6.425257299002895e-6
3.8901003453368406e-6
2.3466170570744153e-6
1.4057944084510283e-6
8.321085804955051e-7
4.828514102085577e-7
2.7165715937966293e-7
1.4658453168106426e-7
7.702245206043052e-8
4.6011620259237034e-8
4.6011647093643276e-8
7.702217718373187e-8
1.465844012715039e-7
2.7165700460754293e-7
4.828510668069684e-7
8.321083165950078e-7
1.4057939960040005e-6
2.3466171861828422e-6
3.890100787701019e-6
6.425257497033753e-6
0.0000105956805810507
0.000017468370073867766
0.00002881655340489247
0.00004759499408999548
0.00007874179255040486
0.00013053621839322592
0.00021690828369089887
0.00036138260167234133
0.0006038501901788537
0.0010121987155036214
0.0017025113062762868
0.0028731935020154245
0.004865890809160847
0.008251999803926244
0.014013959600072002
0.023483848942385387
0.038534062872327024
0.05586201358549994
0.029645354124056528
-0.18175685166503425
-0.18175685166324496
0.02964535412486712
0.055862013585486925
0.03853406287064509
0.02348384894063161
0.014013959597509926
0.00825199980067327
0.004865890805326661
0.002873193497827151
0.0017025113006550094
0.0010121987095844786
0.0006038501838643405
0.0003613825950043895
0.00021690827627377174
0.00013053621072552714
0.0000787417850242879
0.00004759498604656627
0.000028816545076054964
0.000017468361305502243
0.000010595671139876722
6.4252484176415365e-6
3.890091360359183e-6
2.346607866766724e-6
1.4057850454240349e-6
8.320990061199592e-7
4.828418119363824e-7
2.7164768417804727e-7
1.4657478061160342e-7
7.701269652264688e-8
4.600201069188668e-8
4.600192365209069e-8
7.70126843807629e-8
1.4657504776437408e-7
2.7164782286488376e-7
4.828415798706209e-7
8.320991704612171e-7
1.4057844865966058e-6
2.3466079593654484e-6
3.890091500190906e-6
6.42524861624886e-6
0.000010595671627439142
0.000017468361313891423
0.000028816544863515536
0.000047594986155276964
0.00007874178462503042
0.00013053621093695605
0.00021690827664938724
0.00036138259511865785
0.000603850183792539
0.0010121987099605762
0.0017025113008052864
0.0028731934976555145
0.004865890805280472
0.008251999800502487
0.014013959597714624
0.023483848940501477
0.03853406287125122
0.055862013585024295
0.029645354124732508
-0.18175685166351935
-0.18175685166460898
0.029645354123893672
0.055862013586123
0.03853406287110703
0.023483848940884865
0.014013959597535777
0.008251999800806663
0.00486589080537767
0.0028731934980281903
0.0017025113006814599
0.0010121987094816578
0.0006038501838024335
0.00036138259487460155
0.00021690827620904173
0.00013053621071438257
0.0000787417852405385
0.00004759498620321118
0.000028816544901939213
0.000017468361329696086
0.000010595671268031462
6.425248638194832e-6
3.890091548841141e-6
2.3466078706820153e-6
1.405784674879976e-6
8.320986798919049e-7
4.828418465206906e-7
2.716475465349019e-7
1.4657470507355638e-7
7.701264334279217e-8
4.6001886351752375e-8
4.6001917087677843e-8
7.701285441298762e-8
1.4657539930771052e-7
2.7164767821594165e-7
4.828418687021704e-7
8.320990631757683e-7
1.4057843885668737e-6
2.3466078248061773e-6
3.890091641636419e-6
6.425248475384836e-6
0.000010595671230699101
0.000017468361305809743
0.00002881654497619807
0.000047594985968848374
0.00007874178476755611
0.00013053621133594733
0.0002169082766196165
0.00036138259477304276
0.0006038501838348789
0.0010121987095616024
0.001702511300972545
0.0028731934976803887
0.004865890805247538
0.008251999800673517
0.014013959597571048
0.0234838489406982
0.03853406287123662
0.055862013585722
0.029645354125571344
-0.1817568516648077
-0.18175685166855557
0.029645354125731355
0.05586201358602453
0.038534062872181696
0.023483848942787586
0.014013959600518214
0.008251999804382883
0.004865890809336837
0.002873193502513482
0.0017025113058579942
0.0010121987152485088
0.0006038501902504265
0.0003613826015219292
0.00021690828345969292
0.00013053621805331854
0.00007874179259820046
0.00004759499408579792
0.000028816553348719252
0.000017468370008026814
0.000010595679638531139
6.425257223572e-6
3.890100193291855e-6
2.3466169465239987e-6
1.4057943277055425e-6
8.321087310250763e-7
4.828514941180615e-7
2.716570319666079e-7
1.4658453924363577e-7
7.702244285904295e-8
4.6011367374477225e-8
4.6011364063839296e-8
7.702230457207497e-8
1.4658440518224435e-7
2.7165675772501163e-7
4.828510343396679e-7
8.321080616946062e-7
1.405793754999006e-6
2.3466175864010025e-6
3.890100887616563e-6
6.425257842462467e-6
0.000010595680321291902
0.000017468370101944374
0.000028816553196631417
0.00004759499369371113
0.00007874179274417888
0.00013053621834745473
0.00021690828331251817
0.000361382601502867
0.0006038501901437883
0.0010121987150901852
0.0017025113060829726
0.00287319350237853
0.004865890809220275
0.008251999803696779
0.01401395959984829
0.02348384894290402
0.03853406287243445
0.0558620135865764
0.029645354124422464
-0.1817568516697121
-0.18175685167617728
0.029645354124185834
0.055862013587199194
0.03853406287557946
0.0234838489483635
0.014013959607646669
0.008251999813079723
0.004865890820166812
0.002873193515322785
0.0017025113201196477
0.0010121987311535311
0.000603850207485518
0.0003613826205007695
0.00021690830322318758
0.00013053623945003442
0.00007874181485330748
0.00004759501684121969
0.000028816576825466776
0.00001746839405766078
0.00001059570460642541
6.425282595164522e-6
3.890125818792718e-6
2.3466429294153882e-6
1.4058199929561971e-6
8.321344635984171e-7
4.828771605553756e-7
2.7168314626240036e-7
1.4661062059448487e-7
7.704864789435438e-8
4.603777978501356e-8
4.603812732010577e-8
7.704879795372625e-8
1.4661097042297396e-7
2.716832725862672e-7
4.828775064833609e-7
8.321341672059023e-7
1.4058200853549797e-6
2.346642842235328e-6
3.8901259216433365e-6
6.425282557547208e-6
0.000010595704343601692
0.000017468393756641573
0.00002881657690758926
0.00004759501678919097
0.00007874181489196633
0.00013053623941182007
0.0002169083034587966
0.0003613826203245149
0.000603850207247756
0.001012198731369941
0.0017025113205938805
0.0028731935153675572
0.004865890820052574
0.008251999812935427
0.014013959607265713
0.023483848948084363
0.03853406287581966
0.05586201358749073
0.029645354125964436
-0.18175685167488795
-0.18175685169403497
0.029645354123693797
0.0558620135906084
0.03853406288414325
0.02348384896121484
0.014013959624878274
0.008251999835311795
0.004865890846821812
0.002873193546094905
0.0017025113549933534
0.0010121987699394925
0.0006038502496706245
0.0003613826655615416
0.0002169083515634194
0.0001305362901786275
0.00007874186765866694
0.00004759507178438094
0.00002881663344380883
0.000017468451915678076
0.00001059576358912138
6.425342430345268e-6
3.890186482175527e-6
2.3467041476704357e-6
1.4058819476144993e-6
8.321967633888076e-7
4.829399095937249e-7
2.7174622522980967e-7
1.4667352230126785e-7
7.711164946629183e-8
4.610113658676255e-8
4.6101082894393805e-8
7.711192817864187e-8
1.466736737217856e-7
2.7174617008377956e-7
4.829397533351495e-7
8.321964600945315e-7
1.4058818312952052e-6
2.3467041935945953e-6
3.8901865662655595e-6
6.4253424708648395e-6
0.000010595763428653678
0.000017468451689117515
0.000028816633588280965
0.00004759507163331244
0.00007874186758002948
0.0001305362901642682
0.00021690835160874622
0.0003613826659538918
0.0006038502493776804
0.0010121987701838379
0.0017025113552760463
0.0028731935459599834
0.0048658908465106735
0.008251999834598506
0.014013959625019307
0.023483848960916334
0.03853406288404489
0.05586201359079916
0.02964535412312802
-0.18175685169479794
-0.18175685175038003
0.029645354120687386
0.055862013597644034
0.038534062903260065
0.023483848991649812
0.014013959667130527
0.008251999888260027
0.004865890910342356
0.0028731936196990555
0.001702511438353135
0.001012198862192417
0.0006038503502838564
0.0003613827737135754
0.00021690846623877082
0.0001305364102112787
0.00007874199281868982
0.00004759520165305747
0.000028816766938561656
0.00001746858836568189
0.000010595902734990248
6.425483670150295e-6
3.890329625108706e-6
2.3468487665444065e-6
1.4060278657578784e-6
8.323432967304587e-7
4.83087229892691e-7
2.7189395581469766e-7
1.4682181433729924e-7
7.726047984025679e-8
4.624976509609067e-8
4.62493189166858e-8
7.725988176241998e-8
1.4682142110303844e-7
2.7189368830408464e-7
4.830870915980608e-7
8.323431781340459e-7
1.4060279210764305e-6
2.3468490993822376e-6
3.890329837329923e-6
6.425484103125212e-6
0.000010595903252588814
0.000017468588660677172
0.000028816767186606892
0.00004759520141961889
0.00007874199291865
0.00013053641024280403
0.00021690846593146358
0.0003613827737044079
0.0006038503501722932
0.0010121988627421032
0.0017025114386221589
0.0028731936195060225
0.004865890910169793
0.008251999888142271
0.01401395966720183
0.02348384899173167
0.03853406290317207
0.05586201359727909
0.029645354121425917
-0.18175685174943074
-0.18175685188713336
0.029645354115690428
0.05586201361316838
0.03853406294859283
0.023483849064431718
0.014013959766500725
0.008252000014292375
0.00486589106185789
0.002873193795725506
0.0017025116372338016
0.001012199082005648
0.0006038505892811896
0.0003613830298610468
0.0002169087379852924
0.0001305366957204854
0.00007874229033960438
0.00004759550885132021
0.00002881708205626796
0.00001746891084922824
0.000010596231090900254
6.425816818689052e-6
3.8906663422290885e-6
2.3471881898218934e-6
1.406369763251121e-6
8.326868167181098e-7
4.834324529435954e-7
2.7224001702817043e-7
1.4716896200978408e-7
7.760731828990894e-8
4.65968762619037e-8
4.659719834396929e-8
7.760781230189077e-8
1.4716918558751552e-7
2.722402251065089e-7
4.834327954604585e-7
8.326869181976935e-7
1.4063693987744638e-6
2.3471882607559967e-6
3.890665883862876e-6
6.4258167823992384e-6
0.000010596230553838882
0.000017468910652016783
0.00002881708223045876
0.00004759550838197088
0.0000787422900002997
0.00013053669568352814
0.00021690873824623335
0.0003613830301860061
0.0006038505892687646
0.001012199082231375
0.0017025116372362727
0.00287319379564247
0.004865891061743978
0.008252000014338921
0.014013959766361378
0.02348384906449014
0.0385340629486927
0.05586201361342903
0.029645354116513464
-0.18175685188799456
-0.18175685222001373
0.029645354097057108
0.05586201364508647
0.038534063054553494
0.023483849236235046
0.014013960003867633
0.008252000315435597
0.004865891423874644
0.0028731942155348703
0.0017025121112270384
0.0010121996061095455
0.0006038511587409361
0.00036138363964220737
0.00021690938341699113
0.00013053737174220268
0.00007874299298558835
0.000047596233943286506
0.00002881782653131294
0.000017469670636644425
0.000010597003471564813
6.426599707203675e-6
3.891457905195216e-6
2.3479865591581667e-6
1.407173171118217e-6
8.334945519489488e-7
4.842429984259593e-7
2.7305262192304373e-7
1.4798320409797062e-7
7.842288367365254e-8
4.7413146879403234e-8
4.7412952461452856e-8
7.842268103100519e-8
1.4798299549069264e-7
2.7305276564560306e-7
4.842431473169084e-7
8.334941750902404e-7
1.407173092438603e-6
2.3479866640416614e-6
3.891457569472198e-6
6.4266001052297055e-6
0.000010597003576065402
0.00001746967105498821
0.000028817826177138738
0.00004759623390646817
0.00007874299300452736
0.00013053737201023584
0.00021690938328453106
0.0003613836397695671
0.0006038511586072205
0.0010121996064103092
0.001702512111173707
0.0028731942154552057
0.004865891423662214
0.00825200031509156
0.014013960003826865
0.023483849236741274
0.03853406305421457
0.05586201364536804
0.029645354096701694
-0.1817568522213035
-0.18175685305895
0.029645354041874874
0.055862013712270855
0.0385340633020251
0.0234838496442816
0.014013960570302575
0.008252001034725533
0.004865892290479262
0.002873195221213421
0.0017025132459004212
0.0010122008585842727
0.0006038525171021718
0.00036138509262394983
0.0002169109182508709
0.00013053897831260462
0.00007874466007809554
0.00004759795207726262
0.000028819587033909824
0.00001747146602154811
0.000010598827034252816
6.428445877010372e-6
3.893321983972352e-6
2.349865281058486e-6
1.4090626420994702e-6
8.35392621264097e-7
4.861470203448246e-7
2.749615921063413e-7
1.4989523642208948e-7
8.033708526529614e-8
4.932830453578584e-8
4.9328081262262873e-8
8.033706344880163e-8
1.498948620666306e-7
2.749620089104081e-7
4.861469285209222e-7
8.3539249999129e-7
1.4090628807843193e-6
2.3498649237473144e-6
3.893322730409057e-6
6.428446024040904e-6
0.000010598827420334406
0.000017471466142650134
0.00002881958703648155
0.00004759795206763038
0.00007874465965828963
0.0001305389780458405
0.0002169109182512197
0.0003613850926531241
0.0006038525168972306
0.001012200858754757
0.0017025132458465984
0.0028731952211530753
0.004865892291016813
0.008252001034806373
0.014013960570509847
0.023483849644124692
0.038534063302391036
0.05586201371318348
0.02964535404235799
-0.1817568530613669
-0.18175685515745388
0.029645353886025717
0.05586201385190595
0.03853406388300368
0.023483850614999142
0.014013961926151949
0.008252002762281652
0.004865894372410041
0.00287319763545586
0.00170251596720327
0.001012203858587933
0.00060385576646154
0.0003613885615584241
0.00021691457836738704
0.00013054280183351705
0.00007874862141983
0.00004760202839754416
0.00002882375798591995
0.000017475714114166598
0.00001060313772856587
6.432806209215027e-6
3.897721475801233e-6
2.354294362862815e-6
1.413515153099048e-6
8.398622569531085e-7
4.906305366940758e-7
2.794549258564247e-7
1.543949629477638e-7
8.484105904973726e-8
5.383399203163475e-8
5.383406090624823e-8
8.484121877589462e-8
1.543952974133246e-7
2.7945518676009735e-7
4.90630739301286e-7
8.398628541712915e-7
1.4135148374994943e-6
2.3542940302501888e-6
3.8977212077922015e-6
6.43280557632286e-6
0.000010603137543569938
0.000017475714145199853
0.000028823758004301313
0.00004760202825655383
0.00007874862126478019
0.00013054280189982566
0.00021691457856967206
0.0003613885621592942
0.0006038557662815253
0.0010122038590169428
0.00170251596692456
0.00287319763533222
0.004865894372674782
0.008252002762018512
0.014013961926135639
0.023483850615008708
0.03853406388354516
0.05586201385198442
0.02964535388723598
-0.18175685515904122
-0.18175686047268375
0.029645353450531643
0.05586201412755122
0.03853406524759957
0.023483852933901664
0.014013965185061088
0.00825200692329649
0.0048658993888260164
0.0028732034498499806
0.0017025225134697241
0.0010122110650897542
0.0006038635591883489
0.0003613968661881526
0.0002169233230478405
0.00013055191978218343
0.00007875805216642693
0.00004761171782582676
0.000028833658514515452
0.000017485785160435887
0.000010613344047790933
6.44311986520641e-6
3.908118490252546e-6
2.3647558332739135e-6
1.4240260303045808e-6
8.504105104368517e-7
5.012063221634524e-7
2.900497742188533e-7
1.6500383655556198e-7
9.545815852594713e-8
6.445489254364399e-8
6.445460140051445e-8
9.545736863778846e-8
1.6500315078336918e-7
2.9004963476431624e-7
5.012061656160983e-7
8.504104499006688e-7
1.4240261865470996e-6
2.364756046734911e-6
3.908118424092112e-6
6.44311998163838e-6
0.000010613344737630332
0.000017485785372320173
0.00002883365869198024
0.00004761171764762961
0.0000787580518883647
0.00013055191952550778
0.0002169233228521451
0.0003613968656107718
0.0006038635589913955
0.0010122110652425746
0.0017025225133286202
0.002873203449626132
0.004865899388794776
0.008252006923777696
0.01401396518544577
0.02348385293407232
0.038534065247621464
0.055862014127330134
0.02964535345107532
-0.18175686047404344
-0.18175687392295967
0.029645352243919156
0.05586201464275007
0.03853406845868175
0.02348385849046214
0.014013973044407046
0.008252016980695857
0.004865911517702899
0.002873217498537327
0.0017025383094290115
0.0010122284243601343
0.000603882294283436
0.0003614167922704007
0.0002169442654076879
0.0001305737161750549
0.00007878055654445598
0.000047634800801576375
0.000028857209273591198
0.000017509709261333372
0.000010637563021416811
6.467568689811353e-6
3.932744795861023e-6
2.389518162756554e-6
1.4488907789678624e-6
8.753515798769545e-7
5.262033561727813e-7
3.150870313458062e-7
1.900681247838493e-7
1.2053869097574009e-7
8.95438478720446e-8
8.95438365420858e-8
1.2053914243374043e-7
1.9006796352467386e-7
3.1508685906384044e-7
5.262033110240633e-7
8.753515880100224e-7
1.448890658744453e-6
2.3895183105524653e-6
3.932744957396271e-6
6.4675689365475565e-6
0.000010637562914694434
0.00001750970940241525
0.0000288572092482963
0.000047634800841217084
0.00007878055605143851
0.00013057371639082604
0.00021694426545183396
0.0003614167919599943
0.0006038822943948954
0.0010122284246045143
0.0017025383094515078
0.002873217498466615
0.004865911518105054
0.008252016980988364
0.014013973044317098
0.023483858490444487
0.038534068459474644
0.05586201464326872
0.029645352245370536
-0.18175687392432266
-0.18175690817659435
0.029645348921811858
0.05586201551593442
0.03853407604211142
0.02348387186215546
0.014013992080701441
0.008252041390208898
0.00486594095776967
0.002873251564796139
0.001702576552181533
0.001012270371281428
0.0006039274702265092
0.00036146473708994147
0.0002169945480276079
0.00013062594257992437
0.00007883437728303967
0.00004768991213226682
0.0000289133519268801
0.00001756666645371926
0.000010695156062006937
6.525652737314572e-6
3.991203842467514e-6
2.448259744125455e-6
1.5078439838965392e-6
9.344610517120256e-7
5.854261028266637e-7
3.7439009394919235e-7
2.494252762348076e-7
1.7993004404928472e-7
1.4895112713249692e-7
1.489506260369494e-7
1.7992983184020173e-7
2.494252661574857e-7
3.743902114091099e-7
5.854260909671724e-7
9.344611093423906e-7
1.5078442257847375e-6
2.4482600049325427e-6
3.991203251778666e-6
6.525652087360945e-6
0.00001069515589467988
0.00001756666650495749
0.00002891335189557127
0.000047689912132180276
0.00007883437748374119
0.00013062594295966328
0.00021699454725663744
0.0003614647369100352
0.0006039274706023439
0.0010122703715973454
0.0017025765519359335
0.002873251564523855
0.004865940957838505
0.008252041389615182
0.014013992080425404
0.023483871862335585
0.038534076042208584
0.055862015516536155
0.02964534892328325
-0.18175690817941959
-0.18175699579065635
0.029645339818595733
0.05586201669695311
0.03853409401221175
0.0234839041938043
0.014014038406553676
0.008252100898134385
0.004866012715674304
0.0028733344926752877
0.001702669472874108
0.0010123720691432388
0.0006040367405743669
0.00036158043212578943
0.00021711560642796138
0.00013075141271889882
0.00007896342399127347
0.00004782181941263611
0.000029047518918421675
0.000017702595861460336
0.000010832445355890215
6.663979149203248e-6
4.13031395154001e-6
2.5879564260478978e-6
1.6479737621424498e-6
1.0749066901596869e-6
7.260983574844262e-7
5.152213531648424e-7
3.9036324763952675e-7
3.2093367865419907e-7
2.899856458658071e-7
2.899860899859346e-7
3.2093370781872077e-7
3.9036316495922034e-7
5.152209048647684e-7
7.260975337946914e-7
1.0749063816141182e-6
1.64797390606834e-6
2.587956524588188e-6
4.130314760293284e-6
6.663979754310619e-6
0.000010832446163633112
0.00001770259597315906
0.000029047518969291066
0.000047821819762158046
0.00007896342345474499
0.0001307514123422063
0.0002171156059333766
0.0003615804318191846
0.0006040367405585785
0.0010123720691650063
0.001702669472859959
0.0028733344925277733
0.004866012715519015
0.008252100898247492
0.01401403840708311
0.023483904193642754
0.038534094012901574
0.05586201669736487
0.029645339820822104
-0.18175699579379517
-0.18175722119027732
0.029645314975041602
0.05586201722848163
0.03853413680105283
0.023483982804509015
0.014014151749701711
0.008252246704505573
0.0048661884345567695
0.0028735372312740353
0.0017028961384225418
0.0010126195233308936
0.0006043019292530955
0.00036186049122801045
0.0002174079322423677
0.0001310537031854913
0.0000792736923562141
0.00004813838986989581
0.000029369003123779884
0.00001802786609917809
0.000011160600012795377
6.9943074293868804e-6
4.4622621861519995e-6
2.921100379686147e-6
1.981990679759569e-6
1.409554120559361e-6
1.061194049281943e-6
8.506286020083568e-7
7.259779474265843e-7
6.566748101069594e-7
6.2578682267063e-7
6.257872402200751e-7
6.566750825084205e-7
7.259781558142834e-7
8.506283270642425e-7
1.0611940508917854e-6
1.409554277837623e-6
1.981990875419548e-6
2.921100319403982e-6
4.4622620540224085e-6
6.9943064790036825e-6
0.000011160599749569826
0.000018027866135681638
0.000029369003102966027
0.0000481383897047187
0.00007927369262596644
0.00013105370326934581
0.00021740793227769333
0.0003618604912690831
0.0006043019294560794
0.0010126195232400563
0.0017028961382161353
0.0028735372308318326
0.004866188434341178
0.008252246704883469
0.014014151749906731
0.023483982804226658
0.03853413680183922
0.05586201722900792
0.02964531497726485
-0.1817572211938348
-0.1817578044432795
0.02964524731008851
0.05586201267063841
0.038534239284654416
0.023484175173493
0.014014430748282163
0.008252605962931116
0.004866620939272577
0.0028740352011601754
0.001703451423936866
0.0010132240133726828
0.0006049478733485581
0.0003625407470567757
0.00021811612021560388
0.00013178427714318977
0.00008002194809597106
0.00004890042167197674
0.00003014163171516064
0.000018808548630632407
0.000011947334403035464
7.785541514057078e-6
5.256808061738982e-6
3.7180592326358066e-6
2.7806898199150496e-6
2.209494209455206e-6
1.8620062538512116e-6
1.6520402445380164e-6
1.5277864885238201e-6
1.4587232769954952e-6
1.4279484417200009e-6
1.4279485419069772e-6
1.4587231209674348e-6
1.527786170819919e-6
1.6520402502316556e-6
1.86200618471586e-6
2.2094940754566994e-6
2.7806899301745286e-6
3.7180592253687107e-6
5.256807816640122e-6
7.785541608244101e-6
0.000011947334545321007
0.000018808549009597397
0.000030141631763731832
0.00004890042185179576
0.00008002194801284009
0.00013178427672474953
0.0002181161199015548
0.00036254074734748745
0.0006049478739976476
0.0010132240134914572
0.0017034514236778085
0.0028740352004706067
0.004866620939505352
0.008252605962792477
0.01401443074855944
0.023484175173141997
0.03853423928530675
0.05586201267091445
0.02964524731205681
-0.18175780444637973
-0.18175932344909185
0.029645063215405144
0.05586198696745968
0.03853448661735781
0.0234846494987055
0.014015122278791488
0.008253496725537192
0.004867691554724089
0.0028752646496734637
0.0017048181711756013
0.0010147070612346932
0.0006065275501724108
0.00036419927204857404
0.00021983790529833883
0.0001335560234268056
0.00008183257690987626
0.00005074089918578228
0.00003200473232388197
0.000020688593153102335
0.000013839928447352664
9.687333280304542e-6
7.1652750693964494e-6
5.631323655000193e-6
4.697368714425998e-6
4.1285776133759375e-6
3.782759460756241e-6
3.57392936429319e-6
3.450419027128821e-6
3.381802811904143e-6
3.351237322728195e-6
3.351237216425571e-6
3.38180260855473e-6
3.4504185846133633e-6
3.573929119755622e-6
3.7827589818847867e-6
4.128577247774356e-6
4.69736931326836e-6
5.631323807921607e-6
7.165275248839185e-6
9.687333781341668e-6
0.000013839928689523313
0.000020688593456760197
0.00003200473253098307
0.000050740898857554135
0.00008183257640619065
0.00013355602331453076
0.00021983790501563472
0.0003641992717091404
0.0006065275502328439
0.0010147070612510833
0.0017048181707092448
0.002875264649536289
0.004867691555039362
0.008253496726104405
0.014015122279506364
0.023484649498747845
0.038534486617329944
0.05586198696777438
0.029645063216108287
-0.18175932344999102
-0.18176330732773144
0.029644562493197274
0.05586188801907124
0.03853508940966058
0.023485829548873967
0.014016849940199767
0.00825572099202046
0.004870358568976804
0.002878317409108283
0.0017081996251932098
0.0010183628014041185
0.0006104076892834336
0.0003682596533197142
0.0002240406046202348
0.000137869326979527
0.0000862305828129369
0.00005520289335362524
0.00003651445948491349
0.000025233512090599143
0.00001841051160955973
0.000014276442968063738
0.000011767630313273981
0.00001024306120038784
9.315691287847417e-6
8.751475457774888e-6
8.408795090345614e-6
8.202076295133606e-6
8.079933872393174e-6
8.012134811480932e-6
7.981950010252611e-6
7.98194983455722e-6
8.012134603570884e-6
8.07993418100125e-6
8.202076395065696e-6
8.408795527125086e-6
8.751475794392229e-6
9.315691575877214e-6
0.000010243060909713285
0.000011767629669628974
0.000014276442022200421
0.000018410511331310764
0.0000252335118833694
0.000036514459412788895
0.00005520289292544343
0.00008623058343876455
0.00013786932752271516
0.00022404060430620404
0.0003682596536646039
0.0006104076894602931
0.0010183628016953877
0.001708199624786562
0.002878317408697575
0.0048703585695686865
0.008255720991809368
0.01401684994030631
0.023485829548541594
0.038535089409779566
0.05586188801985973
0.029644562494401894
-0.18176330732933943
-0.18177383665709365
0.029643200123699948
0.05586155746975685
0.0385365773621653
0.023488796631293454
0.014021205621610081
0.008261319576028926
0.004877049525644671
0.0028859455619853406
0.001716613526216756
0.0010274214660048924
0.0006199848465752831
0.0003782460619295794
0.00023434451798565067
0.0001484156868245328
0.00009695938426051775
0.00006606714587185415
0.00004747803398223694
0.0000362690877095264
0.000029497732582572935
0.00002540034730961781
0.000022917352282728285
0.000021410795705537308
0.000020495882954537463
0.000019940200605129583
0.00001960329690171748
0.000019400416761214224
0.000019280738301826412
0.000019214397238630003
0.00001918488924892719
0.00001918488959139238
0.000019214397101684457
0.00001928073824901993
0.0000194004165699266
0.00001960329665587076
0.00001994020027458724
0.000020495882772398955
0.000021410795779803856
0.00002291735278495452
0.000025400347919760267
0.000029497733364841587
0.00003626908741066325
0.00004747803387973086
0.00006606714517010919
0.00009695938374319115
0.00014841568576492287
0.00023434451821136842
0.0003782460623264622
0.0006199848461492003
0.0010274214659327333
0.0017166135263916294
0.002885945562077545
0.004877049525808776
0.008261319576484042
0.014021205621742586
0.02348879663094061
0.03853657736236141
0.05586155747005235
0.029643200125197142
-0.18177383665939723
-0.18180190169565663
0.02963949087358397
0.05586053675056532
0.03854031135860091
0.023496351561609376
0.014032302538545694
0.008275539397135196
0.004893969112108196
0.002905141076564248
0.0017376824562682135
0.0010499989029813762
0.0006437522677049565
0.0004029347255107493
0.00025973417253295826
0.0001743303880752916
0.00012326171533541433
0.00009265190349643784
0.00007426609809256071
0.00006320189437927769
0.000056532548488446766
0.00005250638751341636
0.00005007269231390674
0.00004859998152548297
0.00004770811801615255
0.00004716799628668187
0.00004684148308372143
0.00004664542302626423
0.000046530074570673004
0.00004646627495407313
0.00004643794002768917
0.000046437939937960895
0.000046466274430943883
0.000046530074089328216
0.00004664542283901166
0.00004684148346957634
0.00004716799598338418
0.0000477081182668673
0.00004859998173172018
0.00005007269239778462
0.00005250638749780602
0.000056532548924595963
0.00006320189483464703
0.00007426609795456435
0.00009265190327224845
0.0001232617157883844
0.00017433038806252162
0.0002597341726806197
0.0004029347253850184
0.0006437522676893909
0.0010499989031509552
0.0017376824558986953
0.002905141075624716
0.004893969111994412
0.008275539397268421
0.014032302539058851
0.023496351561850516
0.03854031135817388
0.05586053675117688
0.029639490874961007
-0.18180190169892654
-0.18187740349199338
0.029629385195684366
0.05585755626621897
0.03854988209821207
0.023515878330738323
0.01406091737503973
0.008312028183802077
0.004937135997411673
0.002953825534140095
0.0017908148160777075
0.0011066373343717028
0.000703097613991093
0.0004643310585910271
0.0003226581263249315
0.0002383746300254517
0.00018811604327662173
0.00015808458037160067
0.00014010692662417903
0.00012932775058295716
0.0001228555564341479
0.0001189645775945663
0.00011662283227073137
0.0001152121967343437
0.0001143619328167921
0.00011384947085405457
0.00011354116692428629
0.00011335690575652615
0.00011324896469518979
0.00011318947551307496
0.00011316311895563582
0.00011316311931544179
0.00011318947620948577
0.00011324896520438396
0.00011335690581922313
0.00011354116713428657
0.00011384947088092433
0.00011436193325134759
0.00011521219616208847
0.00011662283230852617
0.00011896457689819501
0.00012285555645386698
0.00012932775054023764
0.00014010692642605046
0.00015808458015788653
0.00018811604327543152
0.0002383746300121163
0.0003226581266878115
0.0004643310590939492
0.0007030976139469859
0.001106637334065907
0.0017908148155793874
0.002953825533944788
0.004937135997913018
0.008312028183685732
0.014060917375466012
0.023515878330977364
0.038549882098487434
0.05585755626716856
0.02962938519658016
-0.181877403495124
-0.18208258185619844
0.029601850447995313
0.05584928355720354
0.03857507579329027
0.023567249380153442
0.014135737036943534
0.008406754574986214
0.005048373866751916
0.003078393630062725
0.0019258760785483197
0.0012497732890543638
0.0008523193850151062
0.0006180550503914299
0.00047965738060468913
0.000397720968512449
0.000349121739950868
0.0003202492739071076
0.000303072358230468
0.00029284100843127625
0.0002867403171243606
0.00028309926818224245
0.000280924449189944
0.00027962455386463874
0.0002788472804945263
0.0002783825948825589
0.00027810528641569434
0.0002779408448583315
0.0002778452070418375
0.00027779281409940276
0.00027776969474781606
0.00027776969452456197
0.0002777928134003144
0.00027784520649940046
0.00027794084472568975
0.00027810528598389136
0.0002783825945012815
0.00027884728094361135
0.0002796245543824511
0.0002809244496884075
0.0002830992685663947
0.0002867403177360127
0.0002928410083233796
0.0003030723582098686
0.0003202492737499218
0.0003491217399389985
0.0003977209684369556
0.0004796573802537526
0.0006180550499736788
0.0008523193844970432
0.0012497732893582214
0.001925876078725107
0.003078393630072023
0.005048373867336345
0.008406754575399501
0.01413573703764668
0.02356724938005614
0.03857507579314445
0.05584928355714286
0.02960185045021542
-0.18208258185823933
-0.18264619923837505
0.029526936366150586
0.055827659905822904
0.0386435982935535
0.02370523302851026
0.014334513286856976
0.008655927827853575
0.005338273748301677
0.0034003082517557745
0.0022723155429217223
0.0016145785651619
0.001230598169182531
0.0010060403563680578
0.0008745232092972679
0.0007973947295187778
0.0007521127357549779
0.0007255033552451526
0.0007098550037667542
0.000700646971879759
0.0006952259662636798
0.0006920331938380651
0.0006901521624824586
0.0006890436952162748
0.0006883904639801196
0.0006880056804337542
0.0006877794467808969
0.0006876472301427872
0.0006875713653475276
0.0006875302726262952
0.0006875122793293285
0.0006875122793226393
0.0006875302726440171
0.0006875713651050218
0.0006876472299508179
0.0006877794466752623
0.0006880056804616306
0.0006883904635543225
0.0006890436957773288
0.0006901521618985164
0.0006920331932211165
0.0006952259660454347
0.0007006469718378078
0.000709855003817705
0.0007255033554598294
0.0007521127362749545
0.0007973947301836751
0.0008745232087918277
0.0010060403564629604
0.0012305981685148022
0.0016145785651995159
0.0022723155428706425
0.003400308251686795
0.005338273748269959
0.008655927827284582
0.014334513286684092
0.023705233028607837
0.038643598293733206
0.05582765990635119
0.029526936368298798
-0.18264619924130238
-0.1842114930976696
0.029324086559067097
0.05577621908863492
0.03883730708811085
0.024084880947851182
0.014872294840144606
0.00932120015428578
0.0061034723804325765
0.00424167407397598
0.0031702408128784095
0.0025535751270012374
0.0021988283195659482
0.0019947204751641122
0.001877292788085272
0.001809743713411164
0.001770899761685503
0.0017485737048696022
0.0017357500728144878
0.0017283905458457757
0.0017241710714193076
0.0017217546862404723
0.0017203727119571113
0.0017195835290099988
0.0017191336562042098
0.0017188777763826055
0.0017187327252926048
0.0017186510468418675
0.0017186058375320288
0.0017185821077876477
0.0017185719446022813
0.0017185719450555532
0.0017185821081682681
0.0017186058379211795
0.0017186510467480254
0.0017187327251665186
0.0017188777767422653
0.0017191336561420295
0.0017195835289331093
0.00172037271184354
0.001721754686072086
0.00172417107092559
0.0017283905452923957
0.001735750072889957
0.0017485737052738161
0.001770899761624057
0.0018097437133587143
0.0018772927881666498
0.001994720474838536
0.00219882831933619
0.002553575127260614
0.0031702408133106015
0.00424167407464093
0.006103472380034586
0.009321200154314532
0.014872294840281231
0.024084880947476996
0.03883730708893922
0.05577621908889728
0.029324086563074003
-0.18421149309918872
-0.18860133353048528
0.028781169167764818
0.055676487493953514
0.03940926621645011
0.025158324349467583
0.01635736595932613
0.011127467523430256
0.008152603104761893
0.006469436015255245
0.005526004168005986
0.004999108282544195
0.004706135985676115
0.004543861309840124
0.0044543745485754686
0.004405269463583733
0.004378478733656403
0.004363962203805107
0.004356161568869165
0.004352012613996875
0.004349834307665465
0.004348709698329841
0.004348142019266945
0.004347864363071342
0.004347734777504284
0.0043476787272287015
0.0043476577063410096
0.004347652238050723
0.004347652741084263
0.0043476546756736605
0.004347656020067115
0.004347656019768636
0.004347654674959237
0.004347652740523561
0.004347652237546897
0.004347657705715723
0.004347678726876317
0.004347734778093826
0.004347864363711512
0.004348142019545526
0.004348709698546525
0.004349834307876785
0.004352012613919274
0.004356161568783948
0.0043639622042787604
0.004378478734203566
0.004405269463774484
0.0044543745481588765
0.0045438613088148025
0.004706135985426237
0.004999108282312352
0.005526004168459777
0.006469436015407589
0.008152603104168873
0.01112746752371442
0.01635736595914631
0.0251583243495705
0.039409266217166505
0.05567648749429355
0.02878116916754033
-0.1886013335340338
-0.20097317365902934
0.027366146464395714
0.05559946398093341
0.041177764892232835
0.028285637422818432
0.020552338188681324
0.01612422534206638
0.013730491544015368
0.012457455489838926
0.011796170085277606
0.011459535017907661
0.011292667725448818
0.011212806495925778
0.01117654933253048
0.01116149240021515
0.01115630618918369
0.011155407801144471
0.011156144448831144
0.011157323597697695
0.011158458341411565
0.011159387615279893
0.011160090069932495
0.011160596234995487
0.011160949423819509
0.011161190048527789
0.011161350641533058
0.011161455398904572
0.01116152132215963
0.011161559683275517
0.011161577274228014
0.011161577274442159
0.011161559683607363
0.011161521322439034
0.01116145539901808
0.01116135064175118
0.011161190048623431
0.011160949423862612
0.011160596234894897
0.011160090070075783
0.011159387614878339
0.011158458340819806
0.011157323597175552
0.011156144448866145
0.011155407801170077
0.01115630618884961
0.011161492400813627
0.01117654933282363
0.011212806496162929
0.011292667725540204
0.011459535017598997
0.011796170085147651
0.012457455489624054
0.013730491544033016
0.016124225342163664
0.020552338188885938
0.0282856374231079
0.04117776489259098
0.05559946398131568
0.02736614646577403
-0.2009731736601073
-0.23548841750785143
0.023904385136998038
0.05627892758178231
0.046894338321886
0.037680579669922096
0.03268827814078214
0.030228083744934842
0.02919143253569166
0.028831423145710987
0.028769745593371917
0.028820077478680123
0.028899329137959007
0.028974254916470675
0.02903447779567126
0.029079140485396195
0.029110719778051897
0.029132361251030952
0.02914687257117773
0.029156449762987657
0.02916269566723679
0.029166731834101383
0.029169321272135753
0.029170972835726124
0.029172020909256642
0.02917268270441116
0.02917309792857893
0.02917335552730465
0.0291735113168241
0.02917359935036879
0.02917363899101978
0.029173638990717215
0.029173599350301713
0.029173511316257873
0.029173355527382695
0.02917309792849139
0.029172682704908463
0.029172020909640876
0.02917097283601227
0.029169321272323943
0.029166731833686933
0.029162695667147985
0.029156449763015367
0.02914687257093003
0.029132361250871926
0.029110719778082876
0.029079140486004566
0.029034477795070925
0.028974254915896808
0.028899329137288553
0.028820077478348416
0.02876974559314124
0.028831423145390014
0.02919143253580211
0.03022808374539933
0.032688278140865334
0.0376805796698824
0.046894338322410745
0.05627892758203602
0.02390438513679945
-0.23548841751084848
-0.3263737245534579
0.01682922621612899
0.06195318697363145
0.06598779469795962
0.06662276537652415
0.06852761687298076
0.07076373444620591
0.07278208078245821
0.07436722673168786
0.0755178683591996
0.07631369931757512
0.0768465655530984
0.07719552152485554
0.07742044093437672
0.07756375376556793
0.07765429561240637
0.07771113629181989
0.07774665015972335
0.07776875937438249
0.0777824860771936
0.07779099086561006
0.07779625195256196
0.07779950234091144
0.07780150804067383
0.07780274360715386
0.07780350217391785
0.07780396401409795
0.07780423898254218
0.07780439250425514
0.07780446110550046
0.07780446110509373
0.0778043925038566
0.07780423898194347
0.07780396401356712
0.07780350217321708
0.07780274360665126
0.07780150804010333
0.07779950234196752
0.07779625195351729
0.07779099086761157
0.0777824860786453
0.07776875937536429
0.07774665015978971
0.07771113629187873
0.07765429561290853
0.07756375376578431
0.07742044093416306
0.0771955215246613
0.07684656555251632
0.07631369931794899
0.07551786835944742
0.07436722673272703
0.07278208078226375
0.07076373444582124
0.06852761687242931
0.06662276537644618
0.06598779469840915
0.06195318697416692
0.016829226216699873
-0.3263737245542041
-0.5121192321892758
0.011249256095424695
0.09083678051881003
0.1287253687767098
0.15502650343307864
0.17372634601535364
0.18669868654538604
0.1952434912393205
0.20073272574471954
0.20418147265625725
0.20632041857678057
0.20763462175080682
0.20843735971212435
0.2089257875706511
0.2092222753343696
0.20940200885192184
0.20951089675361484
0.2095768555717505
0.20961681866258117
0.20964104241278392
0.20965573465811604
0.20966465202359652
0.20967006808448646
0.20967335923023073
0.2096753588796989
0.20967657150321029
0.20967730183565353
0.2096777327001969
0.20967797156160636
0.20967807781168857
0.20967807781161557
0.20967797156242654
0.2096777327018898
0.209677301837974
0.20967657150609875
0.20967535888187439
0.20967335923073974
0.20967006808370003
0.209664652022838
0.20965573465772216
0.20964104241274203
0.20961681866245552
0.2095768555714033
0.2095108967538273
0.2094020088521983
0.20922227533557383
0.20892578757285224
0.2084373597132305
0.20763462175170908
0.20632041857726488
0.20418147265721193
0.2007327257461777
0.19524349124023677
0.1866986865461744
0.17372634601409737
0.1550265034307804
0.12872536877591295
0.09083678051997618
0.011249256097841717
-0.5121192321881747
-0.3759936108071742
0.054673648106647856
0.15965852280390486
0.2750349089680614
0.3654734759945395
0.423472559120076
0.45974383339018204
0.48142525199014585
0.4942740037186517
0.501818815624701
0.5062427325752471
0.5088360471108822
0.5103586229742472
0.5112544247658632
0.5117827841927904
0.5120952319189058
0.5122804831992951
0.5123905995819558
0.5124562150434433
0.5124954047700907
0.5125188629342253
0.512532933409227
0.5125413887993949
0.5125464777205999
0.5125495429919247
0.5125513874359147
0.5125524907123062
0.5125531378284638
0.5125534949576106
0.5125536533503817
0.5125536533494712
0.5125534949568391
0.5125531378290282
0.5125524907171715
0.512551387440704
0.5125495429970482
0.5125464777223181
0.5125413887977618
0.5125329334048385
0.5125188629280305
0.512495404766158
0.5124562150363697
0.5123905995740086
0.5122804831938816
0.5120952319193631
0.5117827841967022
0.5112544247669517
0.5103586229742252
0.5088360471083117
0.5062427325705522
0.5018188156210368
0.49427400371818053
0.48142525199187247
0.4597438333900215
0.4234725591183115
0.3654734759867575
0.2750349089617452
0.15965852280005566
0.054673648104879916
-0.37599361080981153
6.0238198738832995
-0.8441385499619765
-1.7646902710481376
-1.4839930173447606
-1.2193344439792217
-1.0590236387950407
-0.9662090405516544
-0.914451273244677
-0.8854504690216334
-0.8691759016097843
-0.8599753484579228
-0.8547405041854783
-0.8517419272321778
-0.8500138307412517
-0.8490122992956346
-0.8484288954917321
-0.8480874853145819
-0.8478868552922583
-0.8477685075139403
-0.8476984555789034
-0.8476568602935621
-0.8476320912996091
-0.8476173042003059
-0.847608457343473
-0.8476031572279223
-0.8475999835357172
-0.8475980933555662
-0.8475969887652156
-0.8475963809370894
-0.8475961118525441
-0.8475961118449078
-0.8475963809316194
-0.8475969887535095
-0.8475980933691655
-0.8475999835480568
-0.8476031572306855
-0.8476084573438187
-0.8476173041953643
-0.8476320912992688
-0.8476568602914226
-0.8476984555759849
-0.847768507505484
-0.8478868552941647
-0.848087485301853
-0.8484288954898216
-0.8490122993037388
-0.8500138307506666
-0.8517419272402678
-0.8547405041613603
-0.8599753484597554
-0.8691759016010296
-0.8854504690263547
-0.9144512732584356
-0.9662090405327279
-1.059023638795213
-1.2193344439736664
-1.4839930173409406
-1.7646902710576091
-0.8441385499511755
6.023819873888717