-515.120490457204
-8.882185588760409
-22.85036170701745
16.380475828448688
17.83674617946449
23.1169145938529
24.045463468927128
25.04299883321169
25.358128382000242
25.591794132958505
25.688076501945943
25.750011342554696
25.778996869338872
25.796614907106473
25.80542731460188
25.810663072194533
25.81338631844226
25.814990186169684
25.815846276830644
25.8163491561614
25.81662271797923
25.816783455583526
25.816872208566764
25.81692443860178
25.816953613536917
25.816970784375748
25.816980400642453
25.816985944916112
25.816988851891473
25.816990139378483
25.8169901393986
25.81698885190299
25.816985944928874
25.816980400601445
25.816970784382555
25.816953613533443
25.816924438618855
25.816872208554656
25.816783455593004
25.816622717960676
25.816349156176113
25.815846276861354
25.814990186148904
25.81338631845669
25.810663072179032
25.805427314596848
25.79661490710531
25.77899686933493
25.75001134258867
25.688076501902813
25.59179413295876
25.358128382016126
25.042998833213424
24.045463468949762
23.116914593828
17.836746179467816
16.38047582843312
-22.850361706986988
-8.882185588745298
-515.1204904571537
-53.01664610413968
-10.863545345745866
-9.232913402913919
-3.821061779060945
-1.148297173635723
-0.11024541995900063
0.7542520697293356
1.0208152272144762
1.2627641395509754
1.341041928678244
1.4083922990215971
1.4325108398680213
1.451743713134011
1.4593162006312264
1.4649755871720695
1.4673803858931382
1.4690919073841475
1.469863468118064
1.4703934258473894
1.4706435771631188
1.4708110415608582
1.4708930176678296
1.4709468836379342
1.4709740302413743
1.4709916178502853
1.471000671500938
1.4710064384439463
1.4710093920405685
1.4710111292713333
1.4710118190869692
1.471011819086843
1.4710111292693004
1.471009392037962
1.4710064384393162
1.4710006715068649
1.4709916178460225
1.4709740302408059
1.4709468836302815
1.470893017673484
1.470811041556247
1.4706435771660826
1.4703934258434108
1.4698634681209986
1.4690919073756554
1.4673803858990953
1.4649755871755126
1.45931620063237
1.451743713137744
1.4325108398610844
1.4083922990226596
1.341041928687877
1.2627641395470008
1.0208152272214628
0.7542520697222203
-0.1102454199574324
-1.1482971736347198
-3.821061779056817
-9.232913402905798
-10.863545345748264
-53.016646104134274
-14.998091226639817
-2.6447173035975746
-5.0071121859949175
-1.9691910263640662
-1.8751159114896663
-1.0509072791826393
-0.9132759683253036
-0.6767060340244414
-0.6198814329759124
-0.5502711516012944
-0.5303429785191727
-0.5095359752288466
-0.5028466981109398
-0.49653660433424784
-0.49431919548638004
-0.4923770460908739
-0.49164336057025926
-0.4910366331398679
-0.49079321573569884
-0.49060088142125524
-0.49051971293389557
-0.4904578718199939
-0.4904306358343612
-0.4904104829516421
-0.4904012905933439
-0.4903946572562879
-0.49039156665716044
-0.4903894238567061
-0.49038847734858754
-0.4903879796528062
-0.4903879796548257
-0.49038847734911484
-0.4903894238581621
-0.4903915666529498
-0.49039465725857034
-0.49040129059054005
-0.49041048295556816
-0.49043063583021096
-0.49045787182258205
-0.49051971293001906
-0.4906008814230464
-0.49079321573578827
-0.4910366331432938
-0.49164336056773883
-0.4923770460916888
-0.49431919548514536
-0.49653660433534924
-0.5028466981090085
-0.5095359752303122
-0.5303429785168645
-0.5502711516032139
-0.6198814329744406
-0.6767060340294455
-0.9132759683240887
-1.050907279182864
-1.8751159114887785
-1.9691910263661534
-5.00711218599128
-2.6447173035987848
-14.99809122662922
7.094793311253114
-0.8835558384630188
-1.2573287078958302
-1.3645799011635147
-1.1998908898269842
-1.1159083724755006
-0.9996327198279573
-0.9601348572177555
-0.9121099273617739
-0.8972173289872255
-0.8801339118527353
-0.8748465559986873
-0.8691089897937465
-0.8672776299537188
-0.8653947592783687
-0.8647675738374854
-0.8641544688246834
-0.8639406737156197
-0.863741041088813
-0.8636682208791964
-0.8636029433824826
-0.8635781021120346
-0.8635566127507088
-0.8635481172171258
-0.8635409895675613
-0.8635380851554398
-0.8635357226853242
-0.8635347587905124
-0.8635340420894193
-0.8635338149708462
-0.8635338149702986
-0.8635340420908717
-0.8635347587888894
-0.8635357226858553
-0.8635380851541629
-0.8635409895691435
-0.8635481172160469
-0.8635566127518559
-0.863578102110113
-0.8636029433837433
-0.8636682208770088
-0.8637410410910724
-0.8639406737145017
-0.8641544688262129
-0.8647675738352671
-0.8653947592807721
-0.8672776299532985
-0.8691089897949854
-0.8748465559970907
-0.8801339118532966
-0.8972173289866154
-0.9121099273635305
-0.9601348572173518
-0.9996327198290081
-1.1159083724741703
-1.1998908898283207
-1.364579901161973
-1.2573287078962245
-0.8835558384612799
7.094793311253811
14.938699767687442
0.10474594422960018
0.10176474411615063
-0.8282197170707708
-0.9129637457110756
-0.972844808568811
-0.9850126851353216
-0.9759381910479782
-0.9742415356599585
-0.9664773814719088
-0.9645494653417814
-0.9610652348670048
-0.9601237092209967
-0.9587849558312083
-0.9584047184235045
-0.9579230292026477
-0.9577807393292783
-0.9576130266490228
-0.9575616764891142
-0.9575042625027048
-0.9574860715388414
-0.9574665694782585
-0.9574601892569299
-0.9574535791004277
-0.9574513570172805
-0.9574491187695279
-0.9574483567262673
-0.957447618945015
-0.9574473833737341
-0.9574472099950115
-0.9574472099955675
-0.9574473833733042
-0.9574476189458343
-0.9574483567259666
-0.9574491187700149
-0.9574513570165157
-0.9574535791016776
-0.9574601892570185
-0.9574665694777849
-0.9574860715386022
-0.9575042625025169
-0.9575616764894119
-0.9576130266496978
-0.9577807393283616
-0.9579230292036116
-0.9584047184226178
-0.9587849558324291
-0.9601237092210251
-0.9610652348673197
-0.9645494653406468
-0.9664773814725613
-0.9742415356585417
-0.9759381910490309
-0.9850126851348892
-0.9728448085692321
-0.9129637457107319
-0.8282197170700729
0.1017647441174282
0.10474594422927574
14.938699767688945
18.975820368788305
0.5226754340687512
0.857151011411782
-0.5928945231630641
-0.708409972283529
-0.8986574668414817
-0.9372890400514573
-0.9694130855667644
-0.9773851385987878
-0.9833792234440893
-0.9844127709174444
-0.985522657218286
-0.9854376134441281
-0.9856190718102031
-0.9854839802797748
-0.9855019678960386
-0.9854309041959275
-0.9854269778105909
-0.9853969484258038
-0.9853932656886478
-0.9853816926639265
-0.9853798880379483
-0.9853756331182517
-0.9853748921246399
-0.985373367940769
-0.9853730900239412
-0.9853725564251933
-0.9853724609899561
-0.985372293087865
-0.9853722705653738
-0.9853722705652166
-0.9853722930881221
-0.9853724609895511
-0.9853725564253435
-0.9853730900239108
-0.9853733679402051
-0.9853748921255662
-0.985375633117926
-0.985379888037694
-0.9853816926637373
-0.9853932656886336
-0.9853969484260325
-0.9854269778099007
-0.9854309041965224
-0.9855019678959573
-0.9854839802798783
-0.9856190718100128
-0.9854376134451055
-0.9855226572178992
-0.9844127709173528
-0.9833792234441154
-0.9773851385981813
-0.9694130855668273
-0.9372890400519771
-0.8986574668411439
-0.708409972284615
-0.5928945231614089
0.8571510114105412
0.5226754340689119
18.975820368788703
20.829338845213293
0.7407561826406219
1.2088610838195368
-0.45711515736282576
-0.6088603550426115
-0.84645046106516
-0.9102936873912023
-0.9558814089649652
-0.974546932671208
-0.9846753210446186
-0.9897063194639927
-0.9920859941820299
-0.9934195728590678
-0.9939849114308021
-0.9943404293967919
-0.9944731010250314
-0.9945694145117416
-0.9945996366858685
-0.9946263317176457
-0.9946328674943438
-0.994640482358663
-0.994641767272582
-0.9946440164005961
-0.9946442187685441
-0.9946449105167272
-0.9946449203316737
-0.9946451409615615
-0.9946451300531391
-0.9946451965685522
-0.9946451920574284
-0.9946451920570463
-0.9946451965691803
-0.9946451300521959
-0.9946451409624387
-0.9946449203315109
-0.9946449105168151
-0.9946442187689191
-0.9946440164007386
-0.9946417672725423
-0.9946404823588746
-0.9946328674946994
-0.9946263317171667
-0.994599636686582
-0.9945694145110279
-0.994473101025066
-0.9943404293966447
-0.9939849114311088
-0.993419572859364
-0.9920859941814625
-0.9897063194636198
-0.9846753210448043
-0.9745469326713023
-0.9558814089646223
-0.9102936873906678
-0.8464504610654
-0.6088603550428187
-0.45711515736262975
1.2088610838195766
0.7407561826414855
20.82933884521331
21.77656281493978
0.8474063421861568
1.394373729788665
-0.3895336027444586
-0.5522338846034881
-0.8190532652354349
-0.8922120221692157
-0.9475271786421167
-0.9701609371252604
-0.9838254459370794
-0.9902970356507119
-0.9939674111101324
-0.9957877259092343
-0.9968167156994339
-0.9973299735928627
-0.9976265395633113
-0.997772637534381
-0.9978601157558795
-0.9979022612576391
-0.9979286581257616
-0.9979410176108898
-0.9979491736456467
-0.9979528678464058
-0.9979554508824404
-0.9979565773037736
-0.9979574141860723
-0.9979577617538915
-0.9979580312014913
-0.9979581310387937
-0.9979581938328166
-0.9979581938327406
-0.9979581310386388
-0.997958031201208
-0.9979577617540927
-0.9979574141857943
-0.99795657730385
-0.9979554508817663
-0.9979528678462739
-0.9979491736457851
-0.9979410176105445
-0.9979286581262101
-0.9979022612571313
-0.9978601157559082
-0.9977726375338445
-0.9976265395644869
-0.997329973592634
-0.9968167157004171
-0.9957877259080528
-0.9939674111107242
-0.9902970356506059
-0.9838254459374274
-0.9701609371250974
-0.9475271786413244
-0.8922120221698857
-0.8190532652349212
-0.5522338846039212
-0.3895336027438197
1.3943737297884438
0.84740634218805
21.77656281493697
22.247508844568763
0.9029225050918221
1.4877915762386742
-0.35297791007464
-0.5229987082429733
-0.8032279171212129
-0.8823345865367143
-0.9419392865168632
-0.9673042941833356
-0.9824855978317222
-0.9900586277077682
-0.9942674312583246
-0.9965078333225448
-0.9977233987170488
-0.998391767158316
-0.9987512235909537
-0.998953388243985
-0.99906155562098
-0.999123683829003
-0.9991567509430614
-0.9991761723360503
-0.9991864415703916
-0.9991926227390122
-0.9991958630192735
-0.9991978656889164
-0.9991989016356797
-0.9991995562712261
-0.9991998827414132
-0.9992000801673404
-0.9992001547917049
-0.9992001547919583
-0.9992000801672161
-0.9991998827413296
-0.9991995562710907
-0.9991989016354106
-0.9991978656890192
-0.9991958630196274
-0.9991926227397855
-0.9991864415699122
-0.9991761723360414
-0.999156750943043
-0.9991236838287646
-0.9990615556201784
-0.9989533882446194
-0.9987512235904206
-0.9983917671584381
-0.9977233987171445
-0.9965078333222682
-0.994267431258616
-0.9900586277077286
-0.9824855978306767
-0.9673042941837396
-0.9419392865160696
-0.8823345865370565
-0.8032279171210632
-0.5229987082426997
-0.3529779100746242
1.4877915762387084
0.9029225050929887
22.247508844567765
22.49077843409843
0.9313895210560079
1.5368975548362518
-0.33399298316145354
-0.5071088656227892
-0.7947761321858946
-0.8766277903012952
-0.9387701052056902
-0.965404484656525
-0.9815549120412468
-0.9896379071655128
-0.9942220770229475
-0.9966547863506146
-0.9980135074253236
-0.9987514505492788
-0.9991644032302713
-0.9993909465370562
-0.999518750002171
-0.9995891988951899
-0.9996293760427042
-0.9996515739221956
-0.9996643948259945
-0.9996714829164228
-0.9996756350892126
-0.9996779269423056
-0.9996792878972733
-0.999680031449203
-0.9996804702777078
-0.999680692179986
-0.9996807940880166
-0.9996807940881947
-0.9996806921793931
-0.9996804702773121
-0.9996800314495551
-0.9996792878972969
-0.9996779269421775
-0.9996756350884786
-0.9996714829160951
-0.9996643948263323
-0.9996515739216839
-0.9996293760431029
-0.9995891988943431
-0.9995187500022797
-0.9993909465373401
-0.9991644032303544
-0.9987514505499288
-0.9980135074249937
-0.9966547863498154
-0.994222077023472
-0.989637907165523
-0.981554912041343
-0.965404484656506
-0.9387701052057416
-0.8766277903007607
-0.7947761321868285
-0.5071088656218685
-0.33399298316235104
1.536897554837759
0.9313895210560037
22.49077843409991
22.615831866930424
0.9463266322757171
1.5624078989607546
-0.32384217590370257
-0.4987183362717741
-0.7901167820582697
-0.8735204172054721
-0.9369206551269478
-0.9642998530889014
-0.9809284357144759
-0.9893268973542673
-0.9940958201057732
-0.9966553882438178
-0.9980842248569648
-0.9988715508479868
-0.9993104235656762
-0.9995557258523873
-0.999692862005882
-0.9997703022805793
-0.9998137587443627
-0.9998385253177475
-0.9998524726226081
-0.9998604954378225
-0.9998650257508769
-0.9998676557565152
-0.9998691401935984
-0.9998700045987585
-0.9998704816437145
-0.9998707424261273
-0.9998708527822009
-0.9998708527822218
-0.9998707424260473
-0.9998704816435948
-0.9998700045989874
-0.9998691401932278
-0.999867655757108
-0.999865025750234
-0.9998604954380664
-0.9998524726226322
-0.9998385253178086
-0.9998137587448013
-0.9997703022802629
-0.999692862005989
-0.9995557258530556
-0.9993104235657947
-0.9988715508478407
-0.998084224856923
-0.9966553882434532
-0.9940958201056302
-0.9893268973542688
-0.9809284357135575
-0.9642998530892674
-0.9369206551263115
-0.8735204172059108
-0.7901167820579957
-0.4987183362712374
-0.3238421759042962
1.5624078989609156
0.9463266322772637
22.615831866929582
22.68116401804601
0.9541480704924867
1.5758892640453874
-0.3184766718405808
-0.4942034007137925
-0.7876113844224002
-0.8717967919454805
-0.9358940902087105
-0.9636513310015719
-0.9805548248490679
-0.9891142420992114
-0.9939942437116962
-0.9966188012155841
-0.9980920409411583
-0.9989047003368835
-0.9993609773100367
-0.999615870118489
-0.999759692568398
-0.9998406702328879
-0.9998866506308802
-0.9999126912588108
-0.9999275780131294
-0.9999360494144024
-0.999940925833554
-0.9999437100591249
-0.9999453207773638
-0.999946236453318
-0.9999467578370906
-0.9999470338361829
-0.9999471550378192
-0.9999471550385894
-0.9999470338352239
-0.9999467578369793
-0.9999462364531388
-0.9999453207774563
-0.9999437100597726
-0.9999409258329099
-0.9999360494143266
-0.9999275780134175
-0.9999126912591878
-0.9998866506309491
-0.9998406702316289
-0.9997596925686514
-0.9996158701182352
-0.9993609773100207
-0.9989047003372946
-0.9980920409406099
-0.9966188012157893
-0.993994243711233
-0.9891142421003727
-0.9805548248484515
-0.9636513310025032
-0.9358940902079925
-0.8717967919455931
-0.7876113844225214
-0.49420340071391455
-0.3184766718409691
1.5758892640462507
0.9541480704940601
22.68116401804332
22.715333263205082
0.9582854147089107
1.5830004123866948
-0.31560735794801
-0.49179483709391025
-0.7862487189485969
-0.8708598061255983
-0.9353193437990173
-0.9632865057505438
-0.9803332852688849
-0.9889845961455188
-0.9939228271134093
-0.9965858099778009
-0.9980824754850778
-0.998910745639284
-0.9993762497634164
-0.9996373371923306
-0.9997847094776423
-0.9998680956175212
-0.9999154103219641
-0.999942371222882
-0.9999577484325457
-0.9999665665249532
-0.9999716192669611
-0.9999745325705853
-0.9999762050787502
-0.9999771678791147
-0.9999777098027767
-0.9999780011560644
-0.9999781271522468
-0.9999781271527736
-0.9999780011557384
-0.9999777098030922
-0.9999771678791854
-0.9999762050789287
-0.999974532570318
-0.9999716192664463
-0.9999665665250184
-0.9999577484327467
-0.9999423712233224
-0.9999154103224127
-0.9998680956170023
-0.9997847094784433
-0.9996373371917453
-0.9993762497643993
-0.9989107456387454
-0.9980824754846447
-0.9965858099773675
-0.9939228271130833
-0.9889845961462145
-0.9803332852684756
-0.9632865057503524
-0.9353193437987026
-0.8708598061260612
-0.7862487189490498
-0.49179483709370053
-0.31560735794739314
1.5830004123865993
0.9582854147117925
22.715333263202503
22.733348404436015
0.9604767147345199
1.5867812514096364
-0.31407694724072294
-0.49049986830626346
-0.7855136719825287
-0.8703471539196543
-0.9350033381438789
-0.9630809216760947
-0.9802069842253205
-0.9889069746156613
-0.9938782177027643
-0.9965617223366365
-0.9980720650044992
-0.9989087429434067
-0.9993798219347163
-0.9996442703546464
-0.9997938723766437
-0.9998785713605676
-0.9999267616330738
-0.9999542241539192
-0.9999699395524879
-0.9999789452517982
-0.9999841267636168
-0.9999871086914511
-0.9999888294780207
-0.9999898165887882
-0.9999903757977664
-0.9999906747927234
-0.9999908050604795
-0.9999908050609897
-0.9999906747923226
-0.9999903757972833
-0.9999898165893117
-0.9999888294779353
-0.9999871086914471
-0.9999841267629328
-0.9999789452525536
-0.9999699395523136
-0.9999542241540067
-0.999926761632363
-0.9998785713606695
-0.9997938723765658
-0.9996442703539803
-0.999379821934919
-0.998908742943887
-0.998072065003933
-0.9965617223371329
-0.9938782177021039
-0.9889069746166312
-0.9802069842253125
-0.9630809216756424
-0.9350033381439866
-0.8703471539196261
-0.7855136719821698
-0.49049986830576553
-0.31407694724091284
1.5867812514119533
0.9604767147343802
22.733348404442246
22.74286918261984
0.9616434824081719
1.5887932747809828
-0.3132562436181966
-0.4898051097110738
-0.7851153454455222
-0.8700686897979293
-0.9348291772501125
-0.9629669519891206
-0.9801352689763275
-0.9888622146234274
-0.9938511794090448
-0.9965462795762636
-0.9980640296253129
-0.9989055763149692
-0.9993797031380205
-0.9996461543242239
-0.9997969861018721
-0.9998824933020085
-0.9999311697097142
-0.9999589526358543
-0.9999748563308994
-0.9999839870181126
-0.9999892399833181
-0.9999922699213792
-0.9999940171782129
-0.9999950222700068
-0.9999955907665029
-0.9999958957225696
-0.9999960282433145
-0.9999960282440346
-0.9999958957216247
-0.9999955907666864
-0.9999950222702523
-0.9999940171785179
-0.9999922699207164
-0.9999892399835564
-0.9999839870177412
-0.9999748563309926
-0.9999589526357303
-0.9999311697100803
-0.9998824933011631
-0.9997969861031235
-0.9996461543234593
-0.9993797031384872
-0.9989055763152022
-0.9980640296243173
-0.9965462795772305
-0.9938511794083138
-0.9888622146245534
-0.9801352689769327
-0.9629669519885011
-0.9348291772504632
-0.8700686897968914
-0.7851153454460622
-0.4898051097111754
-0.3132562436183176
1.5887932747816471
0.9616434824092033
22.742869182617312
22.747924231905955
0.9622659128056643
1.5898685892325506
-0.3128160823126751
-0.4894309635787931
-0.7849000406952961
-0.8699170589185459
-0.9347338701307012
-0.9629038012581398
-0.9800951849903572
-0.9888366252718415
-0.9938354031168048
-0.996536789057324
-0.9980587141574173
-0.9989029249352082
-0.9993788063495324
-0.9996463643628257
-0.9997979216417597
-0.9998838797881442
-0.9999328510932363
-0.9999608142118086
-0.9999768357965592
-0.9999860371056186
-0.9999913364531094
-0.9999943935050053
-0.9999961586694022
-0.9999971738454787
-0.9999977489051917
-0.9999980571670748
-0.9999981913324093
-0.9999981913316033
-0.9999980571672338
-0.9999977489044851
-0.9999971738464977
-0.9999961586689248
-0.9999943935054649
-0.9999913364513503
-0.9999860371058612
-0.9999768357962291
-0.9999608142128467
-0.9999328510933738
-0.9998838797876838
-0.9997979216419492
-0.9996463643625106
-0.9993788063500968
-0.9989029249345861
-0.9980587141566833
-0.9965367890576261
-0.9938354031151304
-0.988836625273364
-0.9800951849900665
-0.9629038012581568
-0.9347338701304353
-0.8699170589188137
-0.7849000406947414
-0.48943096357959304
-0.3128160823133176
1.5898685892335527
0.9622659128049745
22.74792423190833
22.75061454288293
0.9625990236476746
1.590444164589691
-0.31257931648896115
-0.48922947671502937
-0.7847834093712511
-0.8698347016619044
-0.934681684084842
-0.9628690492405374
-0.9800728470897714
-0.988822221890377
-0.9938263157347738
-0.9965311859017087
-0.9980553914309802
-0.9989011019693268
-0.9993779508780581
-0.9996461435545299
-0.9997981049440767
-0.9998843272173659
-0.999933464417295
-0.9999615356577611
-0.9999776241337153
-0.9999868689958163
-0.9999921948174338
-0.99999526911953
-0.999997044523693
-0.9999980663385573
-0.9999986451404198
-0.9999989556483406
-0.9999990907460836
-0.9999990907470883
-0.9999989556472362
-0.9999986451408902
-0.9999980663382504
-0.9999970445245364
-0.9999952691190797
-0.9999921948171115
-0.999986868995952
-0.9999776241340508
-0.9999615356578535
-0.9999334644172047
-0.9998843272164113
-0.9997981049442453
-0.999646143554138
-0.9993779508790607
-0.9989011019690333
-0.9980553914309491
-0.9965311859015993
-0.9938263157353225
-0.9888222218909442
-0.9800728470905479
-0.9628690492402247
-0.9346816840850354
-0.8698347016608521
-0.7847834093718217
-0.48922947671554673
-0.3125793164899795
1.590444164589504
0.9625990236471266
22.750614542883316
22.752050689858898
0.9627776186241632
1.5907530680264383
-0.3124518466107285
-0.48912073884768326
-0.7847202624421837
-0.8697899187817821
-0.9346531906877846
-0.9628499398092351
-0.9800604860155137
-0.9888141548196417
-0.9938211646642254
-0.9965279333731902
-0.9980534041463104
-0.9988999386883396
-0.9993773318825259
-0.9996458765551406
-0.9997980690216888
-0.9998844392631611
-0.9999336731170846
-0.9999618055349383
-0.9999779338205539
-0.9999872035462042
-0.9999925455062293
-0.9999956297229361
-0.9999974115374359
-0.9999984371812339
-0.9999990183900261
-0.9999993301929138
-0.9999994659039815
-0.9999994659042837
-0.9999993301930189
-0.999999018390024
-0.9999984371818127
-0.9999974115371562
-0.9999956297230738
-0.999992545505759
-0.9999872035465006
-0.9999779338197134
-0.9999618055360214
-0.9999336731170148
-0.9998844392636003
-0.9997980690214139
-0.9996458765562057
-0.9993773318821064
-0.9988999386889593
-0.9980534041449638
-0.9965279333735638
-0.9938211646628838
-0.9888141548207565
-0.9800604860141315
-0.9628499398095287
-0.9346531906872113
-0.8697899187820203
-0.7847202624429177
-0.4891207388462617
-0.31245184661195263
1.5907530680297368
0.9627776186218013
22.75205068986775
22.752818898051835
0.9628735796839178
1.590919102327082
-0.31238309064543357
-0.4890620174154562
-0.7846860298485707
-0.8697655855093451
-0.9346376309349955
-0.9628394638161528
-0.980053659358839
-0.988809669357815
-0.9938182646893263
-0.9965260771423521
-0.9980522405867134
-0.998899232851763
-0.999376926466705
-0.99964566912558
-0.9997979903181471
-0.9998844450095326
-0.9999337332382106
-0.999961901159903
-0.9999780520621875
-0.9999873364920946
-0.9999926877042519
-0.9999957779082471
-0.9999975634246911
-0.9999985914336456
-0.9999991740387408
-0.9999994866580741
-0.9999996227244452
-0.999999622724483
-0.9999994866566584
-0.9999991740390004
-0.9999985914334325
-0.9999975634246794
-0.9999957779087011
-0.999992687703421
-0.99998733649173
-0.9999780520628799
-0.9999619011598709
-0.9999337332385174
-0.9998844450089743
-0.9997979903181657
-0.9996456691254061
-0.9993769264667463
-0.9988992328517737
-0.9980522405865919
-0.9965260771416041
-0.9938182646902748
-0.9888096693591459
-0.9800536593592335
-0.9628394638161835
-0.9346376309353193
-0.869765585509447
-0.7846860298494961
-0.48906201741459
-0.31238309064624126
1.590919102328447
0.9628735796802022
22.75281889805345
22.753230715640857
0.9629252204345992
1.5910085100587157
-0.31234596670601145
-0.4890302611505108
-0.7846674680341104
-0.8697523545468706
-0.9346291433631229
-0.9628337239939123
-0.9800499018271993
-0.9888071827617866
-0.9938166446266133
-0.99652502681463
-0.9980515717957283
-0.9988988156141554
-0.9993766762988021
-0.9996455286372901
-0.9997979222367772
-0.999884424132262
-0.9999337433539273
-0.9999619313104433
-0.9999780952987911
-0.9999873881058933
-0.9999927447619237
-0.9999958384085512
-0.9999976261438083
-0.9999986555220388
-0.9999992389787797
-0.9999995520729049
-0.9999996883592877
-0.9999996883596236
-0.9999995520730314
-0.9999992389791585
-0.9999986555216233
-0.9999976261434149
-0.9999958384093719
-0.9999927447616836
-0.9999873881065919
-0.9999780952988091
-0.9999619313098547
-0.9999337433542931
-0.9998844241324574
-0.9997979222367022
-0.9996455286370078
-0.9993766762982323
-0.998898815614663
-0.9980515717958227
-0.9965250268147723
-0.9938166446255385
-0.9888071827624345
-0.9800499018261211
-0.9628337239947048
-0.934629143362625
-0.8697523545467383
-0.7846674680341315
-0.48903026114973613
-0.3123459667059384
1.5910085100580655
0.9629252204334567
22.753230715641102
22.75345185515104
0.9629530552841346
1.591056719043043
-0.3123258951481962
-0.4890130738070133
-0.7846573943584315
-0.8697451605463742
-0.9346245129658337
-0.9628305833821678
-0.9800478361500586
-0.9888058093006133
-0.9938157431170757
-0.9965244374233806
-0.9980511913512806
-0.9988985739865812
-0.9993765267774519
-0.9996454401817121
-0.9997978740100659
-0.9998844024645178
-0.9999337390537841
-0.9999619384192844
-0.9999781098093123
-0.9999874074533046
-0.9999927672177082
-0.9999958628803505
-0.9999976518930558
-0.9999986820857248
-0.9999992660376702
-0.9999995794181085
-0.9999997158324019
-0.9999997158325576
-0.9999995794176879
-0.9999992660372194
-0.9999986820862833
-0.9999976518926681
-0.999995862881005
-0.9999927672154679
-0.9999874074531669
-0.9999781098094378
-0.9999619384195927
-0.9999337390550642
-0.9998844024628734
-0.9997978740104674
-0.9996454401810934
-0.999376526778629
-0.998898573986714
-0.9980511913514929
-0.9965244374224749
-0.9938157431173087
-0.9888058093020687
-0.9800478361503989
-0.9628305833826167
-0.9346245129652202
-0.8697451605468018
-0.7846573943586054
-0.4890130738064469
-0.31232589514948184
1.591056719045136
0.962953055281008
22.75345185515887
22.753570801331552
0.9629680779456875
1.5910827496682658
-0.31231503280971107
-0.48900376170392734
-0.7846519247713045
-0.8697412468818867
-0.9346219877016085
-0.9628288654844193
-0.9800467024346322
-0.9888050520347602
-0.9938152434769638
-0.9965241082669798
-0.9980509768956174
-0.9988984357670379
-0.9993764394706446
-0.9996453866279993
-0.9997978428788031
-0.9998843861225298
-0.9999337324865705
-0.9999619382595208
-0.9999781138608272
-0.9999874142448573
-0.9999927757978573
-0.999995872615248
-0.9999976623740594
-0.9999986930371996
-0.9999992772809702
-0.9999995908269987
-0.9999997273183358
-0.9999997273183714
-0.9999995908269543
-0.999999277281163
-0.9999986930368565
-0.9999976623738748
-0.9999958726161227
-0.9999927757986715
-0.9999874142460727
-0.9999781138610412
-0.9999619382599515
-0.9999337324863746
-0.9998843861223803
-0.9997978428787273
-0.9996453866275576
-0.9993764394704869
-0.9988984357656445
-0.9980509768966668
-0.996524108266713
-0.9938152434779759
-0.9888050520330097
-0.9800467024355501
-0.9628288654835772
-0.9346219877025732
-0.8697412468810795
-0.7846519247714125
-0.4890037617026932
-0.31231503281211104
1.5910827496687736
0.9629680779419068
22.753570801334483
22.753634868886245
0.9629761958772531
1.5910968206760505
-0.3123091482728708
-0.4889987125517704
-0.7846489529460041
-0.8697391172711
-0.9346206102859693
-0.9628279263468953
-0.9800460806650341
-0.9888046353150761
-0.9938149672092351
-0.9965239252604308
-0.9980508566939574
-0.9988983574931467
-0.999376389222588
-0.9996453550657882
-0.9997978237381664
-0.9998843752331397
-0.9999337270524244
-0.9999619364303071
-0.9999781144020072
-0.9999874163433013
-0.9999927789130354
-0.9999958763929913
-0.9999976665778182
-0.9999986975141553
-0.9999992819260284
-0.9999995955701937
-0.999999732105378
-0.9999997321055665
-0.9999995955699172
-0.9999992819258896
-0.9999986975144093
-0.9999976665780725
-0.9999958763930267
-0.999992778912907
-0.9999874163429314
-0.9999781144011868
-0.9999619364303429
-0.999933727051372
-0.9998843752335027
-0.9997978237376335
-0.9996453550669165
-0.9993763892220527
-0.998898357495181
-0.998050856692847
-0.9965239252615385
-0.993814967208348
-0.9888046353156931
-0.9800460806651439
-0.9628279263468831
-0.9346206102859533
-0.8697391172708991
-0.7846489529467857
-0.4889987125513333
-0.31230914827405976
1.591096820677281
0.9629761958741725
22.753634868891837
22.753669420919756
0.9629805870782766
1.5911044347170935
-0.3123059579163229
-0.48899597270012274
-0.7846473375246006
-0.8697379579833182
-0.9346198590183332
-0.9628274130331732
-0.9800457399668332
-0.9888044062595925
-0.9938148148009771
-0.9965238238061527
-0.9980507896582542
-0.9988983134645886
-0.999376360631641
-0.9996453367814118
-0.9997978123376314
-0.9998843684120433
-0.9999337232757352
-0.9999619346701953
-0.9999781139746908
-0.9999874167938076
-0.9999927799397357
-0.9999958777970566
-0.9999976682268595
-0.9999986993196748
-0.9999992838288072
-0.9999995975294103
-0.9999997340904565
-0.9999997340902683
-0.9999995975290509
-0.9999992838299097
-0.99999869931964
-0.9999976682269984
-0.9999958777971529
-0.999992779941399
-0.9999874167933342
-0.999978113975015
-0.9999619346698498
-0.9999337232768919
-0.9998843684113019
-0.9997978123392948
-0.9996453367803246
-0.9993763606321753
-0.9988983134632048
-0.9980507896587028
-0.9965238238070642
-0.9938148148007666
-0.9888044062582524
-0.980045739967042
-0.962827413032388
-0.9346198590183062
-0.8697379579829532
-0.7846473375246569
-0.48899597269938
-0.3123059579158147
1.5911044347176189
0.96298058707736
22.75366942091574
22.75368807157905
0.9629829641462001
1.591108557533206
-0.31230422726491336
-0.48899448534415163
-0.7846464591455411
-0.8697373268718844
-0.9346194492947953
-0.9628271326009261
-0.9800455534089425
-0.9888042805217212
-0.9938147308652504
-0.9965237677203158
-0.9980507524086261
-0.9988982888392961
-0.9993763444912926
-0.9996453263258636
-0.9997978056853287
-0.9998843642997401
-0.9999337208561461
-0.9999619333754435
-0.9999781134266075
-0.999987416739228
-0.9999927802115653
-0.9999958782818908
-0.9999976688511749
-0.9999987000331962
-0.9999992845988088
-0.9999995983306204
-0.9999997349073291
-0.9999997349061511
-0.9999995983314018
-0.9999992845977248
-0.9999987000332589
-0.9999976688501617
-0.9999958782825613
-0.9999927802104296
-0.9999874167401555
-0.9999781134259944
-0.9999619333767176
-0.9999337208541847
-0.9998843642998889
-0.999797805685692
-0.9996453263254494
-0.9993763444911374
-0.9988982888399986
-0.9980507524083897
-0.996523767720669
-0.9938147308646954
-0.9888042805227049
-0.9800455534092708
-0.9628271326011282
-0.9346194492940159
-0.8697373268732316
-0.7846464591449596
-0.488994485345133
-0.31230422726579643
1.5911085575334245
0.9629829641396259
22.75368807158914
22.75369813945545
0.9629842507096509
1.5911107895965706
-0.3123032887677161
-0.4889936782141996
-0.7846459818062355
-0.8697369835243651
-0.9346192260506054
-0.9628269795626812
-0.9800454514065047
-0.9888042116221949
-0.9938146847497822
-0.996523736804563
-0.9980507317924192
-0.9988982751378346
-0.9993763354481382
-0.9996453204074958
-0.9997978018638833
-0.9998843618826396
-0.9999337193770191
-0.9999619325230413
-0.9999781129898964
-0.9999874165796196
-0.9999927802332038
-0.999995878425135
-0.9999976690723158
-0.9999987003055772
-0.9999992849015091
-0.999999598653398
-0.9999997352374455
-0.9999997352384754
-0.9999995986530996
-0.999999284903287
-0.999998700304992
-0.99999766907273
-0.9999958784244358
-0.999992780234785
-0.9999874165790799
-0.9999781129897407
-0.9999619325228868
-0.9999337193769622
-0.9998843618835986
-0.999797801865101
-0.9996453204067546
-0.9993763354480574
-0.9988982751381089
-0.99805073179231
-0.9965237368044769
-0.993814684750072
-0.9888042116200957
-0.9800454514066659
-0.9628269795609852
-0.9346192260515642
-0.86973698352352
-0.7846459818070244
-0.48899367821370304
-0.31230328876829205
1.591110789595196
0.962984250706604
22.75369813945761
22.7537035594506
0.9629849450398242
1.5911119944556416
-0.31230278139315026
-0.4889932416031167
-0.7846457232552332
-0.869736797374191
-0.9346191048501012
-0.9628268963664639
-0.9800453958619837
-0.9888041740327278
-0.993814659534659
-0.9965237198546943
-0.9980507204520628
-0.9988982675680277
-0.9993763304235554
-0.9996453170936066
-0.9997977997017009
-0.9998843604918525
-0.999933718503708
-0.9999619319948607
-0.9999781126928156
-0.9999874164357054
-0.9999927801924975
-0.9999958784509724
-0.9999976691422905
-0.9999987004037982
-0.9999992850191077
-0.9999995987808148
-0.9999997353703617
-0.9999997353692294
-0.9999995987805748
-0.9999992850192905
-0.9999987004041695
-0.9999976691418455
-0.9999958784513243
-0.9999927801921086
-0.9999874164363622
-0.9999781126917746
-0.9999619319961994
-0.9999337185017758
-0.9998843604928893
-0.9997977997000326
-0.9996453170945483
-0.9993763304223662
-0.9988982675694397
-0.9980507204514402
-0.9965237198558086
-0.993814659535008
-0.9888041740339052
-0.980045395862767
-0.9628268963666752
-0.934619104849854
-0.8697367973752532
-0.7846457232549775
-0.4889932416034527
-0.31230278139408907
1.591111994456926
0.9629849450371446
22.75370355945565
22.75370644241331
0.9629853151713146
1.591112636886487
-0.31230251050771196
-0.4889930083669555
-0.7846455849877496
-0.8697366977399321
-0.9346190399047949
-0.9628268517353386
-0.9800453660235338
-0.9888041538105913
-0.99381464594261
-0.9965237106988089
-0.9980507143080668
-0.9988982634543982
-0.999376327680364
-0.9996453152748055
-0.9997977985044744
-0.9998843597126036
-0.9999337180050449
-0.9999619316848174
-0.9999781125084672
-0.9999874163353932
-0.9999927801469464
-0.9999958784436322
-0.999997669159131
-0.9999987004378352
-0.9999992850613979
-0.9999995988294914
-0.9999997354205283
-0.9999997354211887
-0.9999995988292067
-0.9999992850623425
-0.9999987004358446
-0.9999976691595946
-0.9999958784428509
-0.999992780149199
-0.9999874163347797
-0.9999781125094247
-0.9999619316838213
-0.9999337180052656
-0.9998843597130259
-0.9997977985040984
-0.9996453152752643
-0.999376327679524
-0.9988982634546961
-0.9980507143089031
-0.9965237106983156
-0.9938146459433217
-0.9888041538084168
-0.9800453660237276
-0.9628268517347571
-0.9346190399058769
-0.8697366977402503
-0.7846455849874558
-0.488993008367237
-0.3123025105071129
1.5911126368832784
0.9629853151706468
22.75370644240867
22.753707907317967
0.962985503590342
1.591112963967836
-0.31230237243415354
-0.48899288943807795
-0.7846455144162237
-0.8697366468559682
-0.9346190067058485
-0.9628268288995276
-0.9800453507398095
-0.988804143437922
-0.9938146389620348
-0.996523705988587
-0.9980507111413347
-0.9988982613286547
-0.9993763262579302
-0.9996453143273185
-0.9997977978766537
-0.999884359301782
-0.999933717738777
-0.9999619315155686
-0.9999781124044931
-0.9999874162746976
-0.9999927801168907
-0.9999958784313281
-0.9999976691598524
-0.9999987004450522
-0.999999285075764
-0.9999995988452389
-0.9999997354399286
-0.9999997354388734
-0.9999995988468313
-0.9999992850751686
-0.9999987004460411
-0.9999976691590973
-0.9999958784317531
-0.9999927801164316
-0.999987416274516
-0.9999781124038929
-0.9999619315146547
-0.9999337177388785
-0.9998843593002791
-0.9997977978771841
-0.9996453143273589
-0.9993763262580142
-0.9988982613288487
-0.998050711142055
-0.9965237059890537
-0.9938146389625755
-0.9888041434382755
-0.9800453507390401
-0.9628268289011533
-0.9346190067041786
-0.8697366468569754
-0.7846455144154609
-0.48899288943748476
-0.31230237243503245
1.5911129639680608
0.9629855035890238
22.753707907322934
22.753708521193204
0.9629855826469729
1.591113101222248
-0.3123023144533431
-0.48899283947963784
-0.7846454847555169
-0.8697366254587142
-0.934618992736542
-0.9628268192857904
-0.9800453443007295
-0.9888041390655138
-0.9938146360163828
-0.9965237039983641
-0.9980507098020585
-0.9988982604275798
-0.9993763256543294
-0.9996453139237856
-0.9997977976093351
-0.9998843591247837
-0.999933717622578
-0.9999619314419561
-0.9999781123576674
-0.9999874162477373
-0.999992780100731
-0.9999958784244289
-0.999997669157904
-0.9999987004480797
-0.9999992850797783
-0.9999995988514522
-0.999999735446005
-0.9999997354453686
-0.9999995988520523
-0.9999992850797621
-0.9999987004476669
-0.999997669157533
-0.9999958784253757
-0.9999927801010233
-0.9999874162471247
-0.999978112357574
-0.9999619314422721
-0.9999337176229685
-0.9998843591241464
-0.9997977976094639
-0.9996453139241352
-0.9993763256546119
-0.9988982604263077
-0.998050709803887
-0.9965237039977339
-0.9938146360179367
-0.9888041390630422
-0.9800453443011219
-0.9628268192868221
-0.9346189927351338
-0.8697366254600478
-0.7846454847539928
-0.488992839480236
-0.3123023144536241
1.5911131012212893
0.9629855826471421
22.753708521194334
22.753708521196316
0.9629855826462259
1.5911131012228528
-0.3123023144539302
-0.48899283947957495
-0.7846454847560069
-0.8697366254584834
-0.9346189927362198
-0.9628268192859103
-0.9800453443007212
-0.9888041390659001
-0.9938146360162863
-0.9965237039983975
-0.9980507098019704
-0.9988982604268812
-0.9993763256543731
-0.9996453139234727
-0.9997977976097202
-0.9998843591229292
-0.9999337176228522
-0.9999619314411959
-0.999978112358315
-0.999987416247373
-0.999992780100448
-0.9999958784244964
-0.999997669158595
-0.9999987004486683
-0.9999992850799972
-0.9999995988521413
-0.9999997354457681
-0.9999997354458883
-0.9999995988518939
-0.9999992850803143
-0.9999987004473927
-0.9999976691585541
-0.9999958784248121
-0.9999927801013988
-0.9999874162475293
-0.9999781123584464
-0.999961931441834
-0.9999337176227866
-0.9998843591249585
-0.9997977976090531
-0.9996453139242611
-0.9993763256526635
-0.9988982604273373
-0.9980507098023667
-0.9965237039981424
-0.9938146360161815
-0.988804139063863
-0.9800453443008303
-0.9628268192861177
-0.9346189927363928
-0.8697366254595313
-0.7846454847557569
-0.48899283947943284
-0.3123023144538096
1.5911131012200501
0.9629855826482154
22.753708521190763
22.753707907314663
0.9629855035885194
1.5911129639669173
-0.3123023724342865
-0.48899288943823327
-0.7846455144165163
-0.8697366468558299
-0.9346190067058284
-0.9628268288996094
-0.9800453507398981
-0.9888041434376922
-0.9938146389621683
-0.9965237059886004
-0.9980507111418986
-0.9988982613284265
-0.9993763262581212
-0.9996453143266879
-0.9997977978768909
-0.9998843593003396
-0.9999337177389663
-0.9999619315152601
-0.9999781124047809
-0.9999874162747351
-0.9999927801167241
-0.9999958784314342
-0.9999976691598305
-0.9999987004449407
-0.9999992850754003
-0.9999995988456372
-0.9999997354399197
-0.9999997354381893
-0.9999995988467757
-0.9999992850754764
-0.999998700445892
-0.9999976691595149
-0.9999958784314193
-0.9999927801166941
-0.9999874162744528
-0.9999781124041089
-0.9999619315150317
-0.9999337177382982
-0.9998843593011646
-0.9997977978760688
-0.9996453143279118
-0.9993763262572883
-0.9988982613296071
-0.9980507111419163
-0.9965237059886194
-0.993814638962929
-0.988804143437997
-0.980045350740008
-0.9628268288997696
-0.934619006705123
-0.8697366468565875
-0.7846455144155702
-0.48899288943857167
-0.3123023724337579
1.5911129639678694
0.9629855035892183
22.75370790732027
22.75370644241604
0.962985315164919
1.5911126368876718
-0.3123025105091846
-0.48899300836666504
-0.7846455849878247
-0.8697366977398546
-0.9346190399049246
-0.9628268517353089
-0.9800453660240274
-0.9888041538108179
-0.9938146459426427
-0.9965237106992582
-0.9980507143078112
-0.9988982634548043
-0.9993763276800249
-0.9996453152743634
-0.9997977985040246
-0.9998843597122171
-0.9999337180054106
-0.9999619316849606
-0.9999781125085024
-0.999987416335627
-0.9999927801469104
-0.999995878443777
-0.9999976691590653
-0.9999987004370043
-0.9999992850612571
-0.9999995988283152
-0.9999997354208956
-0.9999997354206491
-0.9999995988297858
-0.9999992850614554
-0.9999987004363915
-0.9999976691591399
-0.9999958784434456
-0.9999927801483117
-0.9999874163349524
-0.9999781125084959
-0.9999619316848499
-0.9999337180054331
-0.9998843597128114
-0.999797798504842
-0.9996453152747774
-0.9993763276801958
-0.9988982634545921
-0.9980507143085015
-0.9965237106976104
-0.9938146459430397
-0.988804153807369
-0.9800453660242113
-0.962826851734039
-0.9346190399055796
-0.869736697739645
-0.7846455849871369
-0.4889930083672923
-0.31230251050777547
1.5911126368847195
0.9629853151685321
22.753706442410078
22.753703559450393
0.9629849450305706
1.5911119944533945
-0.31230278139461454
-0.48899324160312874
-0.7846457232557659
-0.8697367973738694
-0.9346191048501977
-0.9628268963660016
-0.9800453958626404
-0.9888041740327316
-0.9938146595347008
-0.9965237198550365
-0.998050720452005
-0.9988982675686195
-0.9993763304230714
-0.9996453170940242
-0.9997977997024248
-0.9998843604917127
-0.9999337185042461
-0.9999619319945241
-0.9999781126933898
-0.9999874164351545
-0.9999927801926147
-0.9999958784509595
-0.9999976691428287
-0.99999870040391
-0.999999285019376
-0.9999995987809049
-0.9999997353709742
-0.999999735369089
-0.999999598780924
-0.999999285018756
-0.999998700404781
-0.9999976691420482
-0.9999958784511639
-0.9999927801925379
-0.99998741643581
-0.9999781126928933
-0.9999619319956292
-0.9999337185019569
-0.9998843604924375
-0.9997977997013077
-0.9996453170945714
-0.9993763304218986
-0.9988982675696381
-0.9980507204504703
-0.9965237198563357
-0.9938146595348085
-0.9888041740339981
-0.9800453958633442
-0.9628268963668335
-0.9346191048497785
-0.8697367973747623
-0.7846457232554443
-0.4889932416037489
-0.3123027813946946
1.5911119944555996
0.9629849450331601
22.75370355945062
22.753698139462244
0.9629842506988353
1.5911107895961663
-0.31230328877044217
-0.4889936782140807
-0.7846459818064524
-0.8697369835243669
-0.9346192260503757
-0.9628269795623714
-0.9800454514064123
-0.9888042116225687
-0.9938146847495071
-0.996523736804609
-0.9980507317927624
-0.9988982751383348
-0.999376335448309
-0.9996453204067361
-0.999797801864456
-0.9998843618822753
-0.9999337193770006
-0.9999619325229965
-0.9999781129896635
-0.9999874165796626
-0.9999927802325435
-0.9999958784255862
-0.9999976690712872
-0.9999987003051778
-0.9999992849011796
-0.9999995986536018
-0.999999735237502
-0.9999997352377145
-0.9999995986532083
-0.999999284903665
-0.9999987003045888
-0.9999976690728352
-0.9999958784245536
-0.9999927802349748
-0.9999874165782664
-0.9999781129901752
-0.9999619325226008
-0.9999337193769199
-0.9998843618834505
-0.9997978018651636
-0.9996453204067235
-0.9993763354482197
-0.9988982751376412
-0.9980507317937188
-0.9965237368042814
-0.9938146847505156
-0.9888042116191744
-0.980045451407384
-0.9628269795606539
-0.934619226051375
-0.869736983523477
-0.7846459818061625
-0.48899367821470235
-0.3123032887678761
1.5911107895946148
0.9629842507058535
22.753698139448495
22.753688071576384
0.9629829641377868
1.5911085575323891
-0.31230422726714047
-0.488994485344185
-0.7846464591463607
-0.8697373268722091
-0.9346194492946975
-0.9628271326005391
-0.9800455534087344
-0.9888042805217508
-0.9938147308648566
-0.9965237677206724
-0.9980507524084036
-0.9988982888389355
-0.9993763444911945
-0.9996453263252061
-0.9997978056863888
-0.9998843642991202
-0.999933720856857
-0.9999619333750638
-0.9999781134273336
-0.9999874167394832
-0.9999927802121266
-0.9999958782824052
-0.9999976688508148
-0.9999987000333747
-0.9999992845985236
-0.9999995983312182
-0.9999997349074767
-0.9999997349061103
-0.9999995983320165
-0.9999992845978207
-0.9999987000333441
-0.9999976688502454
-0.9999958782820657
-0.9999927802107513
-0.9999874167394213
-0.9999781134260353
-0.9999619333764534
-0.999933720854197
-0.9998843643002447
-0.9997978056844746
-0.9996453263265124
-0.9993763444911012
-0.9988982888404105
-0.9980507524078213
-0.9965237677200789
-0.9938147308647376
-0.9888042805219801
-0.9800455534099745
-0.9628271326011556
-0.9346194492946653
-0.8697373268727845
-0.7846464591458339
-0.48899448534622514
-0.31230422726595075
1.5911085575303299
0.9629829641396892
22.753688071586325
22.753669420919728
0.962980587071938
1.5911044347192125
-0.3123059579186621
-0.48899597269984607
-0.7846473375261636
-0.869737957983083
-0.9346198590187389
-0.9628274130326562
-0.9800457399669755
-0.9888044062597359
-0.9938148148002344
-0.9965238238071035
-0.9980507896578914
-0.9988983134647782
-0.999376360631409
-0.9996453367825442
-0.9997978123375897
-0.9998843684119667
-0.9999337232753904
-0.9999619346703406
-0.999978113974815
-0.9999874167935978
-0.9999927799393551
-0.999995877797734
-0.9999976682269337
-0.9999986993200043
-0.9999992838289762
-0.9999995975300191
-0.9999997340907587
-0.9999997340903507
-0.9999995975297642
-0.9999992838297477
-0.9999986993196457
-0.9999976682266676
-0.9999958777965563
-0.9999927799420072
-0.9999874167935815
-0.9999781139758499
-0.9999619346693873
-0.9999337232768366
-0.9998843684116376
-0.9997978123388083
-0.9996453367807373
-0.999376360630756
-0.9988983134632401
-0.9980507896582886
-0.9965238238069634
-0.9938148148014787
-0.9888044062576777
-0.9800457399682259
-0.9628274130316201
-0.9346198590193127
-0.8697379579824523
-0.7846473375262981
-0.4889959726983861
-0.31230595791747306
1.5911044347168146
0.9629805870761383
22.753669420911763
22.753634868883697
0.9629761958661838
1.5910968206762282
-0.31230914827543466
-0.4889987125514663
-0.784648952946569
-0.8697391172704819
-0.9346206102869359
-0.9628279263461983
-0.9800460806652376
-0.9888046353140061
-0.9938149672092089
-0.9965239252605304
-0.9980508566941997
-0.9988983574932262
-0.9993763892224548
-0.9996453550659044
-0.9997978237379871
-0.999884375233421
-0.99993372705244
-0.9999619364309098
-0.9999781144018649
-0.9999874163434956
-0.9999927789140324
-0.9999958763935752
-0.999997666577565
-0.9999986975133919
-0.9999992819264251
-0.9999995955699197
-0.9999997321058407
-0.9999997321045946
-0.999999595570381
-0.9999992819251657
-0.9999986975145213
-0.9999976665771767
-0.9999958763936343
-0.9999927789112413
-0.9999874163428502
-0.9999781144010054
-0.9999619364313379
-0.9999337270523039
-0.9998843752333306
-0.9997978237373493
-0.9996453550664239
-0.9993763892230835
-0.998898357493768
-0.9980508566941971
-0.9965239252600426
-0.9938149672083185
-0.9888046353161749
-0.9800460806652121
-0.9628279263472039
-0.9346206102852339
-0.8697391172724391
-0.7846489529450238
-0.4889987125522638
-0.3123091482729805
1.5910968206763068
0.9629761958748668
22.75363486887713
22.75357080133795
0.9629680779340627
1.5910827496687014
-0.31231503281154466
-0.4890037617031182
-0.7846519247723602
-0.8697412468817658
-0.9346219877022277
-0.9628288654843793
-0.9800467024349405
-0.9888050520358351
-0.99381524347649
-0.9965241082673172
-0.9980509768956857
-0.9988984357675899
-0.9993764394710185
-0.9996453866278316
-0.9997978428795689
-0.9998843861219449
-0.9999337324871926
-0.999961938259428
-0.9999781138610877
-0.9999874142445089
-0.9999927757971263
-0.9999958726156791
-0.9999976623736618
-0.9999986930378847
-0.9999992772801304
-0.9999995908278017
-0.9999997273178853
-0.9999997273183748
-0.9999995908274117
-0.9999992772814124
-0.9999986930366344
-0.9999976623740765
-0.9999958726159497
-0.9999927757994338
-0.9999874142448972
-0.9999781138614248
-0.999961938258712
-0.9999337324873496
-0.9998843861221793
-0.9997978428788067
-0.9996453866286226
-0.9993764394698169
-0.9988984357664206
-0.9980509768964694
-0.9965241082663479
-0.9938152434775351
-0.9888050520326361
-0.9800467024355759
-0.9628288654839054
-0.9346219877028653
-0.8697412468803756
-0.7846519247713521
-0.48900376170317217
-0.31231503281077033
1.5910827496672082
0.9629680779425412
22.75357080132681
22.75345185515563
0.9629530552741465
1.5910567190401412
-0.312325895148291
-0.48901307380728265
-0.7846573943586765
-0.8697451605467535
-0.9346245129657775
-0.9628305833824993
-0.9800478361497331
-0.9888058093010069
-0.9938157431157695
-0.9965244374243316
-0.9980511913512662
-0.9988985739867551
-0.999376526777087
-0.9996454401810436
-0.9997978740104834
-0.9998844024635132
-0.9999337390536143
-0.9999619384185516
-0.9999781098096006
-0.9999874074531885
-0.9999927672172584
-0.9999958628810962
-0.9999976518929372
-0.9999986820861861
-0.9999992660381494
-0.999999579418605
-0.9999997158328954
-0.9999997158323667
-0.9999995794180568
-0.9999992660372017
-0.9999986820867725
-0.9999976518930005
-0.9999958628809826
-0.9999927672156966
-0.9999874074524997
-0.9999781098095202
-0.9999619384193716
-0.9999337390541526
-0.9998844024631321
-0.9997978740100508
-0.999645440181452
-0.9993765267771181
-0.9988985739870064
-0.9980511913506207
-0.9965244374230392
-0.9938157431165218
-0.9888058093029553
-0.9800478361507323
-0.9628305833825164
-0.9346245129653961
-0.8697451605462052
-0.784657394359803
-0.4890130738066514
-0.3123258951490068
1.5910567190436615
0.9629530552766192
22.753451855156555
22.753230715642502
0.9629252204247477
1.591008510055786
-0.3123459667064846
-0.48903026115108067
-0.7846674680346514
-0.8697523545474686
-0.9346291433637539
-0.9628337239941294
-0.9800499018275048
-0.9888071827631277
-0.9938166446268515
-0.9965250268153614
-0.9980515717957412
-0.9988988156150884
-0.9993766762986829
-0.9996455286368997
-0.9997979222367233
-0.9998844241324658
-0.9999337433538213
-0.9999619313107557
-0.9999780952988534
-0.9999873881060686
-0.9999927447610779
-0.9999958384087277
-0.9999976261434891
-0.9999986555214413
-0.9999992389784937
-0.9999995520718183
-0.9999996883598354
-0.9999996883592026
-0.9999995520734318
-0.9999992389784407
-0.9999986555217262
-0.9999976261425922
-0.9999958384091326
-0.9999927447615493
-0.9999873881061908
-0.9999780952986661
-0.9999619313108588
-0.999933743354189
-0.999884424132298
-0.9997979222362602
-0.9996455286379338
-0.9993766762978902
-0.9988988156146126
-0.9980515717959993
-0.9965250268141921
-0.9938166446263732
-0.9888071827613114
-0.9800499018268756
-0.9628337239938406
-0.9346291433626859
-0.8697523545472561
-0.7846674680338035
-0.4890302611502021
-0.31234596670653436
1.5910085100577755
0.9629252204289349
22.75323071564369
22.75281889807401
0.9628735796760497
1.5909191023301492
-0.31238309064793546
-0.489062017414695
-0.784686029850129
-0.8697655855094887
-0.9346376309351401
-0.9628394638157034
-0.9800536593588989
-0.98880966935772
-0.9938182646884284
-0.9965260771422886
-0.9980522405858722
-0.9988992328521461
-0.9993769264657231
-0.9996456691259614
-0.9997979903184537
-0.999884445009819
-0.9999337332386347
-0.9999619011595597
-0.9999780520616328
-0.9999873364922744
-0.9999926877038063
-0.9999957779090296
-0.9999975634242699
-0.9999985914342253
-0.9999991740388401
-0.9999994866589287
-0.9999996227243995
-0.9999996227242807
-0.999999486656752
-0.9999991740385169
-0.9999985914330345
-0.9999975634251262
-0.9999957779085615
-0.9999926877038583
-0.9999873364916338
-0.9999780520628632
-0.999961901159109
-0.9999337332385132
-0.9998844450078449
-0.999797990317761
-0.9996456691250182
-0.9993769264666562
-0.9988992328528838
-0.9980522405852126
-0.9965260771429613
-0.9938182646891458
-0.9888096693603982
-0.9800536593589237
-0.9628394638165665
-0.9346376309348672
-0.8697655855090451
-0.784686029849671
-0.48906201741480804
-0.31238309064631553
1.5909191023272236
0.9628735796817356
22.752818898056816
22.75205068984893
0.9627776186216529
1.5907530680236048
-0.3124518466125471
-0.4891207388494485
-0.7847202624425289
-0.8697899187819118
-0.9346531906879565
-0.9628499398092543
-0.9800604860165667
-0.9888141548189122
-0.9938211646645507
-0.996527933372884
-0.9980534041465565
-0.9988999386884698
-0.9993773318827914
-0.9996458765555414
-0.9997980690222659
-0.999884439263145
-0.9999336731169569
-0.9999618055347572
-0.9999779338209686
-0.9999872035464423
-0.9999925455065598
-0.9999956297230749
-0.9999974115386737
-0.9999984371810362
-0.999999018390267
-0.9999993301929611
-0.9999994659042134
-0.9999994659033964
-0.9999993301932384
-0.9999990183896798
-0.9999984371818202
-0.9999974115372785
-0.9999956297237218
-0.9999925455050411
-0.9999872035465776
-0.9999779338194472
-0.9999618055366093
-0.9999336731175884
-0.9998844392637904
-0.9997980690218037
-0.9996458765564573
-0.9993773318825128
-0.9988999386874786
-0.9980534041454168
-0.9965279333734929
-0.9938211646632982
-0.9888141548198479
-0.9800604860149776
-0.9628499398101266
-0.9346531906867241
-0.869789918782893
-0.7847202624408365
-0.48912073884785334
-0.31245184661017233
1.5907530680277162
0.9627776186246988
22.75205068985153
22.75061454289609
0.9625990236435233
1.5904441645928946
-0.3125793164908806
-0.48922947671436345
-0.7847834093710566
-0.8698347016628545
-0.9346816840844083
-0.9628690492416891
-0.9800728470884053
-0.9888222218908014
-0.993826315733167
-0.9965311859023773
-0.9980553914300736
-0.9989011019698926
-0.9993779508780147
-0.9996461435546233
-0.9997981049439342
-0.9998843272171585
-0.9999334644177557
-0.9999615356579012
-0.9999776241333366
-0.9999868689955271
-0.9999921948164318
-0.9999952691201583
-0.9999970445230103
-0.9999980663382644
-0.9999986451403263
-0.9999989556482811
-0.9999990907458125
-0.9999990907471044
-0.9999989556468124
-0.9999986451408068
-0.9999980663380084
-0.9999970445251285
-0.9999952691189788
-0.9999921948175119
-0.9999868689954172
-0.9999776241344427
-0.9999615356579675
-0.9999334644172581
-0.9998843272162314
-0.9997981049446424
-0.9996461435532021
-0.9993779508791714
-0.9989011019687725
-0.99805539143221
-0.9965311859012719
-0.9938263157360253
-0.9888222218902203
-0.9800728470921438
-0.9628690492387251
-0.9346816840860521
-0.8698347016594896
-0.7847834093715782
-0.4892294767149221
-0.3125793164904287
1.5904441645930008
0.9625990236480462
22.750614542889856
22.74792423190177
0.9622659128081577
1.5898685892301434
-0.3128160823106715
-0.48943096357976246
-0.7849000406953813
-0.8699170589184251
-0.9347338701310226
-0.9629038012577289
-0.9800951849906561
-0.9888366252720957
-0.9938354031169809
-0.9965367890575181
-0.9980587141570926
-0.9989029249351424
-0.9993788063493217
-0.9996463643635183
-0.9997979216423778
-0.9998838797882963
-0.9999328510935122
-0.9999608142108299
-0.9999768357973361
-0.9999860371051048
-0.9999913364534149
-0.9999943935043711
-0.9999961586695141
-0.9999971738455361
-0.9999977489060138
-0.9999980571670958
-0.999998191332568
-0.9999981913319984
-0.9999980571673686
-0.9999977489048778
-0.9999971738474536
-0.9999961586686497
-0.9999943935048733
-0.9999913364519804
-0.9999860371064928
-0.9999768357965877
-0.9999608142130259
-0.9999328510922383
-0.9998838797878763
-0.9997979216409059
-0.9996463643633595
-0.9993788063489484
-0.9989029249367651
-0.9980587141547613
-0.9965367890593178
-0.9938354031141399
-0.9888366252736638
-0.9800951849889676
-0.962903801258157
-0.9347338701294698
-0.8699170589193798
-0.7849000406949824
-0.4894309635801233
-0.31281608231078506
1.5898685892331224
0.9622659128064806
22.74792423191327
22.742869182637342
0.9616434824068519
1.5887932747846838
-0.3132562436190072
-0.48980510970985824
-0.7851153454456028
-0.8700686897972221
-0.9348291772505612
-0.962966951988987
-0.9801352689767564
-0.9888622146230965
-0.993851179409555
-0.9965462795759497
-0.998064029625269
-0.9989055763150056
-0.9993797031375353
-0.9996461543242934
-0.9997969861011177
-0.9998824933024728
-0.9999311697078098
-0.9999589526367738
-0.9999748563299435
-0.9999839870186215
-0.9999892399831516
-0.9999922699220163
-0.9999940171785515
-0.999995022270319
-0.999995590766358
-0.999995895722578
-0.9999960282429212
-0.9999960282444557
-0.9999958957211412
-0.9999955907673725
-0.9999950222693859
-0.9999940171783486
-0.9999922699207117
-0.9999892399833827
-0.9999839870179189
-0.9999748563316587
-0.9999589526350112
-0.9999311697106736
-0.9998824933005903
-0.9997969861043794
-0.9996461543227033
-0.9993797031391372
-0.9989055763136058
-0.998064029625386
-0.996546279575866
-0.9938511794086553
-0.9888622146244376
-0.9801352689769391
-0.9629669519882885
-0.9348291772506163
-0.8700686897975667
-0.7851153454466548
-0.48980510971018115
-0.3132562436180767
1.5887932747822817
0.9616434824078672
22.742869182621803
22.73334840443251
0.9604767147405544
1.5867812514073734
-0.3140769472392654
-0.49049986830611625
-0.7855136719818073
-0.8703471539199341
-0.9350033381443525
-0.9630809216753293
-0.980206984225138
-0.9889069746152707
-0.9938782177029124
-0.9965617223360579
-0.9980720650047851
-0.9989087429434316
-0.9993798219355783
-0.9996442703546159
-0.9997938723771442
-0.9998785713610772
-0.999926761634376
-0.9999542241537851
-0.9999699395528661
-0.99997894525145
-0.9999841267640459
-0.9999871086905496
-0.999988829477792
-0.999989816588257
-0.9999903757983124
-0.999990674792787
-0.9999908050607342
-0.999990805059854
-0.9999906747923091
-0.9999903757964217
-0.9999898165895883
-0.9999888294774848
-0.9999871086921395
-0.9999841267625815
-0.9999789452527671
-0.9999699395510739
-0.999954224154965
-0.9999267616322087
-0.9998785713607404
-0.9997938723756423
-0.999644270354137
-0.9993798219351645
-0.9989087429448897
-0.9980720650044406
-0.99656172233761
-0.9938782177027756
-0.9889069746176258
-0.9802069842238446
-0.9630809216772764
-0.935003338142764
-0.8703471539202684
-0.7855136719809404
-0.4904998683074049
-0.31407694723997487
1.5867812514101707
0.9604767147320905
22.733348404444953
22.71533326320582
0.958285414716606
1.5830004123891155
-0.3156073579474703
-0.4917948370936499
-0.7862487189477221
-0.8708598061253867
-0.9353193437982432
-0.9632865057511751
-0.9803332852685585
-0.9889845961467336
-0.993922827112833
-0.9965858099784255
-0.9980824754849769
-0.9989107456388685
-0.999376249763074
-0.9996373371920708
-0.9997847094775485
-0.9998680956175798
-0.9999154103219356
-0.9999423712228707
-0.9999577484333547
-0.9999665665252888
-0.9999716192673661
-0.9999745325701541
-0.9999762050790785
-0.9999771678796815
-0.9999777098026434
-0.9999780011563211
-0.9999781271514776
-0.9999781271541487
-0.9999780011555026
-0.9999777098040585
-0.9999771678789543
-0.9999762050791217
-0.9999745325697502
-0.9999716192674928
-0.9999665665243616
-0.999957748433419
-0.9999423712225173
-0.9999154103233737
-0.999868095616909
-0.9997847094790218
-0.9996373371926606
-0.9993762497646576
-0.99891074563858
-0.9980824754846938
-0.9965858099772833
-0.9939228271132353
-0.988984596144795
-0.9803332852682898
-0.963286505749424
-0.9353193437996588
-0.8708598061251311
-0.7862487189501136
-0.49179483709133853
-0.31560735794859607
1.5830004123901926
0.9582854147117772
22.715333263221215
22.68116401804224
0.9541480705010204
1.57588926404452
-0.31847667183825246
-0.4942034007141122
-0.7876113844215971
-0.8717967919453637
-0.9358940902078842
-0.9636513310013783
-0.9805548248486127
-0.9891142420985812
-0.9939942437120823
-0.9966188012155703
-0.9980920409418033
-0.9989047003362683
-0.999360977310862
-0.9996158701189903
-0.9997596925688836
-0.999840670232816
-0.9998866506309888
-0.9999126912590619
-0.9999275780130643
-0.9999360494140648
-0.9999409258342815
-0.9999437100595667
-0.9999453207784288
-0.9999462364532248
-0.9999467578371561
-0.9999470338358806
-0.9999471550384545
-0.9999471550389631
-0.9999470338347434
-0.9999467578365748
-0.9999462364533718
-0.9999453207777769
-0.9999437100599238
-0.9999409258318219
-0.9999360494151002
-0.9999275780132457
-0.9999126912599126
-0.9998866506300083
-0.9998406702322256
-0.9997596925679639
-0.9996158701188038
-0.9993609773091365
-0.9989047003375557
-0.9980920409412477
-0.9966188012152043
-0.9939942437117002
-0.9891142421011128
-0.980554824848775
-0.9636513310030426
-0.9358940902075226
-0.8717967919453746
-0.7876113844216823
-0.4942034007128345
-0.31847667184098843
1.5758892640490552
0.9541480704947236
22.68116401804856
22.615831866941075
0.9463266322845347
1.5624078989659933
-0.32384217590243614
-0.49871833626993817
-0.7901167820590641
-0.8735204172047693
-0.9369206551274453
-0.9642998530887141
-0.9809284357149145
-0.9893268973539862
-0.9940958201067149
-0.9966553882430116
-0.9980842248567727
-0.9988715508477745
-0.9993104235662913
-0.9995557258528489
-0.9996928620054648
-0.9997703022809987
-0.9998137587442677
-0.99983852531782
-0.9998524726221123
-0.9998604954372505
-0.9998650257502009
-0.9998676557557528
-0.9998691401931563
-0.9998700045983859
-0.9998704816431923
-0.9998707424263511
-0.9998708527815922
-0.999870852782681
-0.9998707424259646
-0.9998704816441086
-0.9998700045990783
-0.9998691401935544
-0.9998676557566322
-0.9998650257518793
-0.9998604954388011
-0.999852472623676
-0.9998385253169597
-0.9998137587457914
-0.9997703022799649
-0.9996928620060339
-0.9995557258519335
-0.999310423565218
-0.9988715508486988
-0.9980842248566528
-0.9966553882437412
-0.9940958201061982
-0.9893268973538125
-0.9809284357128596
-0.9642998530888099
-0.9369206551270026
-0.8735204172041926
-0.7901167820587525
-0.49871833626966844
-0.32384217590372744
1.5624078989642476
0.94632663228243
22.615831866937043
22.490778434113317
0.9313895210647467
1.5368975548384907
-0.33399298316012793
-0.5071088656227045
-0.7947761321852894
-0.8766277903010754
-0.9387701052051208
-0.9654044846561396
-0.9815549120413335
-0.9896379071642876
-0.9942220770235404
-0.9966547863498095
-0.9980135074253813
-0.9987514505485159
-0.999164403229114
-0.9993909465364537
-0.9995187500007965
-0.9995891988956919
-0.9996293760414028
-0.9996515739222002
-0.9996643948256179
-0.9996714829172189
-0.999675635089631
-0.9996779269412692
-0.9996792878972343
-0.9996800314493326
-0.9996804702783726
-0.9996806921800768
-0.9996807940883794
-0.9996807940887594
-0.9996806921792502
-0.9996804702776471
-0.9996800314500589
-0.9996792878972589
-0.9996779269421698
-0.9996756350873051
-0.9996714829162325
-0.99966439482578
-0.9996515739214409
-0.9996293760433923
-0.9995891988931097
-0.9995187500027993
-0.9993909465366863
-0.9991644032318849
-0.9987514505488587
-0.9980135074254703
-0.996654786349676
-0.9942220770235755
-0.98963790716686
-0.9815549120410524
-0.9654044846580421
-0.9387701052048221
-0.8766277903025357
-0.7947761321873055
-0.5071088656227078
-0.33399298316155845
1.5368975548396784
0.9313895210592755
22.490778434117964
22.247508844539873
0.9029225051062537
1.4877915762380036
-0.35297791007114454
-0.5229987082432113
-0.8032279171188725
-0.8823345865371425
-0.9419392865157301
-0.9673042941835412
-0.9824855978314062
-0.9900586277079894
-0.9942674312587257
-0.9965078333218966
-0.9977233987177895
-0.9983917671589639
-0.9987512235923512
-0.9989533882440563
-0.9990615556211742
-0.9991236838290138
-0.9991567509439532
-0.9991761723358983
-0.9991864415706804
-0.9991926227376693
-0.999195863018703
-0.9991978656884127
-0.9991989016370844
-0.9991995562704659
-0.9991998827412026
-0.9992000801661152
-0.9992001547921032
-0.9992001547917047
-0.9992000801672776
-0.9991998827409236
-0.9991995562714622
-0.9991989016356342
-0.9991978656905137
-0.9991958630205061
-0.999192622740474
-0.9991864415696422
-0.9991761723370239
-0.9991567509429569
-0.9991236838303865
-0.9990615556212304
-0.9989533882439654
-0.9987512235901239
-0.9983917671578805
-0.9977233987188532
-0.9965078333225197
-0.9942674312592648
-0.9900586277061565
-0.9824855978307248
-0.9673042941840178
-0.9419392865152354
-0.8823345865373142
-0.8032279171188885
-0.5229987082434695
-0.35297791007441903
1.4877915762403466
0.90292250509512
22.247508844564575
21.77656281496374
0.8474063421937299
1.3943737297945926
-0.389533602743514
-0.5522338846021656
-0.8190532652334144
-0.8922120221690888
-0.9475271786416616
-0.9701609371269635
-0.983825445935774
-0.9902970356508718
-0.9939674111099644
-0.9957877259097689
-0.9968167156988482
-0.9973299735918613
-0.9976265395620966
-0.9977726375337784
-0.9978601157558782
-0.9979022612575327
-0.9979286581263042
-0.9979410176101229
-0.9979491736455594
-0.9979528678472024
-0.9979554508834321
-0.9979565773037831
-0.9979574141853592
-0.9979577617537871
-0.997958031201026
-0.9979581310393927
-0.9979581938315619
-0.997958193833252
-0.9979581310373791
-0.9979580312018108
-0.9979577617528081
-0.997957414186512
-0.9979565773016768
-0.9979554508812574
-0.9979528678449634
-0.9979491736459931
-0.9979410176102481
-0.9979286581259497
-0.9979022612561828
-0.9978601157554341
-0.997772637533895
-0.9976265395650199
-0.9973299735940309
-0.9968167156985155
-0.9957877259087576
-0.9939674111098393
-0.9902970356507934
-0.9838254459379028
-0.9701609371235322
-0.9475271786425545
-0.8922120221684591
-0.8190532652373019
-0.5522338846031546
-0.3895336027451574
1.394373729792934
0.8474063421894094
21.776562814958766
20.82933884521407
0.7407561826507274
1.2088610838150102
-0.4571151573592873
-0.6088603550440503
-0.8464504610649137
-0.9102936873908436
-0.955881408965281
-0.9745469326699427
-0.9846753210462386
-0.9897063194639536
-0.9920859941844793
-0.9934195728578299
-0.9939849114320211
-0.994340429397305
-0.9944731010259394
-0.9945694145119004
-0.9945996366851111
-0.9946263317166022
-0.9946328674930944
-0.9946404823585753
-0.9946417672732126
-0.9946440164004525
-0.994644218768538
-0.9946449105149922
-0.994644920332023
-0.9946451409608201
-0.9946451300533137
-0.9946451965674685
-0.9946451920576329
-0.9946451920571522
-0.9946451965699827
-0.9946451300526691
-0.9946451409635371
-0.9946449203311795
-0.9946449105172734
-0.9946442187684896
-0.9946440164031374
-0.994641767271784
-0.9946404823593189
-0.9946328674942054
-0.9946263317187173
-0.9945996366863826
-0.9945694145127425
-0.9944731010238349
-0.9943404293968988
-0.993984911430221
-0.9934195728615753
-0.9920859941806552
-0.9897063194649438
-0.984675321042554
-0.9745469326725757
-0.9558814089634694
-0.9102936873941265
-0.8464504610639176
-0.6088603550445053
-0.45711515736007324
1.20886108382056
0.7407561826446685
20.829338845227916
18.975820368800726
0.5226754340723321
0.8571510114199923
-0.5928945231636078
-0.7084099722808512
-0.8986574668404006
-0.9372890400505633
-0.9694130855652924
-0.9773851385982886
-0.9833792234427428
-0.9844127709164578
-0.985522657217627
-0.9854376134444505
-0.9856190718097508
-0.9854839802792408
-0.9855019678952259
-0.9854309041975704
-0.9854269778090244
-0.9853969484267269
-0.985393265687605
-0.9853816926645969
-0.9853798880365031
-0.9853756331193938
-0.9853748921250702
-0.9853733679418354
-0.9853730900238098
-0.9853725564260168
-0.9853724609902513
-0.9853722930886895
-0.9853722705645727
-0.9853722705660465
-0.9853722930867503
-0.9853724609901563
-0.9853725564253025
-0.9853730900246489
-0.9853733679400117
-0.985374892124717
-0.9853756331178667
-0.9853798880379017
-0.9853816926638206
-0.9853932656897724
-0.9853969484245308
-0.9854269778122211
-0.985430904193868
-0.9855019678981534
-0.9854839802778108
-0.9856190718117772
-0.9854376134426622
-0.9855226572192886
-0.9844127709164789
-0.9833792234455456
-0.977385138597302
-0.9694130855687634
-0.9372890400497165
-0.8986574668427291
-0.7084099722815136
-0.5928945231645386
0.8571510114154092
0.522675434066131
18.9758203687963
14.938699767677434
0.10474594423933847
0.10176474411260561
-0.8282197170689494
-0.9129637457128654
-0.9728448085682635
-0.9850126851353467
-0.9759381910481295
-0.9742415356603928
-0.9664773814725616
-0.9645494653423425
-0.9610652348674374
-0.9601237092205481
-0.9587849558311491
-0.9584047184229486
-0.9579230292031783
-0.9577807393283169
-0.957613026649001
-0.9575616764885513
-0.957504262503255
-0.9574860715378521
-0.9574665694795244
-0.957460189256025
-0.9574535791015797
-0.9574513570158806
-0.9574491187702536
-0.957448356725292
-0.957447618945718
-0.9574473833714614
-0.9574472099956133
-0.9574472099953644
-0.9574473833750001
-0.9574476189449626
-0.9574483567269941
-0.957449118767812
-0.9574513570172865
-0.9574535791003063
-0.9574601892585541
-0.957466569476302
-0.9574860715402107
-0.9575042625007668
-0.9575616764916046
-0.9576130266482104
-0.9577807393314108
-0.9579230292013456
-0.9584047184248781
-0.9587849558293063
-0.9601237092231213
-0.9610652348651808
-0.9645494653422659
-0.9664773814696581
-0.9742415356616462
-0.9759381910471742
-0.9850126851377138
-0.9728448085671433
-0.912963745712557
-0.8282197170692451
0.10176474411891656
0.10474594422732618
14.938699767704296
7.094793311261168
-0.8835558384577731
-1.2573287078940845
-1.364579901162534
-1.1998908898274405
-1.1159083724741272
-0.9996327198287358
-0.9601348572163988
-0.9121099273624542
-0.8972173289848847
-0.8801339118525816
-0.8748465559975294
-0.8691089897951996
-0.8672776299535887
-0.8653947592787801
-0.8647675738374467
-0.8641544688254099
-0.8639406737151487
-0.8637410410899329
-0.8636682208787436
-0.8636029433836623
-0.8635781021112133
-0.8635566127525165
-0.8635481172165518
-0.8635409895688528
-0.8635380851539547
-0.8635357226872319
-0.8635347587893303
-0.8635340420919859
-0.8635338149691556
-0.8635338149726471
-0.8635340420874318
-0.8635347587919295
-0.8635357226836808
-0.8635380851573712
-0.8635409895663076
-0.8635481172180157
-0.8635566127489482
-0.8635781021132536
-0.8636029433810926
-0.8636682208784012
-0.8637410410883684
-0.8639406737163235
-0.8641544688236502
-0.8647675738365893
-0.8653947592784041
-0.8672776299549823
-0.8691089897931377
-0.8748465560000298
-0.8801339118516016
-0.8972173289895162
-0.9121099273597961
-0.9601348572196917
-0.9996327198265257
-1.1159083724760959
-1.1998908898265206
-1.36457990116143
-1.2573287078962379
-0.8835558384605757
7.094793311261929
-14.99809122666106
-2.64471730359002
-5.007112185992518
-1.969191026363124
-1.8751159114871538
-1.0509072791836271
-0.9132759683240999
-0.6767060340253443
-0.619881432975787
-0.5502711516029206
-0.5303429785194405
-0.5095359752300916
-0.5028466981094387
-0.4965366043358592
-0.4943191954856537
-0.4923770460929263
-0.4916433605689956
-0.491036633141664
-0.49079321573469015
-0.4906008814230668
-0.4905197129327684
-0.49045787182128825
-0.4904306358315331
-0.4904104829523075
-0.4904012905933664
-0.49039465725774284
-0.49039156665617556
-0.49038942385706114
-0.49038847734804153
-0.4903879796551847
-0.49038797965261066
-0.49038847735193647
-0.4903894238537616
-0.4903915666558214
-0.49039465725486275
-0.49040129059511484
-0.49041048295265455
-0.49043063583428176
-0.4904578718191713
-0.49051971293486096
-0.4906008814192734
-0.49079321573975243
-0.49103663313794843
-0.4916433605724681
-0.49237704608848143
-0.49431919548909425
-0.49653660433328006
-0.50284669811301
-0.5095359752265161
-0.5303429785182676
-0.5502711516010967
-0.619881432976896
-0.6767060340249809
-0.913275968328471
-1.0509072791811407
-1.8751159114901719
-1.9691910263638674
-5.0071121859931775
-2.644717303597381
-14.998091226645595
-53.0166461041256
-10.863545345737247
-9.232913402918161
-3.821061779058404
-1.148297173638197
-0.11024541995876193
0.7542520697267207
1.0208152272161313
1.2627641395506184
1.3410419286790511
1.408392299019985
1.4325108398702926
1.4517437131335509
1.4593162006336338
1.4649755871693613
1.4673803858962566
1.4690919073831374
1.469863468120831
1.470393425844898
1.4706435771640933
1.4708110415575582
1.4708930176702486
1.4709468836377644
1.4709740302437766
1.470991617847424
1.4710006715013169
1.4710064384426464
1.4710093920451974
1.4710111292708534
1.4710118190863382
1.4710118190847923
1.4710111292723478
1.471009392039878
1.4710064384448633
1.471000671499393
1.4709916178431968
1.4709740302393262
1.470946883637501
1.4708930176683945
1.4708110415624618
1.4706435771581265
1.47039342584535
1.4698634681161613
1.4690919073851743
1.467380385892219
1.4649755871759407
1.4593162006308478
1.451743713140821
1.4325108398674304
1.4083922990289919
1.3410419286817488
1.2627641395523264
1.0208152272156512
0.7542520697291433
-0.11024541995934113
-1.148297173636211
-3.821061779054234
-9.232913402913217
-10.863545345746449
-53.016646104119076
-515.120490457188
-8.882185588762244
-22.850361707008254
16.380475828445288
17.836746179468904
23.116914593850392
24.045463468930315
25.042998833209918
25.358128382001354
25.591794132958196
25.688076501943687
25.750011342559542
25.77899686933438
25.796614907109564
25.805427314599065
25.81066307219785
25.81338631843824
25.814990186174313
25.815846276831028
25.816349156154686
25.81662271798185
25.816783455581863
25.81687220856606
25.816924438601717
25.816953613532345
25.81697078437908
25.816980400635714
25.816985944925342
25.816988851886176
25.816990139387343
25.81699013939143
25.816988851903304
25.816985944934796
25.81698040060617
25.81697078437295
25.81695361353922
25.816924438608048
25.81687220857401
25.816783455574438
25.81662271797584
25.816349156161742
25.815846276867937
25.814990186138463
25.813386318458242
25.81066307218818
25.80542731458032
25.796614907116734
25.77899686933079
25.750011342597507
25.688076501911546
25.591794132949524
25.358128382021352
25.04299883320232
24.04546346896359
23.1169145938223
17.83674617947095
16.38047582842764
-22.850361706980642
-8.882185588752918
-515.1204904571524