70.97930920554722
-3.8366829103440407
-2.577025602379071
-8.268496314250338
-8.571989634043018
-9.3326197620281
-9.47874456100713
-9.621918345775065
-9.668704757419206
-9.70150698332758
-9.71439840242905
-9.720763323462636
-9.72076332346284
-9.71439840242995
-9.701506983326158
-9.668704757417908
-9.621918345774734
-9.478744561007336
-9.332619762029145
-8.571989634044256
-8.268496314249841
-2.5770256023766605
-3.8366829103396887
70.97930920554205
2.9090676648323988
1.6248155253099705
1.1666937722171373
0.7199068678637905
0.32566511107666285
0.2162142438741359
0.09713712113030637
0.0663962077882848
0.03446487761371273
0.025419953210757778
0.017392288402987614
0.015404100382572478
0.015404100382535507
0.0173922884031273
0.02541995321062044
0.034464877613456894
0.06639620778790906
0.09713712113014086
0.21621424387432112
0.3256651110769002
0.7199068678637597
1.1666937722165756
1.6248155253092107
2.909067664832146
-2.7457780364728697
0.6030325155097412
0.8692112784822954
0.8601561926611587
0.8887533660326858
0.8329318607207514
0.8305002051262649
0.8094783265995642
0.8069018915804547
0.8003443305492921
0.7993525388955316
0.7979062739973225
0.7979062739974128
0.7993525388953833
0.8003443305494355
0.8069018915803476
0.8094783265995369
0.8305002051262038
0.8329318607208205
0.8887533660329818
0.8601561926608139
0.8692112784825226
0.6030325155087828
-2.745778036472383
-6.071205354481391
0.3801102990144718
0.36765549170149836
0.8410313733079844
0.8706059120814267
0.9296190009491394
0.9343627898966906
0.9442430433252962
0.9440621310116553
0.9460381255829597
0.9456640702084711
0.9460124558423144
0.9460124558423937
0.9456640702083507
0.9460381255830728
0.9440621310116138
0.9442430433251967
0.9343627898966268
0.9296190009491236
0.8706059120817027
0.8410313733078417
0.36765549170165573
0.3801102990138917
-6.071205354480932
-7.251990069441078
0.2429212658577916
0.17992067156179464
0.7791925822483521
0.8485851115353739
0.9302743777591636
0.9552159484191612
0.9700129696416574
0.9771174822114658
0.9802044404971595
0.9820426513443852
0.9825871759748186
0.9825871759747646
0.9820426513443321
0.9802044404971249
0.9771174822114759
0.9700129696416167
0.9552159484191555
0.9302743777592524
0.8485851115354311
0.7791925822483878
0.17992067156168423
0.24292126585736112
-7.251990069440584
-7.858464295520484
0.1848606758625681
0.0727923760366575
0.7502255959340836
0.8247681245334619
0.9261523433111115
0.9551602218449109
0.976252012830038
0.984769978752589
0.9899374351491216
0.9921502398866552
0.9931875107142986
0.9931875107142085
0.9921502398868458
0.9899374351490144
0.9847699787526294
0.976252012829895
0.9551602218448051
0.9261523433112495
0.8247681245335061
0.7502255959343602
0.07279237603640994
0.18486067586248606
-7.858464295520252
-8.136405540979574
0.15406582813120218
0.022746693809326236
0.7323162165581767
0.8125060593248864
0.9208352282504269
0.9536855703393994
0.9767015473667298
0.986836981052136
0.9925565119565688
0.9953162226627998
0.9964696485184924
0.9964696485184802
0.9953162226629214
0.9925565119564792
0.9868369810520746
0.9767015473666956
0.9536855703394407
0.9208352282506203
0.8125060593249689
0.7323162165582373
0.022746693809273764
0.1540658281307306
-8.136405540979158
-8.278511543074586
0.13901985641464334
-0.003861100726184956
0.7232867954580593
0.8051053409916813
0.9177673614240984
0.9519550995422799
0.9764102712953924
0.9870911788266656
0.9933176412050838
0.9962492742349387
0.9975283166970561
0.9975283166971676
0.9962492742348903
0.9933176412051143
0.9870911788265144
0.9764102712953572
0.9519550995422681
0.9177673614241384
0.8051053409918175
0.7232867954580608
-0.00386110072615868
0.13901985641424366
-8.278511543074385
-8.3489531257589
0.13114957419656897
-0.017235704185491876
0.7183075643095385
0.8012352872676674
0.9158326616641935
0.9508970932610292
0.9759518339213766
0.9870265105959437
0.9934508062843382
0.9965219479576525
0.997847650387133
0.9978476503872302
0.9965219479576906
0.9934508062843694
0.9870265105959142
0.9759518339212925
0.9508970932610448
0.9158326616642474
0.8012352872678674
0.7183075643094805
-0.01723570418542198
0.13114957419636625
-8.348953125758658
-8.384945759909257
0.12716464185026446
-0.024208700677676817
0.7157432652897022
0.7991139297730728
0.9147845492389797
0.9502311152212195
0.9756458696743509
0.9868897027533285
0.9934441838315481
0.9965735861354745
0.9979322411763244
0.9979322411763534
0.9965735861354899
0.9934441838316015
0.9868897027532526
0.97564586967423
0.9502311152212836
0.9147845492391146
0.7991139297731776
0.7157432652897256
-0.024208700677680453
0.12716464184978865
-8.384945759909002
-8.402460365561009
0.12517865666982592
-0.02763365937969551
0.7144350887227049
0.798050900510989
0.9142223339134845
0.9498780337864661
0.9754554441126482
0.9867960296794712
0.9934076167970429
0.9965720990667548
0.9979449127524633
0.9979449127524922
0.9965720990668083
0.993407616797076
0.9867960296794056
0.9754554441125298
0.949878033786505
0.9142223339135195
0.7980509005111112
0.7144350887227253
-0.02763365937968931
0.12517865666960898
-8.402460365560781
-8.409662779179943
0.12436407152750305
-0.02905551646015398
0.7138947718966298
0.7976004909152612
0.9139858009225368
0.9497213624397018
0.9753708192200625
0.986747993341631
0.9933859382628949
0.996563483634022
0.9979430370195485
0.9979430370196436
0.9965634836340432
0.993385938262889
0.9867479933415593
0.9753708192200157
0.9497213624397206
0.9139858009226574
0.7976004909154462
0.7138947718965228
-0.029055516460012774
0.12436407152691926
-8.409662779179481
-8.409662779179502
0.12436407152751945
-0.02905551646014401
0.7138947718965665
0.7976004909152533
0.9139858009225449
0.9497213624397862
0.9753708192201798
0.9867479933417576
0.9933859382630039
0.9965634836340499
0.9979430370196263
0.997943037019613
0.9965634836341111
0.9933859382629857
0.9867479933416696
0.9753708192200652
0.9497213624397576
0.9139858009226121
0.7976004909153604
0.7138947718966736
-0.029055516460205405
0.12436407152717784
-8.409662779179662
-8.402460365560627
0.12517865666965894
-0.027633659379931782
0.7144350887225721
0.7980509005108731
0.9142223339135009
0.9498780337864261
0.9754554441125366
0.9867960296793186
0.9934076167969638
0.9965720990666955
0.997944912752535
0.9979449127525108
0.9965720990667515
0.9934076167969519
0.9867960296793311
0.9754554441124961
0.9498780337864459
0.914222333913516
0.7980509005110377
0.7144350887225899
-0.027633659379889333
0.125178656669518
-8.402460365560106
-8.384945759909986
0.1271646418505626
-0.024208700677460032
0.7157432652899314
0.799113929773152
0.9147845492390392
0.9502311152212225
0.9756458696744366
0.9868897027534387
0.993444183831609
0.9965735861355174
0.9979322411762245
0.9979322411762588
0.9965735861354355
0.993444183831664
0.9868897027533596
0.9756458696742537
0.9502311152212208
0.9147845492391025
0.7991139297733143
0.7157432652899067
-0.024208700677500514
0.12716464184994375
-8.384945759909854
-8.348953125759152
0.13114957419650214
-0.01723570418554119
0.7183075643093961
0.8012352872677007
0.9158326616641059
0.9508970932610263
0.9759518339212745
0.9870265105958159
0.9934508062842176
0.9965219479576672
0.997847650387229
0.9978476503873239
0.9965219479576581
0.9934508062842918
0.9870265105957804
0.9759518339211928
0.9508970932610596
0.9158326616641855
0.801235287267869
0.7183075643094151
-0.017235704185456023
0.13114957419611006
-8.348953125758868
-8.27851154307427
0.1390198564146356
-0.003861100726115541
0.7232867954582308
0.8051053409916854
0.9177673614241482
0.9519550995423227
0.9764102712954297
0.9870911788267128
0.9933176412051765
0.9962492742349889
0.9975283166971483
0.997528316697115
0.996249274234932
0.9933176412050906
0.9870911788266289
0.976410271295453
0.9519550995422961
0.9177673614242015
0.8051053409917933
0.7232867954581483
-0.0038611007261806114
0.13901985641428688
-8.278511543074032
-8.136405540981055
0.1540658281312592
0.022746693809352805
0.7323162165584636
0.8125060593249914
0.9208352282505734
0.9536855703394582
0.9767015473668417
0.9868369810522835
0.9925565119566561
0.9953162226628491
0.9964696485184272
0.9964696485183611
0.9953162226629556
0.9925565119566
0.9868369810522649
0.9767015473667093
0.9536855703393405
0.9208352282506328
0.8125060593250831
0.7323162165585677
0.022746693809122392
0.1540658281310306
-8.136405540981208
-7.858464295518406
0.18486067586213478
0.07279237603639152
0.7502255959336153
0.8247681245331911
0.9261523433109548
0.9551602218448326
0.9762520128298329
0.9847699787523765
0.9899374351488472
0.9921502398865678
0.9931875107143475
0.9931875107143859
0.9921502398867473
0.9899374351488348
0.9847699787523578
0.9762520128297814
0.9551602218448318
0.9261523433111489
0.8247681245333783
0.7502255959337365
0.07279237603638612
0.18486067586188296
-7.858464295517887
-7.251990069443561
0.24292126585811202
0.17992067156188496
0.7791925822484937
0.8485851115354068
0.9302743777592181
0.9552159484191985
0.9700129696418079
0.9771174822117332
0.9802044404972521
0.9820426513444194
0.98258717597466
0.982587175974748
0.9820426513443132
0.9802044404973574
0.9771174822116271
0.970012969641799
0.9552159484191316
0.9302743777591951
0.8485851115354921
0.7791925822484679
0.17992067156176828
0.2429212658575048
-7.251990069443417
-6.071205354478611
0.38011029901441196
0.36765549170141926
0.841031373307837
0.8706059120815014
0.9296190009491478
0.9343627898965439
0.944243043325085
0.9440621310113901
0.9460381255827788
0.9456640702084098
0.9460124558423466
0.946012455842413
0.9456640702082815
0.9460381255828396
0.9440621310113051
0.9442430433249588
0.9343627898966499
0.9296190009491647
0.8706059120817609
0.8410313733076368
0.36765549170148915
0.3801102990137768
-6.071205354478137
-2.7457780364745408
0.6030325155096483
0.8692112784820955
0.8601561926611173
0.8887533660325813
0.8329318607206355
0.8305002051263664
0.8094783265997723
0.806901891580647
0.8003443305495281
0.7993525388955514
0.797906273997346
0.7979062739974063
0.7993525388956484
0.8003443305495744
0.8069018915806173
0.8094783265996834
0.8305002051263972
0.8329318607206957
0.8887533660327919
0.8601561926609307
0.8692112784822235
0.6030325155093682
-2.745778036473998
2.9090676648326212
1.6248155253097956
1.1666937722170274
0.7199068678637253
0.3256651110767062
0.21621424387412724
0.09713712113014034
0.0663962077879284
0.03446487761359474
0.025419953210823493
0.017392288403135447
0.015404100382562626
0.015404100382331358
0.01739228840288918
0.025419953210368572
0.03446487761338178
0.06639620778771638
0.09713712113004525
0.21621424387420538
0.3256651110765387
0.7199068678640457
1.1666937722163278
1.6248155253098107
2.9090676648321008
70.97930920554725
-3.836682910344149
-2.5770256023790736
-8.26849631425017
-8.571989634042966
-9.332619762028061
-9.478744561007254
-9.621918345775143
-9.668704757419057
-9.70150698332706
-9.714398402428756
-9.720763323462464
-9.720763323462913
-9.71439840243021
-9.701506983326137
-9.66870475741781
-9.6219183457744
-9.478744561007034
-9.332619762029307
-8.571989634044378
-8.268496314249857
-2.5770256023771836
-3.8366829103384776
70.97930920554121