-359.0188397505933
3.921984679061671
-3.883510994006473
20.49960389125709
20.209542077593525
22.396782037654507
22.411842095674764
22.628191738556037
22.63497409891479
22.657702426493778
22.65908073350883
22.6615879573757
22.661824692643982
22.662114254045456
22.662152492661946
22.662187504781663
22.662193536033037
22.662197970285796
22.662198915066618
22.662199502922697
22.66219965109032
22.662199732245874
22.662199755073026
22.66219976504859
22.662199765049824
22.66219975506754
22.66219973223658
22.66219965108791
22.662199502923166
22.662198915078434
22.662197970287984
22.662193536036746
22.662187504763892
22.66215249265602
22.66211425404301
22.661824692647343
22.66158795738127
22.659080733511402
22.657702426509353
22.634974098912608
22.62819173856346
22.411842095672007
22.396782037652443
20.209542077586754
20.499603891258722
-3.8835109940061185
3.921984679072816
-359.0188397506083
-50.5681592983772
-0.7009883188239747
-4.815360108093278
-0.687751511399904
-1.0446030346297788
-0.7093952690102412
-0.742469525396573
-0.7155992992989184
-0.7186956244333074
-0.7165951605320555
-0.7168756137026775
-0.7167183945511404
-0.7167412354372422
-0.716730066523766
-0.7167313549075817
-0.7167305552656855
-0.7167304933295601
-0.7167304167725246
-0.7167303746321521
-0.7167303617079004
-0.7167303508545937
-0.7167303480067826
-0.7167303457891274
-0.7167303452870112
-0.7167303452864308
-0.7167303457885472
-0.716730348006176
-0.7167303508552445
-0.716730361708507
-0.716730374631616
-0.716730416772819
-0.7167304933305974
-0.7167305552652784
-0.7167313549078831
-0.7167300665239864
-0.716741235437579
-0.7167183945514086
-0.7168756137030383
-0.7165951605321788
-0.7186956244337037
-0.7155992992994817
-0.7424695253953792
-0.7093952690092374
-1.044603034628489
-0.6877515114002033
-4.815360108093245
-0.7009883188247978
-50.5681592983705
-2.8272688637820167
-0.363545493460267
-1.6461239154515495
-0.8914914715882216
-1.0349214470983232
-0.9475828938130779
-0.9635249937411915
-0.9548529486874974
-0.9566843007235801
-0.9558816453912924
-0.9560991756933114
-0.9560295870992797
-0.9560563842539467
-0.9560509883651248
-0.956054424038421
-0.9560541151171167
-0.956054573945021
-0.9560545780792415
-0.9560546417314312
-0.9560546475803369
-0.9560546567023439
-0.9560546581300531
-0.9560546594451689
-0.9560546596727589
-0.9560546596732213
-0.9560546594445666
-0.9560546581300238
-0.956054656702126
-0.9560546475805107
-0.9560546417312713
-0.956054578079508
-0.9560545739454749
-0.9560541151172057
-0.9560544240381592
-0.9560509883648483
-0.9560563842541712
-0.956029587099479
-0.9560991756934454
-0.9558816453916753
-0.9566843007234314
-0.9548529486876964
-0.96352499374074
-0.9475828938132038
-1.0349214470982768
-0.8914914715884874
-1.646123915451912
-0.3635454934599453
-2.827268863784016
11.88139508434472
-0.22882282399107276
-0.3186082727135903
-0.9087601848493961
-0.944447364586896
-0.9817434106053933
-0.9875060360256224
-0.9903078072058464
-0.9911449435900342
-0.9914107780541275
-0.991529423819193
-0.9915614686744307
-0.9915782786333038
-0.9915828232623457
-0.9915852329648713
-0.9915859310128499
-0.991586282861949
-0.9915863936672679
-0.9915864461537351
-0.9915864639810128
-0.9915864719778545
-0.9915864748551905
-0.9915864760688564
-0.9915864764627145
-0.991586476462814
-0.9915864760683271
-0.9915864748550264
-0.9915864719777461
-0.9915864639811527
-0.9915864461540858
-0.991586393667385
-0.9915862828620733
-0.99158593101301
-0.9915852329644992
-0.991582823262058
-0.991578278633291
-0.9915614686746759
-0.9915294238193136
-0.9914107780544369
-0.9911449435899504
-0.9903078072059918
-0.9875060360254375
-0.9817434106053576
-0.944447364586704
-0.9087601848496291
-0.3186082727137081
-0.22882282399115925
11.881395084346366
17.088741430779677
-0.1703312485144582
0.21066079697170143
-0.9061996181229588
-0.8952527931739246
-0.987421381028543
-0.9885694185901901
-0.9969180510424109
-0.9972893783234913
-0.9981061242894455
-0.998177134630023
-0.9982634858644684
-0.9982754111236181
-0.9982852961816182
-0.9982872069081192
-0.9982884297311607
-0.9982887310026884
-0.9982888932956613
-0.9982889407138916
-0.9982889635686415
-0.9982889710671033
-0.9982889744291652
-0.9982889755956716
-0.998288976031132
-0.9982889760309225
-0.9982889755956157
-0.9982889744286132
-0.9982889710670526
-0.9982889635685841
-0.9982889407143969
-0.9982888932955196
-0.9982887310028087
-0.9982884297314147
-0.9982872069080795
-0.9982852961812605
-0.9982754111236256
-0.9982634858645365
-0.998177134630402
-0.9981061242894724
-0.9972893783236081
-0.996918051042159
-0.9885694185900153
-0.9874213810281053
-0.8952527931736918
-0.9061996181231593
0.21066079697175366
-0.17033124851505355
17.088741430780075
19.040082827942214
-0.14549379250957195
0.42110774140616014
-0.9031361882097091
-0.872709213019228
-0.988149072505149
-0.987310656938203
-0.9981952603012387
-0.998363336811697
-0.9994489215609124
-0.9994988353005259
-0.9996131437546931
-0.9996228554228612
-0.9996356122264577
-0.9996372898056682
-0.9996388053479358
-0.9996390821051686
-0.9996392740916757
-0.9996393189450752
-0.9996393448023511
-0.9996393520344241
-0.9996393556989824
-0.9996393568385858
-0.9996393573014699
-0.9996393573012419
-0.9996393568385269
-0.9996393556986654
-0.9996393520343184
-0.9996393448024944
-0.9996393189452248
-0.9996392740915767
-0.9996390821052918
-0.9996388053480931
-0.9996372898055323
-0.9996356122260381
-0.9996228554226967
-0.9996131437546731
-0.9994988353006636
-0.9994489215611245
-0.9983633368116072
-0.9981952603011044
-0.9873106569379713
-0.9881490725046491
-0.8727092130190819
-0.9031361882098992
0.4211077414055888
-0.14549379251055466
19.040082827942996
19.794246541723606
-0.13512143822279254
0.505349530145826
-0.901425087154798
-0.8629477380529348
-0.9881036976967257
-0.986426058442468
-0.9984324122577529
-0.9985145125374917
-0.9997260562591082
-0.9997671129433483
-0.9998952262103284
-0.9999040115753808
-0.9999182533643594
-0.9999198326916277
-0.9999215057913441
-0.9999217720381403
-0.9999219805743009
-0.9999220243008198
-0.9999220518834093
-0.9999220589953094
-0.9999220628382812
-0.999922063965482
-0.999922064444719
-0.9999220644446263
-0.9999220639649964
-0.9999220628381604
-0.9999220589953531
-0.9999220518836578
-0.9999220243010809
-0.9999219805744294
-0.9999217720383542
-0.9999215057912787
-0.9999198326910437
-0.9999182533642758
-0.9999040115751021
-0.9998952262103016
-0.9997671129431127
-0.9997260562595793
-0.9985145125371779
-0.9984324122575712
-0.9864260584425241
-0.9881036976967652
-0.8629477380533561
-0.9014250871551767
0.5053495301454443
-0.13512143822354855
19.794246541724245
20.09143808157272
-0.1308236164540965
0.5393318124365436
-0.9006145219774071
-0.8588196689495269
-0.9880057642205461
-0.9859764391187713
-0.9984684735000735
-0.9985146988383112
-0.9997834420389287
-0.9998208936743778
-0.9999555798139985
-0.9999640009382322
-0.9999789817744593
-0.9999805236484947
-0.9999822783731492
-0.9999825406890073
-0.9999827581122154
-0.9999828014192469
-0.9999828299585527
-0.9999828370253585
-0.9999828409699248
-0.9999828420924095
-0.9999828425814903
-0.9999828425814512
-0.9999828420922423
-0.999982840970252
-0.9999828370256425
-0.9999828299587727
-0.999982801419437
-0.9999827581123657
-0.9999825406891448
-0.9999822783730339
-0.9999805236477408
-0.9999789817745726
-0.9999640009378492
-0.9999555798142074
-0.9998208936742361
-0.9997834420397403
-0.9985146988381094
-0.9984684735006414
-0.985976439118897
-0.9880057642210045
-0.8588196689496026
-0.9006145219774957
0.5393318124365898
-0.13082361645351828
20.09143808157047
20.21012632365739
-0.12904760048780545
0.5531342313803955
-0.9002543434553557
-0.8570918538393524
-0.987946175651019
-0.9857699734372993
-0.9984694673397725
-0.9985007931024303
-0.9997949230384691
-0.9998309286081439
-0.9999686542494266
-0.9999769386277617
-0.9999922754505595
-0.9999938044680144
-0.9999956000637757
-0.9999958611547433
-0.999996083190897
-0.9999961263779845
-0.9999961554303229
-0.9999961624850433
-0.9999961664861459
-0.9999961676072169
-0.999996168102073
-0.999996168101755
-0.9999961676071146
-0.9999961664861381
-0.999996162485121
-0.9999961554304271
-0.999996126378113
-0.9999960831908945
-0.999995861154606
-0.9999956000636574
-0.9999938044676191
-0.9999922754506363
-0.9999769386275785
-0.9999686542497447
-0.9998309286081204
-0.9997949230390031
-0.9985007931023273
-0.9984694673402961
-0.9857699734369633
-0.9879461756509444
-0.8570918538389685
-0.9002543434554962
0.5531342313805746
-0.12904760048740777
20.21012632365771
20.257990846386992
-0.12831374733598838
0.5587728222943475
-0.9000989792081194
-0.8563717168977386
-0.9879166998651931
-0.9856792233957572
-0.9984666032917382
-0.9984917434064229
-0.9997969574272998
-0.9998323852229613
-0.9999714847523795
-0.9999797195156428
-0.9999952232244558
-0.9999967483834071
-0.9999985638472675
-0.9999988246772931
-0.9999990490355006
-0.9999990922090389
-0.9999991215284094
-0.9999991285828842
-0.9999991326144531
-0.9999991337354777
-0.9999991342330362
-0.9999991342325805
-0.9999991337352659
-0.9999991326140443
-0.999999128582882
-0.999999121528194
-0.9999990922092854
-0.9999990490351729
-0.999998824677308
-0.9999985638469449
-0.9999967483837635
-0.9999952232244811
-0.9999797195159613
-0.9999714847524837
-0.9998323852231552
-0.9997969574273708
-0.9984917434064491
-0.9984666032915075
-0.9856792233953175
-0.9879166998646153
-0.8563717168971725
-0.9000989792082316
0.5587728222947828
-0.1283137473353263
20.25799084638739
20.27743772135814
-0.12801016204045018
0.5610874716827118
-0.9000329509078431
-0.8560719493208353
-0.9879032229931424
-0.9856401816968925
-0.9984646116859115
-0.9984871801382638
-0.999797178031465
-0.9998323744068536
-0.9999720841702163
-0.9999803013719657
-0.9999958816041223
-0.9999974058520694
-0.9999992307330225
-0.9999994915805808
-0.999999717076395
-0.9999997602644044
-0.9999997897187891
-0.9999997967758957
-0.9999998008232813
-0.9999998019445167
-0.9999998024437418
-0.9999998024435631
-0.9999998019446779
-0.9999998008231273
-0.9999997967758911
-0.9999997897185946
-0.9999997602645841
-0.9999997170762308
-0.9999994915807473
-0.999999230732863
-0.9999974058523379
-0.9999958816039367
-0.9999803013721443
-0.9999720841701678
-0.999832374407101
-0.999797178031408
-0.9984871801381152
-0.9984646116858623
-0.9856401816969613
-0.9879032229929647
-0.856071949320681
-0.9000329509079341
0.561087471682564
-0.12801016204014698
20.27743772135693
20.28538526616877
-0.1278843564197233
0.562041498476561
-0.9000051020497035
-0.8559471420992292
-0.9878972869499099
-0.9856235719018012
-0.9984635791904035
-0.9984850762966835
-0.9997971224599587
-0.9998322255996517
-0.9999722028342651
-0.9999804139263919
-0.9999960286275876
-0.9999975527914503
-0.9999993820416431
-0.9999996429545779
-0.9999998689943044
-0.9999999121982159
-0.9999999417192666
-0.9999999487792057
-0.9999999528343679
-0.9999999539562155
-0.9999999544563618
-0.9999999544562876
-0.9999999539560767
-0.9999999528344757
-0.9999999487791842
-0.9999999417196991
-0.9999999121985278
-0.999999868994501
-0.9999996429544813
-0.9999993820417894
-0.9999975527910601
-0.9999960286277567
-0.9999804139261825
-0.9999722028342357
-0.9998322255999286
-0.9997971224600786
-0.9984850762965076
-0.9984635791905858
-0.9856235719019187
-0.9878972869500564
-0.8559471420993677
-0.9000051020501665
0.5620414984769012
-0.12788435641925955
20.28538526616819
20.288648723145652
-0.12783212297748126
0.5624360696360122
-0.899993400620572
-0.8558951319981531
-0.9878947231831533
-0.9856165471046809
-0.9984630952062318
-0.9984841450437457
-0.999797063444297
-0.9998321287499987
-0.9999722220603154
-0.9999804310500608
-0.9999960610589632
-0.9999975853056073
-0.9999994165475401
-0.9999996775124855
-0.9999999038073271
-0.9999999470224004
-0.999999976575874
-0.999999983637289
-0.9999999876963073
-0.9999999888186442
-0.9999999893190896
-0.999999989319069
-0.9999999888184794
-0.9999999876966074
-0.9999999836371769
-0.9999999765758583
-0.9999999470219348
-0.9999999038073888
-0.9999996775122866
-0.9999994165480293
-0.9999975853053588
-0.9999960610595926
-0.9999804310496373
-0.9999722220602292
-0.9998321287498504
-0.9997970634445996
-0.9984841450434032
-0.9984630952063118
-0.9856165471046099
-0.9878947231830317
-0.8558951319979846
-0.8999934006205191
0.5624360696367333
-0.12783212297723714
20.288648723145315
20.289994048427786
-0.12781039449005716
0.5625997371067264
-0.899988492307987
-0.8558734316081534
-0.9878936278823303
-0.9856135851831762
-0.9984628785663417
-0.9984837413047315
-0.9997970298024405
-0.9998320796430831
-0.9999722229581536
-0.9999804312286631
-0.9999960679603586
-0.9999975922868596
-0.9999994244234549
-0.9999996854203548
-0.9999999118323649
-0.999999955054392
-0.9999999846226257
-0.9999999916853276
-0.9999999957461774
-0.999999996868713
-0.9999999973691975
-0.9999999973690623
-0.9999999968682556
-0.9999999957460831
-0.9999999916849747
-0.9999999846222288
-0.999999955053779
-0.9999999118325678
-0.999999685420023
-0.9999994244237663
-0.9999975922865021
-0.9999960679608224
-0.9999804312285092
-0.9999722229581081
-0.9998320796427087
-0.9997970298025458
-0.9984837413038735
-0.9984628785661426
-0.9856135851824943
-0.9878936278821088
-0.8558734316078582
-0.899988492307922
0.5625997371071224
-0.12781039449044618
20.28999404842941
20.290550478642828
-0.12780133908058988
0.5626677978873337
-0.8999864345399111
-0.8558643653078284
-0.9878931628237576
-0.9856123381432094
-0.99846278389586
-0.9984835682279347
-0.9997970133982328
-0.9998320568751495
-0.9999722216167075
-0.9999804296417512
-0.9999960693003496
-0.9999975936767173
-0.9999994262102174
-0.9999996872242001
-0.9999999136899377
-0.9999999569152085
-0.999999986490439
-0.9999999935537013
-0.9999999976158196
-0.9999999987381383
-0.999999999238668
-0.999999999238397
-0.9999999987380226
-0.9999999976155023
-0.9999999935539909
-0.9999999864899227
-0.9999999569151462
-0.9999999136895229
-0.9999996872244599
-0.9999994262100549
-0.9999975936766887
-0.9999960693004919
-0.9999804296416418
-0.9999722216165368
-0.9998320568748644
-0.99979701339786
-0.9984835682275328
-0.9984627838956417
-0.9856123381432159
-0.9878931628236722
-0.8558643653082253
-0.8999864345396662
0.5626677978873169
-0.12780133908150842
20.290550478644036
20.29078126946536
-0.12779755871530646
0.5626961631852079
-0.8999855717208489
-0.8558605723274983
-0.9878929660502819
-0.9856118133886358
-0.9984627430766595
-0.9984834944997609
-0.9997970059014089
-0.9998320467442494
-0.9999722206316661
-0.999980428572729
-0.9999960694966843
-0.9999975938999984
-0.9999994266079015
-0.9999996876309443
-0.9999999141201281
-0.9999999573472353
-0.9999999869256216
-0.9999999939894416
-0.9999999980517347
-0.9999999991739414
-0.9999999996750883
-0.9999999996750943
-0.9999999991749435
-0.9999999980520728
-0.9999999939901207
-0.9999999869255463
-0.9999999573479189
-0.9999999141198492
-0.9999996876310904
-0.9999994266080935
-0.9999975939002151
-0.9999960694965209
-0.9999804285722
-0.9999722206313657
-0.9998320467442263
-0.9997970059016017
-0.9984834945000431
-0.9984627430774926
-0.9856118133895424
-0.987892966050393
-0.8558605723281931
-0.8999855717213041
0.5626961631849274
-0.1277975587150873
20.29078126946249
20.290877228411127
-0.12779597800495326
0.5627080077204922
-0.8999852097582529
-0.8558589834099982
-0.9878928829510404
-0.9856115925702416
-0.9984627256140972
-0.9984834632052902
-0.9997970025835361
-0.9998320423308626
-0.9999722201112371
-0.9999804280233222
-0.9999960694918879
-0.9999975939088606
-0.9999994266928443
-0.9999996877199695
-0.9999999142194302
-0.9999999574475098
-0.9999999870275
-0.9999999940916271
-0.9999999981540704
-0.9999999992768757
-0.9999999997776129
-0.9999999997777075
-0.9999999992772217
-0.9999999981544374
-0.9999999940919317
-0.9999999870278893
-0.9999999574480917
-0.9999999142194775
-0.9999996877198369
-0.9999994266926093
-0.9999975939085558
-0.9999960694917247
-0.9999804280229693
-0.9999722201113388
-0.999832042330947
-0.9997970025837111
-0.9984834632054111
-0.9984627256151313
-0.9856115925708295
-0.9878928829515696
-0.8558589834108141
-0.8999852097590593
0.5627080077202617
-0.127795978006089
20.290877228412803
20.290917211744677
-0.12779531608042505
0.5627129621492238
-0.8999850578036326
-0.8558583169662874
-0.9878928478909501
-0.985611499619728
-0.9984627181787056
-0.9984834499486281
-0.9997970011406758
-0.9998320404301422
-0.9999722198648651
-0.9999804277667541
-0.9999960694684686
-0.9999975938916938
-0.9999994267089193
-0.9999996877380044
-0.99999991424256
-0.9999999574713587
-0.9999999870518623
-0.9999999941158126
-0.9999999981783045
-0.9999999993007872
-0.9999999998017711
-0.9999999998018195
-0.999999999301158
-0.9999999981784959
-0.999999994115794
-0.999999987051531
-0.9999999574709137
-0.9999999142422348
-0.9999996877378479
-0.9999994267090877
-0.9999975938918992
-0.9999960694686232
-0.9999804277670102
-0.9999722198650778
-0.9998320404300715
-0.999797001140361
-0.9984834499486297
-0.9984627181787102
-0.9856114996196053
-0.9878928478907398
-0.8558583169660061
-0.8999850578031521
0.5627129621493641
-0.12779531608121963
20.290917211744937
20.290933902930146
-0.1277950385248064
0.5627150376873694
-0.8999849939601154
-0.8558580371115889
-0.9878928331034659
-0.9856114604738528
-0.9984627150210732
-0.9984834443386823
-0.999797000519179
-0.9998320396170626
-0.9999722197537386
-0.9999804276517372
-0.9999960694534138
-0.9999975938796807
-0.9999994267112748
-0.9999996877410909
-0.9999999142480667
-0.9999999574767422
-0.9999999870575551
-0.9999999941215807
-0.9999999981840766
-0.9999999993066114
-0.9999999998074651
-0.9999999998074648
-0.9999999993066979
-0.9999999981842307
-0.999999994121297
-0.9999999870571209
-0.9999999574761055
-0.9999999142477195
-0.9999996877412409
-0.9999994267115452
-0.9999975938799693
-0.999996069453878
-0.9999804276524672
-0.9999722197538345
-0.9998320396169555
-0.9997970005190435
-0.9984834443387962
-0.9984627150209591
-0.9856114604737819
-0.9878928331035397
-0.8558580371117142
-0.899984993959327
0.5627150376873021
-0.1277950385246172
20.2909339029308
20.29094088183689
-0.1277949220064487
0.5627159083058118
-0.8999849671155205
-0.8558579194762979
-0.9878928268668863
-0.9856114439791426
-0.9984627136822465
-0.9984834419657106
-0.999797000253119
-0.9998320392705486
-0.9999722197050058
-0.9999804276016571
-0.9999960694458957
-0.9999975938734933
-0.9999994267110324
-0.9999996877410369
-0.999999914248828
-0.9999999574771429
-0.9999999870584322
-0.9999999941223736
-0.9999999981853758
-0.9999999993075592
-0.9999999998088478
-0.9999999998085152
-0.9999999993080095
-0.9999999981852712
-0.9999999941228067
-0.9999999870581093
-0.9999999574774254
-0.9999999142484627
-0.9999996877412756
-0.9999994267108663
-0.9999975938736441
-0.9999960694457933
-0.9999804276018615
-0.9999722197043743
-0.999832039270355
-0.9997970002527874
-0.9984834419656183
-0.9984627136823184
-0.9856114439795973
-0.9878928268668021
-0.8558579194763997
-0.8999849671150497
0.5627159083064077
-0.12779492200623435
20.29094088183544
20.29094380247809
-0.1277948730656297
0.5627162737319431
-0.89998495582458
-0.8558578700090168
-0.9878928242374537
-0.9856114370286622
-0.9984627131153758
-0.9984834409631401
-0.9997970001398506
-0.999832039123587
-0.9999722196834789
-0.9999804275799788
-0.9999960694421794
-0.9999975938703259
-0.9999994267103858
-0.9999996877410485
-0.999999914249202
-0.9999999574776726
-0.9999999870590719
-0.9999999941227904
-0.9999999981855217
-0.9999999993079141
-0.9999999998088434
-0.9999999998089889
-0.9999999993085531
-0.9999999981858756
-0.9999999941232849
-0.9999999870585805
-0.9999999574778429
-0.9999999142487588
-0.9999996877412392
-0.9999994267106496
-0.9999975938705394
-0.9999960694422776
-0.9999804275797721
-0.999972219682978
-0.9998320391232494
-0.9997970001395748
-0.9984834409634321
-0.9984627131159294
-0.9856114370295365
-0.9878928242376543
-0.855857870009507
-0.8999849558244657
0.5627162737327029
-0.12779487306458043
20.290943802476747
20.290945021921967
-0.12779485256355916
0.5627164267159122
-0.8999849510900602
-0.8558578492664388
-0.9878928231330992
-0.9856114341096445
-0.9984627128771428
-0.9984834405413424
-0.9997970000919948
-0.9998320390611166
-0.9999722196744006
-0.9999804275706776
-0.999996069440888
-0.9999975938693526
-0.9999994267106933
-0.9999996877414212
-0.9999999142491598
-0.9999999574780201
-0.9999999870592247
-0.9999999941231971
-0.9999999981859844
-0.9999999993081873
-0.9999999998091974
-0.9999999998092752
-0.9999999993086062
-0.9999999981858763
-0.999999994123034
-0.9999999870588658
-0.9999999574779199
-0.9999999142489269
-0.999999687741113
-0.9999994267102533
-0.9999975938691842
-0.999996069440976
-0.9999804275709936
-0.9999722196746265
-0.9998320390613378
-0.9997970000917478
-0.9984834405407317
-0.9984627128769192
-0.9856114341094339
-0.9878928231326887
-0.855857849266174
-0.8999849510891015
0.5627164267165977
-0.1277948525635705
20.290945021925705
20.290945520807185
-0.12779484415229966
0.5627164894483823
-0.8999849491459244
-0.8558578407488173
-0.9878928226789783
-0.9856114329088761
-0.9984627127784496
-0.9984834403668816
-0.9997970000717372
-0.999832039035116
-0.9999722196705827
-0.9999804275667374
-0.9999960694399572
-0.9999975938681112
-0.9999994267099537
-0.9999996877407864
-0.9999999142488871
-0.9999999574782927
-0.9999999870592445
-0.9999999941233684
-0.9999999981855979
-0.9999999993082604
-0.9999999998089133
-0.9999999998089018
-0.9999999993081585
-0.9999999981855221
-0.9999999941225131
-0.9999999870586611
-0.9999999574773362
-0.9999999142483786
-0.9999996877406412
-0.9999994267107609
-0.999997593868982
-0.999996069440816
-0.9999804275669251
-0.9999722196709164
-0.9998320390347745
-0.9997970000711326
-0.9984834403665276
-0.9984627127783217
-0.9856114329086387
-0.98789282267822
-0.8558578407480955
-0.8999849491447087
0.5627164894485555
-0.12779484415165268
20.290945520806332
20.290945698999806
-0.12779484114119868
0.5627165118938136
-0.8999849484489038
-0.8558578376975678
-0.9878928225155343
-0.9856114324782532
-0.9984627127430528
-0.9984834403045885
-0.9997970000647359
-0.9998320390260653
-0.9999722196694533
-0.9999804275656061
-0.9999960694397501
-0.99999759386836
-0.9999994267102462
-0.9999996877413269
-0.9999999142490099
-0.9999999574781681
-0.9999999870590961
-0.9999999941232339
-0.9999999981852936
-0.999999999308285
-0.999999999808925
-0.9999999998091434
-0.9999999993085282
-0.9999999981858096
-0.9999999941230737
-0.9999999870590625
-0.9999999574777876
-0.9999999142489447
-0.9999996877411454
-0.9999994267109061
-0.9999975938683245
-0.9999960694400531
-0.9999804275654431
-0.9999722196695491
-0.999832039025371
-0.9997970000641666
-0.9984834403046686
-0.9984627127432347
-0.9856114324784575
-0.987892822515626
-0.8558578376974557
-0.8999849484488328
0.5627165118936582
-0.1277948411410257
20.290945698999437
20.290945698996453
-0.12779484114089026
0.5627165118936266
-0.8999849484479324
-0.8558578376965742
-0.9878928225149015
-0.9856114324780456
-0.9984627127428789
-0.9984834403046979
-0.999797000064832
-0.9998320390263201
-0.9999722196693921
-0.9999804275654065
-0.9999960694398369
-0.9999975938686387
-0.9999994267105308
-0.9999996877410771
-0.9999999142488729
-0.9999999574779233
-0.9999999870587695
-0.9999999941229196
-0.9999999981852294
-0.9999999993081037
-0.9999999998088557
-0.999999999809152
-0.9999999993085142
-0.999999998186039
-0.9999999941233956
-0.9999999870594736
-0.9999999574778387
-0.9999999142490735
-0.9999996877409976
-0.999999426710244
-0.9999975938675494
-0.9999960694398731
-0.9999804275651736
-0.999972219669282
-0.9998320390253113
-0.9997970000645979
-0.998483440304675
-0.9984627127434376
-0.9856114324785243
-0.9878928225158132
-0.8558578376977045
-0.8999849484489656
0.5627165118940816
-0.12779484114117587
20.290945698996623
20.290945520807263
-0.12779484415262615
0.5627164894484447
-0.899984949144996
-0.8558578407480151
-0.9878928226782073
-0.9856114329082408
-0.9984627127780561
-0.9984834403665693
-0.9997970000717455
-0.9998320390355273
-0.9999722196710501
-0.9999804275669296
-0.9999960694404418
-0.9999975938684148
-0.9999994267100816
-0.9999996877407908
-0.9999999142489353
-0.999999957477781
-0.9999999870588687
-0.9999999941227014
-0.9999999981853738
-0.9999999993083549
-0.9999999998092753
-0.9999999998093598
-0.9999999993088442
-0.9999999981860122
-0.999999994123351
-0.9999999870588043
-0.9999999574777181
-0.999999914248646
-0.9999996877410189
-0.9999994267104364
-0.99999759386906
-0.9999960694406621
-0.9999804275666779
-0.9999722196703646
-0.9998320390350606
-0.9997970000719565
-0.9984834403670246
-0.9984627127790259
-0.9856114329090654
-0.987892822679149
-0.8558578407486251
-0.8999849491451064
0.5627164894487899
-0.12779484415212233
20.290945520802723
20.29094502192748
-0.12779485256390588
0.5627164267165368
-0.8999849510897033
-0.855857849266348
-0.9878928231329265
-0.9856114341093377
-0.998462712877066
-0.9984834405410252
-0.9997970000917973
-0.9998320390610745
-0.9999722196743717
-0.9999804275704403
-0.9999960694407166
-0.9999975938689533
-0.9999994267104473
-0.9999996877407551
-0.9999999142492335
-0.9999999574776663
-0.9999999870590817
-0.9999999941228483
-0.9999999981860538
-0.9999999993082673
-0.9999999998089801
-0.9999999998086839
-0.9999999993086381
-0.9999999981854139
-0.999999994122901
-0.9999999870584393
-0.9999999574778144
-0.9999999142483589
-0.9999996877411119
-0.9999994267102866
-0.9999975938694176
-0.9999960694406185
-0.9999804275707744
-0.9999722196743821
-0.9998320390615025
-0.9997970000914296
-0.9984834405408916
-0.998462712876613
-0.9856114341095038
-0.9878928231327704
-0.85585784926604
-0.8999849510895717
0.5627164267159792
-0.12779485256436662
20.29094502192887
20.29094380248037
-0.127794873066905
0.5627162737322308
-0.8999849558243871
-0.8558578700098104
-0.9878928242378171
-0.9856114370291449
-0.9984627131157235
-0.9984834409635309
-0.9997970001398176
-0.999832039123304
-0.9999722196833878
-0.9999804275801878
-0.999996069442257
-0.999997593870428
-0.9999994267104766
-0.9999996877416529
-0.9999999142493485
-0.99999995747835
-0.9999999870591232
-0.9999999941233639
-0.9999999981856518
-0.9999999993079483
-0.9999999998087983
-0.9999999998092929
-0.9999999993084265
-0.9999999981859977
-0.9999999941232842
-0.9999999870588785
-0.9999999574779517
-0.9999999142492285
-0.9999996877414151
-0.9999994267108363
-0.9999975938709946
-0.9999960694422452
-0.999980427580436
-0.9999722196836434
-0.999832039123336
-0.9997970001396705
-0.998483440963475
-0.9984627131160999
-0.985611437029553
-0.9878928242378434
-0.8558578700098212
-0.8999849558246791
0.562716273731608
-0.12779487306634574
20.290943802480594
20.290940881838214
-0.1277949220084051
0.5627159083060307
-0.8999849671145428
-0.8558579194761882
-0.9878928268665403
-0.9856114439787356
-0.9984627136818216
-0.9984834419657842
-0.9997970002530525
-0.9998320392706634
-0.9999722197048153
-0.999980427601993
-0.9999960694460216
-0.9999975938736023
-0.9999994267111917
-0.9999996877413069
-0.9999999142487332
-0.9999999574771696
-0.9999999870580237
-0.9999999941224269
-0.999999998184989
-0.9999999993078414
-0.9999999998090746
-0.9999999998092421
-0.9999999993080959
-0.99999999818576
-0.9999999941228381
-0.9999999870585404
-0.9999999574773673
-0.9999999142487226
-0.999999687741155
-0.999999426710963
-0.9999975938731334
-0.9999960694458485
-0.9999804276020134
-0.9999722197045455
-0.9998320392701122
-0.9997970002526761
-0.9984834419663531
-0.9984627136822283
-0.985611443979138
-0.9878928268668352
-0.8558579194766234
-0.899984967114504
0.562715908306348
-0.12779492200700576
20.29094088183625
20.29093390293419
-0.12779503852683477
0.5627150376870121
-0.8999849939597051
-0.8558580371108065
-0.9878928331029703
-0.9856114604735275
-0.9984627150209182
-0.9984834443384221
-0.9997970005192199
-0.9998320396172662
-0.9999722197537884
-0.9999804276517583
-0.9999960694535104
-0.9999975938797914
-0.9999994267111816
-0.999999687740948
-0.9999999142475673
-0.9999999574759189
-0.9999999870570724
-0.9999999941212776
-0.9999999981839454
-0.9999999993065127
-0.9999999998072346
-0.9999999998071591
-0.99999999930672
-0.999999998184207
-0.9999999941214075
-0.9999999870570262
-0.9999999574765828
-0.9999999142473315
-0.9999996877409076
-0.9999994267108856
-0.9999975938794714
-0.9999960694535661
-0.9999804276520552
-0.9999722197534098
-0.9998320396166347
-0.9997970005194226
-0.9984834443388504
-0.9984627150211719
-0.985611460474056
-0.9878928331038666
-0.8558580371117158
-0.8999849939594748
0.5627150376882537
-0.1277950385250835
20.29093390293321
20.29091721174419
-0.12779531608251346
0.5627129621480068
-0.8999850578047799
-0.8558583169666021
-0.9878928478914744
-0.9856114996204046
-0.9984627181792052
-0.9984834499487414
-0.9997970011408118
-0.9998320404302061
-0.9999722198649451
-0.9999804277663479
-0.9999960694685491
-0.9999975938914119
-0.999999426708835
-0.9999996877378812
-0.9999999142430245
-0.9999999574716654
-0.9999999870523086
-0.9999999941158966
-0.9999999981785108
-0.9999999993008698
-0.9999999998015745
-0.9999999998014812
-0.9999999993011659
-0.9999999981778753
-0.9999999941151723
-0.999999987051031
-0.9999999574707081
-0.9999999142418976
-0.999999687737952
-0.999999426709304
-0.9999975938924968
-0.9999960694690645
-0.9999804277665106
-0.9999722198646438
-0.9998320404301324
-0.9997970011406285
-0.9984834499481419
-0.9984627181785583
-0.9856114996194965
-0.9878928478905503
-0.8558583169650235
-0.8999850578032101
0.5627129621488385
-0.1277953160802497
20.290917211741018
20.290877228409073
-0.12779597800521386
0.5627080077199476
-0.8999852097595014
-0.855858983411317
-0.987892882952051
-0.9856115925715605
-0.9984627256152977
-0.9984834632060606
-0.9997970025838525
-0.9998320423308977
-0.9999722201110455
-0.9999804280230633
-0.9999960694917268
-0.9999975939088797
-0.999999426693092
-0.9999996877204216
-0.9999999142202919
-0.9999999574483424
-0.999999987027929
-0.9999999940922453
-0.9999999981549631
-0.9999999992773625
-0.9999999997778595
-0.9999999997775805
-0.9999999992765336
-0.9999999981535221
-0.9999999940916672
-0.9999999870271777
-0.9999999574480523
-0.9999999142195974
-0.9999996877203634
-0.9999994266930444
-0.9999975939092691
-0.9999960694921701
-0.9999804280234242
-0.9999722201114725
-0.9998320423307504
-0.999797002583374
-0.9984834632047095
-0.9984627256144067
-0.9856115925703128
-0.9878928829507925
-0.8558589834101981
-0.8999852097589598
0.5627080077202856
-0.12779597800591508
20.29087722841535
20.29078126946837
-0.1277975587164455
0.5626961631854634
-0.899985571720336
-0.8558605723281046
-0.987892966050333
-0.9856118133889487
-0.9984627430766726
-0.9984834945000727
-0.9997970059011708
-0.9998320467442237
-0.9999722206313766
-0.9999804285725185
-0.9999960694964513
-0.9999975938999859
-0.9999994266080376
-0.9999996876311443
-0.9999999141201279
-0.9999999573471694
-0.9999999869258362
-0.9999999939899915
-0.9999999980518377
-0.9999999991743551
-0.9999999996749893
-0.9999999996753673
-0.9999999991747284
-0.9999999980522616
-0.9999999939901723
-0.9999999869259504
-0.9999999573473857
-0.999999914120349
-0.9999996876315389
-0.9999994266082444
-0.9999975939003343
-0.9999960694967918
-0.9999804285723293
-0.9999722206312727
-0.9998320467441861
-0.999797005901309
-0.9984834945002417
-0.9984627430768347
-0.9856118133889996
-0.987892966050504
-0.855860572328276
-0.8999855717208798
0.5626961631852103
-0.127797558714275
20.2907812694649
20.290550478649116
-0.12780133908179275
0.5626677978880055
-0.8999864345387001
-0.8558643653073271
-0.9878931628231152
-0.9856123381423606
-0.9984627838953105
-0.9984835682275177
-0.9997970133979992
-0.9998320568750072
-0.9999722216166502
-0.9999804296420152
-0.999996069300557
-0.9999975936765699
-0.9999994262098771
-0.9999996872241866
-0.999999913689572
-0.999999956914654
-0.999999986490095
-0.9999999935533901
-0.9999999976152536
-0.9999999987376901
-0.9999999992386688
-0.9999999992388744
-0.9999999987385885
-0.9999999976160766
-0.9999999935540023
-0.9999999864903869
-0.9999999569152673
-0.9999999136902364
-0.9999996872244495
-0.999999426210171
-0.999997593676358
-0.9999960693002241
-0.999980429641524
-0.999972221616322
-0.9998320568750542
-0.999797013398548
-0.9984835682278728
-0.9984627838962447
-0.9856123381436639
-0.9878931628242632
-0.8558643653086425
-0.8999864345392896
0.5626677978881989
-0.12780133908179436
20.290550478644988
20.289994048429477
-0.1278103944905749
0.5625997371067671
-0.8999884923073388
-0.8558734316076975
-0.9878936278820238
-0.9856135851828094
-0.9984628785664031
-0.9984837413047212
-0.999797029802381
-0.9998320796429789
-0.9999722229581827
-0.9999804312288796
-0.9999960679608171
-0.9999975922866369
-0.9999994244236023
-0.9999996854200621
-0.9999999118323191
-0.999999955053916
-0.9999999846223262
-0.9999999916848441
-0.9999999957460566
-0.9999999968687673
-0.9999999973690932
-0.9999999973692384
-0.9999999968683763
-0.9999999957461265
-0.9999999916849196
-0.999999984623039
-0.9999999550540526
-0.9999999118327353
-0.9999996854196838
-0.9999994244235005
-0.9999975922863297
-0.9999960679610013
-0.9999804312283775
-0.9999722229582819
-0.9998320796430775
-0.9997970298028638
-0.9984837413044798
-0.9984628785664647
-0.9856135851829235
-0.9878936278828994
-0.8558734316081356
-0.8999884923078378
0.5625997371067551
-0.12781039449145906
20.289994048430938
20.288648723143403
-0.12783212297669239
0.5624360696355493
-0.8999934006213886
-0.8558951319983528
-0.9878947231834143
-0.9856165471048719
-0.9984630952064552
-0.9984841450436367
-0.9997970634444864
-0.9998321287500584
-0.9999722220602879
-0.9999804310498452
-0.9999960610589351
-0.999997585305789
-0.9999994165477779
-0.9999996775127529
-0.9999999038076901
-0.9999999470226982
-0.9999999765757641
-0.999999983637117
-0.9999999876965376
-0.9999999888185521
-0.9999999893190322
-0.9999999893187399
-0.9999999888187051
-0.9999999876963441
-0.9999999836372602
-0.9999999765750098
-0.9999999470219608
-0.9999999038072398
-0.9999996775125152
-0.999999416547451
-0.9999975853058657
-0.9999960610592288
-0.9999804310498589
-0.9999722220601535
-0.9998321287501372
-0.9997970634445417
-0.9984841450433064
-0.9984630952064772
-0.9856165471042967
-0.9878947231831279
-0.8558951319974439
-0.8999934006204076
0.5624360696357309
-0.12783212297814608
20.28864872314539
20.28538526616761
-0.12788435641901663
0.5620414984764106
-0.9000051020497555
-0.8559471420987737
-0.9878972869499509
-0.9856235719020807
-0.9984635791905675
-0.9984850762966416
-0.9997971224601612
-0.9998322255999106
-0.9999722028342437
-0.9999804139259012
-0.9999960286274403
-0.9999975527913642
-0.9999993820416584
-0.9999996429546183
-0.9999998689943842
-0.9999999121981085
-0.9999999417190037
-0.9999999487790481
-0.9999999528344891
-0.999999953956415
-0.9999999544563931
-0.999999954456136
-0.99999995395629
-0.9999999528340877
-0.9999999487794651
-0.9999999417190726
-0.999999912198726
-0.999999868994657
-0.9999996429545188
-0.9999993820410384
-0.9999975527912119
-0.9999960286272651
-0.9999804139258737
-0.9999722028340097
-0.9998322255997629
-0.9997971224599947
-0.998485076296646
-0.9984635791901393
-0.985623571901522
-0.9878972869499953
-0.8559471420988336
-0.9000051020502537
0.5620414984758029
-0.1278843564200075
20.28538526616901
20.277437721358464
-0.12801016203849092
0.5610874716831497
-0.9000329509068424
-0.8560719493199052
-0.9879032229924857
-0.9856401816961315
-0.9984646116854163
-0.9984871801378149
-0.9997971780313217
-0.9998323744067805
-0.999972084170484
-0.9999803013726201
-0.9999958816049445
-0.9999974058524278
-0.9999992307329926
-0.9999994915805327
-0.9999997170760426
-0.9999997602637811
-0.9999997897183184
-0.9999997967755899
-0.999999800822998
-0.9999998019441471
-0.9999998024437308
-0.999999802443724
-0.9999998019452225
-0.9999998008231277
-0.9999997967763171
-0.999999789718607
-0.9999997602650688
-0.9999997170758883
-0.9999994915806961
-0.999999230732223
-0.9999974058520728
-0.9999958816038406
-0.9999803013716442
-0.9999720841703256
-0.9998323744069096
-0.9997971780316202
-0.9984871801384809
-0.9984646116867133
-0.9856401816977037
-0.9879032229934962
-0.8560719493212859
-0.9000329509076825
0.5610874716819043
-0.12801016203909302
20.27743772135556
20.257990846388843
-0.12831374733452308
0.5587728222958392
-0.9000989792073855
-0.8563717168976481
-0.9879166998648908
-0.9856792233952489
-0.9984666032916493
-0.9984917434065952
-0.9997969574273167
-0.9998323852229175
-0.9999714847526646
-0.9999797195162358
-0.9999952232243619
-0.9999967483831248
-0.9999985638471338
-0.9999988246775775
-0.9999990490353119
-0.9999990922091511
-0.9999991215282245
-0.9999991285831203
-0.9999991326142544
-0.9999991337353081
-0.9999991342327903
-0.9999991342331909
-0.9999991337353198
-0.9999991326142323
-0.9999991285829564
-0.9999991215288345
-0.9999990922090487
-0.9999990490353088
-0.9999988246771772
-0.9999985638477624
-0.999996748383164
-0.9999952232246754
-0.9999797195150333
-0.9999714847528491
-0.9998323852230102
-0.999796957428251
-0.9984917434064511
-0.9984666032920684
-0.9856792233952201
-0.9879166998651396
-0.8563717168977278
-0.9000989792080533
0.5587728222950987
-0.12831374733538128
20.257990846389305
20.210126323653295
-0.1290476004844574
0.5531342313809202
-0.9002543434559955
-0.8570918538400917
-0.9879461756517591
-0.9857699734379377
-0.998469467340585
-0.9985007931031612
-0.9997949230387554
-0.9998309286079674
-0.9999686542492481
-0.9999769386278372
-0.9999922754503905
-0.999993804468201
-0.9999956000641433
-0.9999958611552131
-0.9999960831908757
-0.9999961263783195
-0.9999961554308534
-0.9999961624858276
-0.9999961664867807
-0.9999961676080276
-0.999996168102337
-0.9999961681019156
-0.9999961676065195
-0.9999961664856573
-0.9999961624844065
-0.9999961554299784
-0.999996126377732
-0.9999960831913868
-0.9999958611549655
-0.9999956000642634
-0.9999938044676874
-0.9999922754510777
-0.9999769386279438
-0.9999686542503926
-0.9998309286081771
-0.9997949230388037
-0.9985007931013614
-0.9984694673394165
-0.9857699734363607
-0.9879461756507351
-0.8570918538391711
-0.9002543434549142
0.5531342313816819
-0.12904760048833014
20.210126323662905
20.091438081571518
-0.13082361645382512
0.5393318124351555
-0.9006145219791376
-0.8588196689503179
-0.9880057642215194
-0.9859764391196346
-0.9984684735004259
-0.9985146988385436
-0.9997834420390211
-0.9998208936741539
-0.9999555798134563
-0.9999640009376374
-0.9999789817738921
-0.9999805236480794
-0.99998227837316
-0.9999825406886457
-0.9999827581125931
-0.9999828014199293
-0.9999828299592662
-0.9999828370253592
-0.9999828409700641
-0.9999828420921787
-0.9999828425813839
-0.9999828425811275
-0.9999828420921092
-0.9999828409701644
-0.9999828370251946
-0.9999828299582341
-0.99998280141947
-0.9999827581126667
-0.999982540689297
-0.9999822783730625
-0.9999805236485257
-0.9999789817749438
-0.9999640009384808
-0.9999555798136608
-0.9998208936743735
-0.9997834420393219
-0.9985146988384548
-0.9984684734997471
-0.985976439118879
-0.988005764220063
-0.858819668948552
-0.9006145219766937
0.5393318124366113
-0.13082361645243756
20.09143808156901
19.794246541719517
-0.13512143822310085
0.5053495301445072
-0.9014250871556488
-0.8629477380524395
-0.9881036976968227
-0.9864260584426239
-0.9984324122578242
-0.9985145125373758
-0.9997260562591148
-0.9997671129434613
-0.9998952262101446
-0.9999040115747537
-0.9999182533642517
-0.9999198326917939
-0.9999215057914934
-0.9999217720383142
-0.9999219805745287
-0.9999220243006924
-0.9999220518833283
-0.9999220589949684
-0.9999220628387211
-0.999922063965536
-0.9999220644449387
-0.9999220644444229
-0.9999220639653962
-0.9999220628381963
-0.9999220589954705
-0.9999220518834946
-0.9999220243015992
-0.9999219805748532
-0.9999217720384275
-0.999921505791247
-0.9999198326918999
-0.9999182533645787
-0.9999040115748744
-0.9998952262102871
-0.9997671129436171
-0.9997260562598013
-0.9985145125373571
-0.9984324122578042
-0.9864260584426174
-0.9881036976970623
-0.8629477380533389
-0.9014250871549838
0.5053495301459867
-0.13512143822328943
19.794246541719332
19.040082827947263
-0.14549379250849595
0.4211077414073605
-0.9031361882092345
-0.8727092130186866
-0.9881490725046316
-0.9873106569373444
-0.9981952603008144
-0.9983633368112863
-0.9994489215605418
-0.9994988353003893
-0.9996131437550242
-0.9996228554235222
-0.9996356122270194
-0.9996372898054829
-0.9996388053480942
-0.9996390821046187
-0.9996392740913025
-0.9996393189438447
-0.9996393448016538
-0.999639352033721
-0.999639355698726
-0.9996393568382178
-0.9996393573012134
-0.9996393573013278
-0.9996393568386389
-0.9996393556984773
-0.9996393520343314
-0.999639344802195
-0.9996393189450796
-0.9996392740909354
-0.9996390821046102
-0.9996388053476404
-0.9996372898051602
-0.9996356122255894
-0.9996228554222437
-0.9996131437545492
-0.9994988353008782
-0.9994489215609041
-0.9983633368114476
-0.9981952603009663
-0.9873106569379699
-0.9881490725053168
-0.8727092130193874
-0.9031361882099365
0.42110774140625284
-0.14549379251126937
19.04008282794679
17.08874143077663
-0.1703312485128735
0.21066079697251205
-0.906199618122596
-0.8952527931741217
-0.9874213810283496
-0.9885694185902572
-0.996918051042422
-0.9972893783238925
-0.998106124289657
-0.998177134630288
-0.9982634858644761
-0.998275411123775
-0.998285296181131
-0.9982872069080222
-0.9982884297309285
-0.9982887310034557
-0.9982888932956768
-0.9982889407145764
-0.9982889635691397
-0.9982889710680161
-0.9982889744289903
-0.9982889755960296
-0.9982889760310142
-0.9982889760314657
-0.9982889755956075
-0.9982889744288537
-0.9982889710670708
-0.9982889635688765
-0.998288940714538
-0.9982888932959979
-0.9982887310036102
-0.9982884297315262
-0.9982872069082391
-0.9982852961815004
-0.9982754111235422
-0.9982634858652244
-0.9981771346306209
-0.9981061242899127
-0.9972893783233188
-0.9969180510427909
-0.9885694185899321
-0.9874213810285593
-0.8952527931738259
-0.9061996181226224
0.21066079697108064
-0.17033124851439563
17.0887414307793
11.881395084344021
-0.22882282398958853
-0.31860827271378833
-0.9087601848500271
-0.9444473645876752
-0.9817434106063867
-0.9875060360261632
-0.9903078072063045
-0.9911449435901722
-0.9914107780544593
-0.9915294238188764
-0.9915614686739659
-0.9915782786329936
-0.9915828232623628
-0.9915852329647923
-0.9915859310132432
-0.9915862828621664
-0.9915863936673442
-0.9915864461539354
-0.9915864639812261
-0.9915864719781562
-0.9915864748554546
-0.991586476069066
-0.9915864764629044
-0.9915864764631621
-0.9915864760684261
-0.9915864748547245
-0.9915864719777616
-0.9915864639813031
-0.9915864461540649
-0.9915863936675406
-0.991586282862061
-0.9915859310128501
-0.9915852329647701
-0.9915828232620727
-0.99157827863342
-0.9915614686749902
-0.9915294238193981
-0.9914107780537962
-0.9911449435896962
-0.9903078072055032
-0.9875060360250302
-0.9817434106050233
-0.9444473645867753
-0.9087601848495317
-0.31860827271466274
-0.2288228239912098
11.88139508434824
-2.8272688637757186
-0.36354549345979437
-1.64612391545211
-0.8914914715882395
-1.034921447097763
-0.9475828938127224
-0.9635249937404298
-0.9548529486869967
-0.9566843007229486
-0.955881645391091
-0.9560991756933191
-0.9560295870997795
-0.9560563842545516
-0.9560509883652697
-0.9560544240385398
-0.9560541151167767
-0.9560545739449109
-0.9560545780792349
-0.956054641731398
-0.9560546475799214
-0.9560546567019225
-0.9560546581299842
-0.9560546594446818
-0.9560546596729559
-0.9560546596728206
-0.9560546594448507
-0.9560546581301154
-0.9560546567022741
-0.9560546475797931
-0.9560546417313296
-0.9560545780796018
-0.9560545739452444
-0.956054115116502
-0.956054424038262
-0.9560509883649795
-0.9560563842539782
-0.9560295870993917
-0.9560991756923523
-0.955881645391536
-0.9566843007241987
-0.9548529486883695
-0.9635249937417467
-0.9475828938140924
-1.0349214470984984
-0.8914914715887055
-1.64612391545099
-0.36354549346035414
-2.82726886378342
-50.56815929838212
-0.7009883188234753
-4.815360108092735
-0.6877515113988222
-1.0446030346285575
-0.7093952690088221
-0.7424695253956048
-0.7155992992988797
-0.7186956244330225
-0.7165951605324685
-0.716875613703156
-0.7167183945518417
-0.7167412354371332
-0.7167300665237908
-0.7167313549079593
-0.7167305552659639
-0.7167304933309719
-0.7167304167723965
-0.7167303746314224
-0.7167303617075846
-0.7167303508542238
-0.71673034800676
-0.7167303457893811
-0.7167303452870932
-0.7167303452871895
-0.7167303457887101
-0.7167303480070237
-0.7167303508544317
-0.7167303617097751
-0.716730374632046
-0.7167304167733494
-0.7167304933297274
-0.7167305552653165
-0.716731354905356
-0.7167300665247938
-0.7167412354363993
-0.7167183945523719
-0.7168756137020567
-0.7165951605351417
-0.718695624433487
-0.7155992992992158
-0.7424695253952922
-0.7093952690111102
-1.0446030346305526
-0.6877515114012037
-4.815360108093818
-0.7009883188251014
-50.568159298375335
-359.01883975059457
3.9219846790644297
-3.883510994006702
20.49960389125755
20.209542077593042
22.396782037655353
22.411842095674714
22.628191738556747
22.634974098914498
22.65770242649424
22.659080733508766
22.66158795737629
22.661824692644323
22.662114254045534
22.66215249266216
22.662187504781585
22.662193536032632
22.66219797028576
22.662198915067133
22.66219950292168
22.66219965109009
22.662199732246172
22.66219975507194
22.6621997650491
22.662199765049152
22.66219975506747
22.662199732237188
22.662199651088425
22.662199502921602
22.662198915079934
22.66219797028767
22.662193536037435
22.662187504764006
22.662152492657597
22.66211425404201
22.661824692647475
22.661587957380082
22.659080733510145
22.657702426510912
22.634974098911616
22.628191738562208
22.41184209567332
22.396782037650517
20.209542077585233
20.499603891257905
-3.8835109940083035
3.9219846790716577
-359.0188397506015