-321.73545577670274
-2.0042562226813363
-10.258606811302958
14.444596662192108
15.426176322650235
18.747144260344903
19.339361956791677
19.966353455687162
20.165431684618753
20.31216434429502
20.37274522728261
20.411599035351244
20.429800005987172
20.440845271724278
20.44637453199154
20.449657063217902
20.451366089675943
20.452372324893982
20.45290977172108
20.453224911675143
20.4533952837524
20.453493124614326
20.45354310529688
20.4535652776375
20.453565277657574
20.453543105291722
20.453493124622447
20.453395283750194
20.453224911693653
20.452909771691175
20.45237232492243
20.451366089659473
20.449657063215835
20.446374531989484
20.44084527172684
20.429800005985626
20.41159903534207
20.37274522729606
20.31216434427651
20.165431684636765
19.96635345567606
19.33936195682344
18.747144260322457
15.426176322681453
14.444596662158316
-10.258606811288324
-2.0042562226994973
-321.7354557766923
-29.96924371547374
-6.705314176872183
-5.500055478271401
-2.3220411288265153
-0.6309797455267601
-0.004758006173083251
0.5356907363298062
0.6984099030068724
0.8487086310987952
0.896677929934387
0.9383368233939147
0.9531291644183943
0.9649901114774384
0.9696344947165894
0.97311819647304
0.974593223314282
0.9756459659325436
0.9761193215499827
0.9764451755703412
0.9765982764135461
0.9767004072538727
0.9767489948626553
0.9767787334026152
0.9767898759211521
0.9767898759221905
0.9767787334035298
0.9767489948630963
0.9767004072533287
0.9765982764124757
0.9764451755715986
0.9761193215489803
0.975645965932658
0.9745932233135166
0.9731181964746234
0.9696344947174566
0.9649901114795616
0.9531291644169793
0.9383368233935983
0.8966779299342837
0.8487086310983301
0.6984099030070525
0.5356907363313415
-0.004758006174058808
-0.630979745526232
-2.3220411288269496
-5.5000554782746365
-6.705314176868975
-29.969243715470142
-5.9306707114392285
-1.6430257310685406
-3.0472983237907676
-1.4284388687445106
-1.3926678018279535
-0.917006062363327
-0.8411389719997855
-0.7012501908011293
-0.6689648984392232
-0.627482015819522
-0.6160060200349495
-0.6035814423928563
-0.5996991419486191
-0.5959309071120126
-0.5946375516803117
-0.5934780566665705
-0.5930487332813501
-0.5926864875255466
-0.5925439217198356
-0.5924292810840484
-0.59238224458973
-0.5923464484249478
-0.59233228982866
-0.5923241556455856
-0.5923241556454335
-0.5923322898288423
-0.5923464484246603
-0.5923822445912548
-0.5924292810841205
-0.5925439217200501
-0.5926864875257173
-0.5930487332814802
-0.5934780566655923
-0.5946375516793099
-0.5959309071117453
-0.5996991419475294
-0.6035814423941995
-0.6160060200349378
-0.627482015819961
-0.6689648984394506
-0.7012501908018285
-0.8411389719985245
-0.9170060623639964
-1.3926678018278644
-1.4284388687445393
-3.0472983237904914
-1.6430257310674956
-5.930670711439889
8.05978618025728
-0.5550287241943398
-0.7142043218091813
-1.0924379372655593
-1.0203514274132683
-1.0151528363757338
-0.955928333301586
-0.9413169167299706
-0.9156157670594158
-0.9089068776104554
-0.8995477780122921
-0.8969834283206608
-0.8938012560922166
-0.892879133207434
-0.8918275862368119
-0.8915048204843928
-0.8911608655086889
-0.8910494535307237
-0.8909371045595189
-0.8908990744512064
-0.8908625401232801
-0.8908500232811102
-0.8908391300168566
-0.8908362056665954
-0.8908362056670507
-0.8908391300167307
-0.8908500232810084
-0.8908625401237213
-0.8908990744508841
-0.8909371045591998
-0.8910494535309308
-0.8911608655089504
-0.8915048204839787
-0.891827586236829
-0.8928791332076536
-0.8938012560918064
-0.8969834283214477
-0.8995477780117811
-0.9089068776106395
-0.9156157670591591
-0.9413169167303019
-0.9559283333008752
-1.015152836375803
-1.0203514274135552
-1.0924379372654112
-0.7142043218083108
-0.5550287241944871
8.059786180257653
13.027736203537106
0.06311171815057501
0.1360194321617192
-0.7652389245053086
-0.8520887737659628
-0.9391122641148987
-0.9614626784185719
-0.9666249359821961
-0.9703033678589273
-0.9683088777489205
-0.9685522995784972
-0.9672028194220607
-0.9670587685084946
-0.966473779952334
-0.9663749411480793
-0.9661524293107409
-0.9661078299398138
-0.9660278744555051
-0.9660103325660865
-0.9659824465588827
-0.9659760734602618
-0.9659667560394208
-0.96596474480617
-0.9659625444657517
-0.9659625444662285
-0.9659647448058686
-0.9659667560394822
-0.9659760734606726
-0.9659824465587372
-0.9660103325657661
-0.9660278744554948
-0.9661078299399682
-0.966152429310534
-0.9663749411485524
-0.9664737799526429
-0.967058768508148
-0.9672028194227518
-0.9685522995779362
-0.9683088777492137
-0.9703033678589209
-0.9666249359822612
-0.9614626784180653
-0.9391122641148494
-0.852088773766075
-0.7652389245050656
0.13601943216178364
0.06311171814997732
13.027736203536811
15.582169238539642
0.3246542041074979
0.6099208118962474
-0.6202696315299935
-0.7271279675656073
-0.8965501511723852
-0.9358688441133299
-0.9670547773393641
-0.976941523636363
-0.9836311807286263
-0.9857840612653018
-0.987332859807874
-0.9877440913871056
-0.9881184322947265
-0.9881792489656362
-0.988272696844386
-0.9882743767437943
-0.9882985156655508
-0.9882945319626091
-0.9883010518738288
-0.9882986243402518
-0.9883004551990352
-0.9882994928619366
-0.9882998906090967
-0.9882998906094681
-0.9882994928620114
-0.9883004551988055
-0.9882986243407745
-0.9883010518735571
-0.9882945319626228
-0.9882985156656167
-0.9882743767443284
-0.9882726968435542
-0.9881792489659786
-0.9881184322948585
-0.9877440913867876
-0.9873328598082669
-0.9857840612649064
-0.9836311807285265
-0.9769415236361383
-0.9670547773393455
-0.9358688441129819
-0.8965501511727907
-0.7271279675656929
-0.6202696315300612
0.609920811896862
0.32465420410709156
15.582169238541077
16.754543749717214
0.461332885004334
0.8307609383360268
-0.5359819940195664
-0.6657855324949631
-0.8651485479442087
-0.9203815422764241
-0.9600893209862377
-0.9767141095789806
-0.9860231495069133
-0.99069133740165
-0.9930452943484009
-0.9943484996260472
-0.9949662204593541
-0.9953357180527805
-0.9955016075462335
-0.9956089554558095
-0.9956543637722229
-0.9956864552944555
-0.9956990931749252
-0.9957089172120746
-0.9957124205468775
-0.9957152532054334
-0.9957159857057014
-0.9957159857055177
-0.9957152532057787
-0.9957124205460408
-0.995708917212473
-0.9956990931746146
-0.9956864552945628
-0.9956543637719935
-0.9956089554564733
-0.9955016075453839
-0.9953357180530988
-0.994966220459896
-0.9943484996253704
-0.993045294348564
-0.9906913374017541
-0.9860231495068623
-0.976714109578136
-0.9600893209869099
-0.9203815422756323
-0.8651485479447556
-0.6657855324944174
-0.5359819940205335
0.8307609383370285
0.4613328850030992
16.754543749718408
17.35327907503135
0.5281729781631896
0.9472721493505405
-0.49392751123044804
-0.6306801986906573
-0.848462141529734
-0.9095768940202509
-0.9554037415373402
-0.974530101802227
-0.9860600039720115
-0.9916350176124136
-0.9947985447865899
-0.9964075034186399
-0.9973159060809385
-0.997784085190681
-0.9980528770216573
-0.9981910746573
-0.9982726108084294
-0.998314061264283
-0.9983393272647826
-0.9983518757748231
-0.9983596667656096
-0.9983632089221758
-0.9983649705508109
-0.9983649705501961
-0.9983632089227317
-0.9983596667644696
-0.9983518757751922
-0.9983393272644709
-0.9983140612648214
-0.9982726108078026
-0.9981910746584717
-0.9980528770210646
-0.997784085191028
-0.9973159060810047
-0.9964075034182522
-0.9947985447867619
-0.991635017612821
-0.9860600039718498
-0.9745301018019321
-0.9554037415379184
-0.909576894019009
-0.8484621415302169
-0.630680198690215
-0.4939275112310991
0.947272149350928
0.528172978162492
17.353279075032354
17.65085952853012
0.5629765794204937
1.0059530514301134
-0.4711368389859331
-0.6125069628227243
-0.8387365848419283
-0.9035921162072582
-0.9521160474455743
-0.9729566700906367
-0.9854384082042742
-0.9917034933104648
-0.9952040873992773
-0.9970758911719615
-0.9981006691907627
-0.9986658865808562
-0.9989736490831267
-0.9991470034842542
-0.9992411904624676
-0.9992952428725388
-0.9993244729658783
-0.9993414775650813
-0.9993504386152151
-0.9993554018550722
-0.9993574120249396
-0.9993574120245337
-0.9993554018553723
-0.9993504386146499
-0.9993414775652592
-0.9993244729655819
-0.9992952428728012
-0.9992411904622882
-0.9991470034849579
-0.9989736490822032
-0.9986658865813097
-0.9981006691908664
-0.9970758911715782
-0.9952040873990473
-0.9917034933102772
-0.9854384082043948
-0.9729566700902601
-0.9521160474458469
-0.9035921162065786
-0.838736584842394
-0.6125069628224471
-0.4711368389863855
1.0059530514302124
0.5629765794202025
17.65085952853093
17.804512971845405
0.5808227804617758
1.0367992753739492
-0.45928903315799674
-0.6026101922280291
-0.8335196986975141
-0.9001003071816993
-0.950216858415913
-0.9718533572626322
-0.9849419712049052
-0.9915259759756785
-0.9952611916649153
-0.9972528674485774
-0.9983670192726087
-0.9989753953176054
-0.9993165656761932
-0.9995049173596922
-0.9996114013800378
-0.9996704917000545
-0.9997041899875043
-0.9997228176617143
-0.9997333398361958
-0.9997387687340993
-0.9997411595507877
-0.9997411595510881
-0.999738768734076
-0.9997333398356831
-0.9997228176618278
-0.9997041899876933
-0.999670491699707
-0.9996114013803483
-0.999504917359746
-0.9993165656759309
-0.9989753953179124
-0.9983670192727931
-0.997252867448658
-0.9952611916649792
-0.9915259759757896
-0.9849419712047438
-0.971853357262486
-0.9502168584157835
-0.9001003071816787
-0.8335196986974215
-0.6026101922281009
-0.4592890331584639
1.0367992753729753
0.5808227804616046
17.804512971845657
17.883477983480383
0.5901880535523414
1.0528244253276435
-0.45294921967341606
-0.5973779272322675
-0.8306342220249529
-0.8981889441642523
-0.9490944495609769
-0.9711973861939767
-0.9845850429514084
-0.9913661800897577
-0.9952165839873519
-0.9972873876690724
-0.9984450838380317
-0.9990842302518422
-0.9994414060494914
-0.9996414521712671
-0.9997536440684345
-0.9998171016944648
-0.9998527683009232
-0.9998729901101442
-0.9998841523503799
-0.9998901000298632
-0.9998926374494495
-0.9998926374499371
-0.9998901000296194
-0.9998841523501456
-0.9998729901099985
-0.9998527683010865
-0.9998171016939412
-0.9997536440690334
-0.9996414521711436
-0.999441406049657
-0.9990842302518026
-0.9984450838380831
-0.9972873876689423
-0.9952165839869553
-0.9913661800898113
-0.9845850429508868
-0.9711973861937279
-0.9490944495606455
-0.8981889441644608
-0.8306342220247014
-0.5973779272327722
-0.4529492196734102
1.052824425327193
0.5901880535534703
17.883477983479327
17.924721261186303
0.5950921317009082
1.0612932232260022
-0.44959631559867125
-0.5945597991993685
-0.8290794443751299
-0.8971245394588829
-0.948466997316118
-0.9708064574936518
-0.98436598199246
-0.991247531820208
-0.9951672161924808
-0.9972784264931109
-0.9984637650556306
-0.999118593517275
-0.9994865929542173
-0.9996925380399868
-0.9998088886779002
-0.9998744984025487
-0.9999117318928531
-0.9999327087518426
-0.9999444331602103
-0.9999506151539752
-0.9999532915910484
-0.9999532915907414
-0.9999506151539455
-0.9999444331601786
-0.9999327087520077
-0.9999117318927863
-0.999874498402745
-0.9998088886778513
-0.9996925380398642
-0.9994865929544584
-0.9991185935173857
-0.9984637650554689
-0.9972784264931653
-0.9951672161924872
-0.9912475318201097
-0.9843659819924002
-0.9708064574939199
-0.9484669973160791
-0.8971245394589179
-0.8290794443749686
-0.5945597991994289
-0.44959631559854935
1.0612932232256433
0.5950921317005388
17.924721261185347
17.946287797842068
0.5976865104469282
1.0657604740484663
-0.4478024314166717
-0.5930553992238837
-0.8282324181677938
-0.8965444227197599
-0.9481138452074516
-0.9705846156946829
-0.9842336354590129
-0.9911725256170207
-0.9951284606599434
-0.9972635923034897
-0.9984634600131737
-0.999127988192416
-0.9995016831213834
-0.9997114724091383
-0.9998299986727923
-0.999897100739394
-0.9999351405829764
-0.9999566799998423
-0.9999686860342444
-0.9999750551567674
-0.9999777995407326
-0.9999777995403409
-0.9999750551568751
-0.9999686860340664
-0.9999566799996804
-0.9999351405825441
-0.9998971007394453
-0.9998299986725246
-0.999711472409283
-0.9995016831214145
-0.999127988192504
-0.9984634600125615
-0.9972635923039956
-0.9951284606601398
-0.9911725256167183
-0.9842336354590637
-0.9705846156945959
-0.9481138452072531
-0.8965444227195729
-0.8282324181680805
-0.5930553992234406
-0.4478024314164891
1.0657604740476065
0.5976865104458811
17.946287797842153
17.957656614566716
0.5990607003727428
1.0681357028593812
-0.44684526960059245
-0.5922460844901665
-0.8277749767665619
-0.8962263730259208
-0.947918997520854
-0.9704587994418483
-0.9841573463696964
-0.9911265798106559
-0.9951030811717123
-0.9972509620373404
-0.998459329467765
-0.999129060383636
-0.9995062124907177
-0.9997180707841303
-0.9998379769469554
-0.9999058803274476
-0.9999444586173328
-0.9999662970429622
-0.9999785017934129
-0.9999849688896495
-0.9999877632279102
-0.9999877632277039
-0.9999849688896335
-0.9999785017934819
-0.9999662970431009
-0.9999444586173816
-0.9999058803268965
-0.9998379769472081
-0.9997180707837968
-0.9995062124908289
-0.9991290603841776
-0.9984593294672031
-0.9972509620372325
-0.9951030811715019
-0.991126579810538
-0.9841573463693589
-0.9704587994416207
-0.9479189975206987
-0.8962263730259237
-0.8277749767674267
-0.5922460844896513
-0.44684526960025406
1.0681357028591243
0.5990607003735275
17.95765661456555
17.963664252716043
0.5997924799914447
1.0693997848542356
-0.44633179510173915
-0.5918116792419841
-0.827526836414123
-0.8960533566900754
-0.9478113136741588
-0.9703887497963164
-0.9841136794296711
-0.9910997223751397
-0.9950872525931904
-0.9972423452875923
-0.9984553061311634
-0.9991280573657038
-0.9995070914621043
-0.9997201890062452
-0.9998408500374809
-0.9999092514422234
-0.9999481244167947
-0.9999701565650359
-0.999982469561497
-0.9999890026248589
-0.9999918240133325
-0.9999918240136523
-0.9999890026245067
-0.9999824695619026
-0.9999701565648238
-0.9999481244172259
-0.9999092514414473
-0.9998408500377107
-0.9997201890057696
-0.9995070914627122
-0.9991280573662096
-0.9984553061304946
-0.9972423452882551
-0.9950872525936102
-0.9910997223756846
-0.9841136794291729
-0.9703887497970465
-0.9478113136737952
-0.8960533566904019
-0.8275268364140491
-0.5918116792423498
-0.44633179510086607
1.069399784852905
0.5997924799928281
17.963664252714622
17.966853801389114
0.6001829079862883
1.0700754248543882
-0.446056320620004
-0.591577637206196
-0.8273926042024632
-0.8959590256890533
-0.9477522665397782
-0.9703498033629347
-0.9840891399566777
-0.991084217330515
-0.9950778587939832
-0.99723685673582
-0.9984524102476002
-0.9991268105206277
-0.9995069310778906
-0.9997207105649137
-0.9998418192352139
-0.9999104963383297
-0.9999495495493376
-0.999971689228399
-0.9999840705806426
-0.99999064024319
-0.9999934791092546
-0.999993479109672
-0.9999906402427376
-0.9999840705811818
-0.9999716892279803
-0.9999495495492545
-0.9999104963381289
-0.9998418192355014
-0.9997207105639853
-0.9995069310782042
-0.9991268105207539
-0.9984524102473394
-0.9972368567361248
-0.9950778587933391
-0.9910842173301566
-0.984089139956124
-0.9703498033636277
-0.9477522665388933
-0.8959590256897734
-0.8273926042023063
-0.5915776372066887
-0.4460563206186998
1.0700754248544229
0.6001829079882187
17.966853801388467
17.968551240252907
0.6003918889407522
1.0704371058131708
-0.4459080937719415
-0.5914515518626025
-0.8273198379594933
-0.8959077397763964
-0.9477198804497947
-0.9703283179511595
-0.9840754068526381
-0.9910754321562509
-0.9950723827633141
-0.9972335473010877
-0.9984505154743303
-0.9991258455681199
-0.9995065639222089
-0.9997207355565391
-0.9998420925400742
-0.9999109318752852
-0.9999500857385446
-0.9999722903114129
-0.9999847099995968
-0.99999130225283
-0.9999941509379806
-0.99999415093829
-0.9999913022522952
-0.999984710000092
-0.9999722903109644
-0.9999500857387689
-0.9999109318754855
-0.9998420925400213
-0.9997207355562178
-0.9995065639229064
-0.9991258455684354
-0.9984505154740926
-0.9972335473013041
-0.9950723827628509
-0.9910754321560029
-0.9840754068523364
-0.9703283179518217
-0.9477198804488343
-0.8959077397774659
-0.8273198379594711
-0.5914515518630168
-0.44590809377139223
1.0704371058128554
0.6003918889416633
17.968551240251408
17.96945733852604
0.6005039460558625
1.0706312305053816
-0.4458282716005766
-0.5913834843322168
-0.8272804188062681
-0.8958798291974754
-0.9477021754917784
-0.9703164799463273
-0.9840677843468417
-0.9910704868830225
-0.9950692536665247
-0.9972315982230442
-0.9984493520328616
-0.9991251924576718
-0.9995062476570282
-0.9997206363242104
-0.999842135667064
-0.999911065528569
-0.9999502782400869
-0.9999725192794512
-0.9999849618276699
-0.9999915668367146
-0.9999944214583152
-0.9999944214581438
-0.9999915668365862
-0.9999849618284922
-0.999972519278904
-0.9999502782397954
-0.9999110655288721
-0.9998421356666773
-0.9997206363238933
-0.9995062476574201
-0.9991251924573512
-0.998449352032668
-0.9972315982235977
-0.9950692536666881
-0.9910704868832383
-0.9840677843472228
-0.9703164799471273
-0.9477021754907484
-0.8958798291983303
-0.8272804188058721
-0.5913834843323522
-0.44582827159966665
1.0706312305059624
0.6005039460579921
17.96945733852505
17.96994190152406
0.6005641497320513
1.0707355556938205
-0.44578521598586945
-0.5913467245394208
-0.8272590437245441
-0.8958646573033444
-0.9476924991262172
-0.9703099820055932
-0.984063565441673
-0.9910677278892208
-0.9950674817718188
-0.9972304752978258
-0.998448658912111
-0.9991247830247447
-0.9995060239098293
-0.9997205348033271
-0.9998421132661637
-0.9999110948879928
-0.9999503405705994
-0.9999726028033007
-0.9999850582482412
-0.9999916707767624
-0.9999945287609725
-0.9999945287601405
-0.9999916707766492
-0.9999850582485796
-0.9999726028029827
-0.9999503405706358
-0.9999110948888478
-0.9998421132661661
-0.9997205348032321
-0.999506023910123
-0.9991247830241826
-0.9984486589121336
-0.9972304752977437
-0.9950674817713487
-0.9910677278888267
-0.9840635654420237
-0.9703099820059742
-0.9476924991254141
-0.8958646573041187
-0.8272590437237939
-0.5913467245402757
-0.44578521598602183
1.0707355556944782
0.6005641497327321
17.969941901524138
17.970201360252734
0.6005965132926032
1.0707916708840892
-0.4457619920050975
-0.5913268642933709
-0.8272474632182791
-0.8958564132984077
-0.9476872231141996
-0.9703064218548765
-0.9840612420503898
-0.9910661960143832
-0.9950664889332601
-0.9972298361947647
-0.9984482563968202
-0.9991245361386678
-0.9995058802436491
-0.9997204586858008
-0.999842081647005
-0.9999110921012666
-0.9999503565718466
-0.9999726307001686
-0.9999850935891874
-0.999991710363112
-0.9999945703050507
-0.9999945703048613
-0.9999917103632057
-0.9999850935895392
-0.9999726306999812
-0.9999503565721046
-0.9999110921016056
-0.9998420816472412
-0.9997204586853079
-0.9995058802441114
-0.9991245361377727
-0.9984482563966726
-0.9972298361950374
-0.9950664889338572
-0.9910661960140159
-0.9840612420507405
-0.9703064218551043
-0.9476872231136065
-0.8958564132990402
-0.8272474632179077
-0.5913268642940663
-0.4457619920048417
1.0707916708846361
0.6005965132928189
17.97020136025261
17.970340034959563
0.6006138766529515
1.070821785974047
-0.4457494938726046
-0.5913161653749739
-0.8272412069519242
-0.8958519509668492
-0.9476843571535292
-0.9703044818649427
-0.9840599694445034
-0.991065352504884
-0.9950659375291175
-0.997229477680768
-0.9984480267605027
-0.9991243919919885
-0.9995057926754332
-0.9997204085547029
-0.999842056077964
-0.9999110826766808
-0.9999503575934106
-0.9999726384569502
-0.9999851055125814
-0.9999917247129649
-0.9999945857557588
-0.9999945857556851
-0.9999917247129082
-0.9999851055133981
-0.9999726384564733
-0.9999503575935416
-0.9999110826767175
-0.9998420560774994
-0.9997204085537498
-0.9995057926755908
-0.9991243919918579
-0.9984480267610176
-0.9972294776808631
-0.9950659375292987
-0.9910653525048523
-0.9840599694454399
-0.9703044818653754
-0.9476843571529842
-0.8958519509670614
-0.8272412069514782
-0.5913161653742989
-0.4457494938722054
1.0708217859754816
0.6006138766535448
17.970340034956955
17.970413347891228
0.6006230859522332
1.0708377646675395
-0.44574284784146867
-0.5913104698525761
-0.8272378694629123
-0.8958495658446581
-0.9476828214989815
-0.9703034391695066
-0.984059283070067
-0.9910648953088184
-0.9950656369592839
-0.9972292805474633
-0.998447899106535
-0.999124310405245
-0.999505741792082
-0.9997203779606609
-0.9998420389185263
-0.9999110743222785
-0.9999503550038792
-0.9999726395641558
-0.9999851089388114
-0.9999917294778218
-0.9999945911374848
-0.9999945911367346
-0.9999917294783613
-0.999985108939297
-0.9999726395636799
-0.9999503550041413
-0.9999110743231172
-0.9998420389181907
-0.9997203779605672
-0.9995057417929907
-0.9991243104045751
-0.998447899105722
-0.9972292805483908
-0.9950656369593938
-0.9910648953086794
-0.9840592830706043
-0.9703034391692358
-0.9476828214990227
-0.8958495658446184
-0.8272378694631093
-0.5913104698515173
-0.4457428478429124
1.0708377646674068
0.6006230859533546
17.970413347890975
17.970450418403587
0.6006277553979642
1.0708458681124726
-0.4457394709611889
-0.5913075738589348
-0.8272361693387589
-0.8958483493013938
-0.9476820365169089
-0.9703029051069771
-0.9840589304430909
-0.9910646596776388
-0.995065481308669
-0.9972291778967286
-0.9984478320588144
-0.9991242670715527
-0.9995057142591017
-0.9997203609302129
-0.9998420288343537
-0.9999110688265205
-0.9999503525036864
-0.9999726390027115
-0.9999851095882655
-0.9999917308337635
-0.9999945928161189
-0.999994592815163
-0.9999917308344141
-0.9999851095885244
-0.9999726390029063
-0.9999503525036872
-0.9999110688267383
-0.9998420288336731
-0.9997203609298099
-0.9995057142588097
-0.9991242670711633
-0.9984478320586838
-0.9972291778974218
-0.9950654813085755
-0.9910646596780848
-0.9840589304439381
-0.9703029051063392
-0.9476820365171333
-0.8958483493002333
-0.8272361693394731
-0.5913075738573337
-0.445739470962493
1.0708458681143918
0.6006277553982133
17.970450418401224
17.97046590316835
0.6006297094223984
1.0708492597999393
-0.44573805587741355
-0.5913063596064928
-0.8272354557193777
-0.8958478381627952
-0.9476817062930215
-0.9703026801007459
-0.9840587816292337
-0.9910645600053005
-0.9950654152977461
-0.9972291341925854
-0.9984478033805636
-0.999124248398525
-0.9995057022766601
-0.9997203533918277
-0.9998420242496658
-0.9999110661892194
-0.9999503511455772
-0.9999726384708006
-0.9999851095762751
-0.9999917311229956
-0.9999945932443746
-0.999994593243175
-0.9999917311240802
-0.9999851095760326
-0.9999726384714017
-0.9999503511455947
-0.9999110661894636
-0.9998420242488157
-0.9997203533920798
-0.9995057022765108
-0.9991242483985141
-0.9984478033798779
-0.9972291341933479
-0.995065415297693
-0.9910645600056273
-0.9840587816297854
-0.9703026800995851
-0.9476817062937841
-0.895847838161913
-0.8272354557209942
-0.5913063596042301
-0.4457380558792322
1.0708492598011201
0.6006297094211609
17.97046590316852
17.970465903169334
0.6006297094225738
1.0708492597998864
-0.4457380558779753
-0.5913063596064341
-0.8272354557193858
-0.8958478381625623
-0.9476817062929948
-0.9703026801007748
-0.984058781629157
-0.991064560005443
-0.9950654152978429
-0.9972291341929769
-0.998447803380736
-0.9991242483986413
-0.9995057022763028
-0.9997203533914782
-0.9998420242499007
-0.999911066188729
-0.9999503511453876
-0.9999726384709968
-0.9999851095764345
-0.999991731123282
-0.9999945932446418
-0.9999945932435854
-0.999991731123999
-0.9999851095763448
-0.9999726384711716
-0.9999503511456592
-0.9999110661894741
-0.9998420242493844
-0.9997203533922745
-0.9995057022767619
-0.9991242483981598
-0.9984478033799
-0.9972291341935473
-0.9950654152973188
-0.9910645600053529
-0.9840587816294035
-0.9703026801001761
-0.9476817062940744
-0.8958478381623015
-0.8272354557202874
-0.5913063596047737
-0.4457380558793659
1.070849259799392
0.6006297094203488
17.970465903170798
17.970450418401775
0.6006277553994813
1.070845868111853
-0.44573947096151384
-0.591307573858711
-0.827236169338594
-0.8958483493010612
-0.9476820365169784
-0.9703029051070562
-0.984058930442929
-0.9910646596780599
-0.9950654813091164
-0.9972291778968776
-0.9984478320588324
-0.9991242670716647
-0.999505714258886
-0.9997203609300946
-0.9998420288345793
-0.9999110688263099
-0.9999503525038824
-0.9999726390031355
-0.999985109588762
-0.9999917308340889
-0.9999945928163138
-0.9999945928152518
-0.9999917308341312
-0.9999851095887851
-0.9999726390029264
-0.9999503525035073
-0.9999110688266111
-0.999842028834045
-0.9997203609295957
-0.9995057142589061
-0.9991242670712057
-0.9984478320586936
-0.9972291778973691
-0.9950654813085446
-0.9910646596781784
-0.9840589304435965
-0.9703029051071517
-0.9476820365167746
-0.8958483493007622
-0.827236169339075
-0.5913075738576459
-0.44573947096234623
1.0708458681132695
0.6006277553992827
17.970450418402393
17.970413347890133
0.6006230859557189
1.0708377646676182
-0.4457428478416341
-0.5913104698519832
-0.8272378694627185
-0.895849565844518
-0.9476828214992814
-0.970303439169822
-0.984059283070386
-0.9910648953092018
-0.995065636959672
-0.9972292805477143
-0.9984478991065443
-0.9991243104049115
-0.9995057417919226
-0.999720377960167
-0.9998420389182523
-0.9999110743222264
-0.9999503550038862
-0.9999726395641566
-0.999985108938495
-0.9999917294778852
-0.9999945911368597
-0.9999945911369066
-0.9999917294777381
-0.999985108939388
-0.9999726395637936
-0.9999503550040448
-0.9999110743225356
-0.9998420389184992
-0.9997203779600984
-0.999505741792658
-0.9991243104045995
-0.9984478991059378
-0.997229280547971
-0.9950656369596014
-0.9910648953088004
-0.9840592830698436
-0.9703034391700083
-0.9476828214988653
-0.8958495658452883
-0.8272378694632602
-0.5913104698523717
-0.44574284784195745
1.0708377646665395
0.6006230859541426
17.970413347891398
17.970340034956422
0.600613876653779
1.0708217859746798
-0.4457494938727732
-0.5913161653743904
-0.8272412069513722
-0.8958519509664984
-0.9476843571536153
-0.9703044818653022
-0.984059969444788
-0.9910653525053623
-0.9950659375298055
-0.9972294776809116
-0.9984480267607742
-0.9991243919921022
-0.9995057926758095
-0.9997204085550517
-0.9998420560785217
-0.9999110826764017
-0.9999503575937432
-0.9999726384569356
-0.9999851055127338
-0.9999917247134607
-0.9999945857562109
-0.9999945857559396
-0.9999917247130525
-0.9999851055134734
-0.999972638456398
-0.9999503575934798
-0.9999110826769979
-0.9998420560783399
-0.9997204085541853
-0.9995057926761666
-0.9991243919919901
-0.9984480267609159
-0.9972294776810029
-0.9950659375290896
-0.9910653525051418
-0.9840599694452903
-0.97030448186598
-0.9476843571526287
-0.8958519509669592
-0.8272412069513
-0.5913161653749117
-0.44574949387263124
1.0708217859744638
0.600613876654334
17.970340034957285
17.970201360248257
0.6005965132939546
1.070791670885518
-0.4457619920056769
-0.5913268642939766
-0.8272474632186653
-0.895856413298826
-0.9476872231141403
-0.9703064218550953
-0.9840612420503909
-0.9910661960142029
-0.9950664889331614
-0.9972298361948104
-0.9984482563969641
-0.9991245361390555
-0.9995058802444173
-0.9997204586856734
-0.9998420816479081
-0.9999110921010161
-0.9999503565722642
-0.9999726307005898
-0.9999850935896883
-0.9999917103631666
-0.999994570305297
-0.9999945703053652
-0.9999917103630835
-0.999985093589828
-0.99997263070009
-0.9999503565720479
-0.9999110921018255
-0.9998420816472493
-0.9997204586855697
-0.9995058802444917
-0.9991245361381578
-0.9984482563967019
-0.9972298361949985
-0.9950664889341668
-0.9910661960144422
-0.9840612420508663
-0.9703064218553146
-0.9476872231136515
-0.8958564132994246
-0.8272474632178171
-0.591326864294276
-0.44576199200489
1.0707916708845961
0.6005965132923852
17.970201360249433
17.969941901525043
0.6005641497337997
1.0707355556955038
-0.44578521598557724
-0.5913467245396961
-0.8272590437245775
-0.8958646573037441
-0.9476924991262621
-0.9703099820055073
-0.9840635654417583
-0.9910677278893095
-0.995067481771914
-0.9972304752979091
-0.9984486589118919
-0.9991247830244794
-0.9995060239092601
-0.9997205348027931
-0.9998421132657769
-0.9999110948878341
-0.9999503405703143
-0.9999726028035518
-0.9999850582479728
-0.9999916707761073
-0.9999945287607402
-0.9999945287603204
-0.9999916707760927
-0.9999850582482096
-0.9999726028036284
-0.9999503405702189
-0.9999110948885892
-0.9998421132656592
-0.9997205348025615
-0.9995060239099235
-0.9991247830242785
-0.9984486589118706
-0.9972304752977137
-0.9950674817712963
-0.9910677278885867
-0.9840635654418506
-0.9703099820062706
-0.9476924991252413
-0.8958646573045456
-0.8272590437244878
-0.5913467245400754
-0.4457852159852046
1.070735555693593
0.6005641497316643
17.969941901527363
17.969457338528258
0.6005039460562445
1.0706312305070615
-0.4458282715999152
-0.5913834843321142
-0.8272804188059639
-0.895879829197052
-0.947702175491411
-0.9703164799457645
-0.9840677843468384
-0.9910704868829074
-0.9950692536667952
-0.9972315982232465
-0.9984493520329547
-0.9991251924578481
-0.9995062476571228
-0.9997206363244996
-0.9998421356667451
-0.999911065529109
-0.9999502782402421
-0.9999725192798472
-0.9999849618279106
-0.9999915668370122
-0.9999944214583116
-0.9999944214584403
-0.9999915668371879
-0.9999849618289172
-0.9999725192792265
-0.9999502782395129
-0.9999110655288856
-0.9998421356667374
-0.9997206363234543
-0.9995062476574081
-0.9991251924571551
-0.9984493520334633
-0.9972315982236619
-0.9950692536671855
-0.9910704868832934
-0.9840677843469778
-0.9703164799461439
-0.9477021754899665
-0.8958798291978877
-0.8272804188048605
-0.5913834843322201
-0.4458282715991436
1.0706312305051646
0.6005039460570033
17.969457338528727
17.968551240253536
0.6003918889397735
1.0704371058141047
-0.44590809377139246
-0.5914515518627607
-0.8273198379601391
-0.8959077397764328
-0.9477198804498606
-0.9703283179510647
-0.9840754068525206
-0.9910754321555946
-0.9950723827628997
-0.9972335473008666
-0.9984505154744543
-0.9991258455682688
-0.9995065639219429
-0.9997207355566383
-0.9998420925402869
-0.9999109318756927
-0.9999500857382326
-0.9999722903110893
-0.999984709999436
-0.9999913022525965
-0.9999941509378167
-0.9999941509382609
-0.9999913022524544
-0.9999847099998109
-0.999972290311014
-0.9999500857389267
-0.9999109318755991
-0.9998420925400002
-0.9997207355563155
-0.9995065639229828
-0.9991258455681691
-0.9984505154744361
-0.9972335473011277
-0.9950723827633214
-0.991075432155929
-0.9840754068518461
-0.9703283179514137
-0.9477198804489378
-0.8959077397772444
-0.8273198379589951
-0.5914515518638102
-0.44590809377175233
1.0704371058117612
0.6003918889408748
17.968551240254136
17.966853801384378
0.6001829079892553
1.0700754248557267
-0.4460563206189899
-0.5915776372058064
-0.8273926042025442
-0.8959590256891077
-0.9477522665397144
-0.9703498033629274
-0.984089139956785
-0.9910842173305696
-0.9950778587939193
-0.9972368567358405
-0.998452410247266
-0.9991268105203968
-0.9995069310778864
-0.9997207105645534
-0.9998418192350771
-0.9999104963380026
-0.9999495495491602
-0.9999716892280213
-0.999984070580578
-0.9999906402428267
-0.9999934791092036
-0.999993479109674
-0.9999906402424155
-0.9999840705809957
-0.9999716892279131
-0.9999495495496533
-0.9999104963379465
-0.9998418192352267
-0.9997207105642116
-0.9995069310776746
-0.9991268105208517
-0.9984524102471704
-0.9972368567354403
-0.9950778587929812
-0.9910842173299621
-0.9840891399562421
-0.9703498033632488
-0.9477522665390254
-0.895959025689372
-0.8273926042029163
-0.591577637206615
-0.44605632061860545
1.0700754248556725
0.6001829079875193
17.966853801385227
17.96366425271369
0.5997924799917309
1.0693997848534438
-0.44633179510188997
-0.5918116792419917
-0.8275268364141339
-0.8960533566905198
-0.9478113136742335
-0.9703887497963348
-0.9841136794297415
-0.991099722375575
-0.9950872525935143
-0.9972423452878953
-0.9984553061315423
-0.999128057365926
-0.9995070914625495
-0.9997201890060474
-0.999840850037486
-0.9999092514422475
-0.9999481244170159
-0.9999701565653196
-0.999982469562074
-0.9999890026250725
-0.9999918240140693
-0.9999918240143189
-0.9999890026253252
-0.9999824695618704
-0.9999701565650558
-0.9999481244169987
-0.9999092514413999
-0.9998408500374154
-0.9997201890062098
-0.999507091462527
-0.9991280573666974
-0.9984553061307904
-0.9972423452884649
-0.9950872525937822
-0.9910997223756713
-0.9841136794300758
-0.9703887497966187
-0.9478113136736146
-0.8960533566903601
-0.8275268364145583
-0.5918116792413199
-0.4463317951018645
1.0693997848534718
0.5997924799903105
17.96366425271822
17.957656614567668
0.5990607003722921
1.0681357028588057
-0.4468452696003691
-0.5922460844904346
-0.8277749767668501
-0.8962263730263575
-0.9479189975210041
-0.9704587994419378
-0.9841573463696683
-0.9911265798108015
-0.9951030811720569
-0.9972509620372351
-0.9984593294676968
-0.9991290603832021
-0.9995062124910677
-0.9997180707844433
-0.999837976947352
-0.9999058803269968
-0.999944458617035
-0.9999662970429797
-0.9999785017933647
-0.9999849688898156
-0.9999877632282523
-0.9999877632276629
-0.9999849688893139
-0.9999785017934442
-0.9999662970428942
-0.9999444586172407
-0.9999058803278937
-0.9998379769475187
-0.9997180707841993
-0.9995062124915007
-0.9991290603841005
-0.9984593294673934
-0.9972509620374461
-0.9951030811713653
-0.9911265798104001
-0.9841573463697857
-0.9704587994422569
-0.9479189975208554
-0.8962263730265836
-0.8277749767670202
-0.5922460844903263
-0.44684526960158844
1.0681357028590361
0.5990607003724054
17.957656614567256
17.94628779784081
0.5976865104457032
1.0657604740491098
-0.4478024314166643
-0.5930553992241208
-0.8282324181679637
-0.8965444227198544
-0.9481138452075949
-0.9705846156946216
-0.9842336354590567
-0.9911725256171746
-0.9951284606598827
-0.9972635923034819
-0.99846346001352
-0.9991279881924336
-0.9995016831213123
-0.9997114724086595
-0.9998299986725274
-0.9998971007394215
-0.9999351405833676
-0.9999566799999521
-0.9999686860342378
-0.9999750551565418
-0.9999777995403596
-0.999977799539955
-0.9999750551565689
-0.9999686860339216
-0.9999566799992725
-0.9999351405829546
-0.9998971007394049
-0.9998299986725865
-0.9997114724088167
-0.9995016831217309
-0.9991279881919037
-0.9984634600126704
-0.9972635923036322
-0.9951284606600669
-0.9911725256168735
-0.9842336354590892
-0.9705846156951083
-0.9481138452071887
-0.8965444227205454
-0.8282324181675083
-0.593055399223676
-0.44780243141602794
1.0657604740489526
0.5976865104467787
17.946287797842466
17.924721261187713
0.5950921317022626
1.0612932232273702
-0.4495963155990062
-0.5945597991991609
-0.829079444374972
-0.8971245394585088
-0.948466997315581
-0.9708064574928275
-0.9843659819923101
-0.9912475318201202
-0.9951672161923875
-0.9972784264930454
-0.998463765055722
-0.9991185935172872
-0.9994865929543015
-0.999692538040422
-0.9998088886780403
-0.9998744984027241
-0.999911731892801
-0.9999327087516185
-0.9999444331601645
-0.9999506151546045
-0.9999532915912881
-0.9999532915914879
-0.9999506151541881
-0.999944433159859
-0.9999327087521976
-0.999911731893223
-0.9998744984022728
-0.99980888867766
-0.9996925380401154
-0.9994865929544923
-0.9991185935174345
-0.9984637650561201
-0.9972784264934897
-0.9951672161928888
-0.9912475318206273
-0.9843659819924029
-0.9708064574936164
-0.9484669973155155
-0.8971245394586271
-0.8290794443739118
-0.5945597991993521
-0.4495963155981222
1.0612932232259686
0.5950921316994638
17.924721261189863
17.88347798347659
0.5901880535508957
1.0528244253259054
-0.4529492196744287
-0.5973779272322148
-0.8306342220251233
-0.8981889441645764
-0.9490944495618924
-0.9711973861946881
-0.9845850429517127
-0.9913661800897267
-0.9952165839879333
-0.9972873876693509
-0.9984450838379735
-0.9990842302519863
-0.9994414060496482
-0.999641452171603
-0.9997536440686615
-0.9998171016946868
-0.9998527683007881
-0.9998729901103766
-0.9998841523506181
-0.9998901000296072
-0.9998926374493795
-0.9998926374496002
-0.9998901000295215
-0.9998841523502161
-0.9998729901105179
-0.9998527683008022
-0.999817101693943
-0.999753644069448
-0.9996414521714196
-0.9994414060487401
-0.9990842302521867
-0.998445083838237
-0.9972873876689701
-0.9952165839871511
-0.9913661800897663
-0.984585042950639
-0.9711973861938625
-0.949094449561144
-0.8981889441644031
-0.8306342220254124
-0.5973779272331716
-0.452949219674012
1.0528244253274828
0.5901880535534316
17.883477983475714
17.804512971844307
0.5808227804622532
1.0367992753743034
-0.45928903315774394
-0.6026101922281488
-0.8335196986981449
-0.900100307182137
-0.9502168584161461
-0.9718533572628194
-0.9849419712048058
-0.9915259759750655
-0.9952611916644185
-0.9972528674479216
-0.9983670192727905
-0.9989753953175815
-0.9993165656760321
-0.9995049173594809
-0.9996114013805912
-0.9996704916998713
-0.9997041899872456
-0.9997228176615076
-0.9997333398363465
-0.9997387687335568
-0.9997411595513973
-0.9997411595505982
-0.9997387687340481
-0.9997333398356023
-0.9997228176623593
-0.9997041899874131
-0.9996704917000363
-0.999611401380079
-0.9995049173599246
-0.9993165656759326
-0.9989753953182487
-0.9983670192724616
-0.9972528674488328
-0.9952611916652787
-0.9915259759762618
-0.9849419712047609
-0.9718533572632837
-0.9502168584169608
-0.9001003071811886
-0.8335196986973139
-0.6026101922276852
-0.45928903315857783
1.0367992753739115
0.5808227804600952
17.804512971843085
17.650859528524308
0.5629765794206811
1.0059530514312178
-0.4711368389849005
-0.6125069628220929
-0.838736584841469
-0.9035921162070282
-0.952116047445619
-0.9729566700904253
-0.9854384082039265
-0.9917034933104495
-0.9952040873994105
-0.9970758911720851
-0.9981006691908872
-0.9986658865812391
-0.9989736490838494
-0.9991470034843035
-0.9992411904621732
-0.9992952428725328
-0.9993244729657886
-0.9993414775650504
-0.9993504386154999
-0.9993554018550939
-0.9993574120258344
-0.999357412025054
-0.999355401855897
-0.9993504386146025
-0.9993414775653164
-0.9993244729647281
-0.9992952428726256
-0.9992411904620162
-0.999147003484834
-0.9989736490821959
-0.998665886581964
-0.9981006691907542
-0.997075891171522
-0.9952040873988115
-0.9917034933103896
-0.9854384082039929
-0.972956670089512
-0.9521160474455629
-0.9035921162052754
-0.8387365848426657
-0.6125069628216089
-0.4711368389859095
1.0059530514327555
0.5629765794205726
17.650859528526908
17.353279075036234
0.5281729781631559
0.9472721493504297
-0.4939275112305452
-0.630680198690401
-0.8484621415295472
-0.9095768940203011
-0.9554037415375043
-0.9745301018023984
-0.9860600039724106
-0.9916350176128987
-0.9947985447870495
-0.9964075034187158
-0.9973159060808374
-0.9977840851903779
-0.9980528770214168
-0.9981910746571026
-0.9982726108082838
-0.9983140612643043
-0.9983393272646119
-0.9983518757748753
-0.9983596667652154
-0.9983632089214141
-0.998364970549545
-0.9983649705501055
-0.998363208922393
-0.9983596667641604
-0.9983518757754032
-0.9983393272645495
-0.9983140612650165
-0.9982726108082756
-0.9981910746586122
-0.9980528770205862
-0.9977840851910482
-0.9973159060804875
-0.9964075034184439
-0.9947985447870662
-0.9916350176128272
-0.9860600039714863
-0.9745301018015164
-0.9554037415383574
-0.9095768940188085
-0.848462141531273
-0.6306801986905856
-0.4939275112317725
0.9472721493506064
0.5281729781608645
17.353279075037708
16.754543749723076
0.4613328850025826
0.8307609383365311
-0.5359819940190054
-0.6657855324952924
-0.8651485479446701
-0.9203815422765524
-0.9600893209864023
-0.9767141095792711
-0.9860231495065287
-0.9906913374009967
-0.9930452943482895
-0.994348499625627
-0.9949662204589087
-0.9953357180527218
-0.9955016075460492
-0.9956089554558896
-0.9956543637725012
-0.9956864552943577
-0.995699093174765
-0.9957089172120748
-0.9957124205461576
-0.9957152532048203
-0.9957159857057161
-0.9957159857052442
-0.9957152532049638
-0.9957124205457683
-0.9957089172128291
-0.9956990931746142
-0.9956864552942244
-0.9956543637722871
-0.995608955456113
-0.9955016075452097
-0.9953357180534306
-0.9949662204593557
-0.9943484996256486
-0.9930452943490254
-0.9906913374017681
-0.9860231495067037
-0.9767141095793509
-0.9600893209867853
-0.9203815422754416
-0.8651485479449187
-0.6657855324945504
-0.5359819940197372
0.830760938335305
0.46133288500259917
16.754543749723183
15.582169238537567
0.3246542041070241
0.6099208118976842
-0.6202696315297023
-0.7271279675651874
-0.8965501511721583
-0.9358688441132834
-0.9670547773391114
-0.9769415236364059
-0.9836311807288272
-0.9857840612654214
-0.9873328598082647
-0.9877440913873687
-0.9881184322953804
-0.9881792489661583
-0.9882726968439375
-0.9882743767431601
-0.9882985156646242
-0.9882945319622807
-0.9883010518744073
-0.9882986243406889
-0.9883004551991597
-0.9882994928626438
-0.9882998906099141
-0.9882998906092688
-0.9882994928624018
-0.9883004551988815
-0.9882986243405608
-0.9883010518731441
-0.9882945319625358
-0.9882985156654818
-0.9882743767432869
-0.9882726968441908
-0.9881792489654546
-0.9881184322948726
-0.9877440913863123
-0.987332859808176
-0.9857840612642916
-0.9836311807283449
-0.976941523636181
-0.9670547773393976
-0.935868844113635
-0.8965501511728557
-0.7271279675659097
-0.6202696315290883
0.6099208118963109
0.32465420410639667
15.58216923853898
13.027736203531777
0.06311171815269048
0.1360194321631011
-0.7652389245052837
-0.8520887737655652
-0.939112264114462
-0.961462678418216
-0.9666249359817729
-0.9703033678583506
-0.9683088777492457
-0.9685522995784983
-0.9672028194221254
-0.9670587685080527
-0.9664737799520573
-0.9663749411473563
-0.9661524293105493
-0.9661078299402549
-0.9660278744558775
-0.9660103325664626
-0.9659824465587455
-0.9659760734598171
-0.9659667560395377
-0.9659647448060558
-0.9659625444651811
-0.9659625444654741
-0.965964744805655
-0.9659667560387861
-0.9659760734607422
-0.9659824465589606
-0.9660103325662937
-0.966027874455746
-0.9661078299408894
-0.9661524293110377
-0.9663749411481233
-0.9664737799525253
-0.9670587685080355
-0.967202819422565
-0.9685522995780715
-0.9683088777498547
-0.9703033678590766
-0.9666249359825707
-0.9614626784180094
-0.9391122641145657
-0.8520887737666538
-0.7652389245055852
0.1360194321608823
0.06311171814871866
13.027736203536648
8.05978618025701
-0.5550287241928769
-0.7142043218089745
-1.0924379372663842
-1.020351427413096
-1.0151528363752909
-0.9559283333018728
-0.9413169167303173
-0.915615767059449
-0.908906877610542
-0.8995477780116414
-0.8969834283207744
-0.8938012560916972
-0.8928791332078405
-0.8918275862365623
-0.8915048204849991
-0.8911608655089165
-0.8910494535308506
-0.8909371045595192
-0.8908990744519751
-0.890862540123476
-0.890850023281055
-0.8908391300166918
-0.8908362056660953
-0.8908362056669688
-0.8908391300167628
-0.8908500232812906
-0.8908625401227368
-0.8908990744508459
-0.8909371045591022
-0.8910494535310858
-0.8911608655085835
-0.8915048204837472
-0.891827586236378
-0.8928791332083361
-0.8938012560919032
-0.8969834283203868
-0.8995477780119117
-0.9089068776111614
-0.9156157670591478
-0.9413169167303344
-0.9559283333011678
-1.0151528363755538
-1.0203514274128413
-1.092437937264289
-0.7142043218085337
-0.555028724194444
8.059786180258136
-5.930670711440307
-1.6430257310673415
-3.0472983237889646
-1.4284388687443408
-1.3926678018274083
-0.9170060623630627
-0.8411389719990903
-0.7012501907996829
-0.6689648984384275
-0.6274820158194605
-0.6160060200351591
-0.6035814423930425
-0.5996991419484934
-0.5959309071122019
-0.5946375516799369
-0.5934780566659749
-0.5930487332803615
-0.5926864875259867
-0.5925439217190329
-0.5924292810842675
-0.5923822445896013
-0.5923464484256038
-0.592332289828718
-0.5923241556461788
-0.5923241556460477
-0.5923322898282465
-0.5923464484256009
-0.5923822445901956
-0.5924292810853613
-0.5925439217201267
-0.5926864875251384
-0.593048733281889
-0.5934780566667924
-0.5946375516805229
-0.5959309071124139
-0.5996991419485185
-0.6035814423924021
-0.6160060200352624
-0.6274820158193364
-0.6689648984387735
-0.7012501908015941
-0.8411389719994824
-0.9170060623623972
-1.3926678018278549
-1.4284388687446352
-3.047298323792295
-1.6430257310720928
-5.9306707114368695
-29.96924371546516
-6.705314176870904
-5.500055478273728
-2.3220411288278857
-0.6309797455276156
-0.004758006173420266
0.535690736328207
0.6984099030075194
0.8487086310985115
0.8966779299346486
0.9383368233937102
0.9531291644187708
0.9649901114771251
0.9696344947174764
0.9731181964723407
0.9745932233118987
0.9756459659327916
0.9761193215501651
0.9764451755722761
0.9765982764125247
0.9767004072544019
0.9767489948619901
0.9767787334038517
0.9767898759215468
0.9767898759205018
0.9767787334050808
0.9767489948617207
0.9767004072544535
0.9765982764108659
0.9764451755721897
0.9761193215492485
0.9756459659325614
0.9745932233161831
0.9731181964751727
0.9696344947196278
0.9649901114788202
0.9531291644203711
0.9383368233936376
0.8966779299327344
0.8487086310986859
0.6984099030064075
0.5356907363308019
-0.004758006174175041
-0.6309797455281208
-2.32204112882631
-5.5000554782696405
-6.705314176870608
-29.969243715464422
-321.7354557767032
-2.0042562226828027
-10.258606811302311
14.444596662192524
15.42617632265108
18.747144260344946
19.339361956791628
19.966353455687425
20.165431684619172
20.31216434429521
20.37274522728299
20.411599035350534
20.429800005987342
20.44084527172511
20.446374531988575
20.449657063217835
20.451366089674778
20.452372324894732
20.452909771721707
20.453224911677204
20.453395283751775
20.453493124615328
20.45354310529717
20.45356527763498
20.45356527765648
20.45354310529246
20.45349312462195
20.453395283751018
20.453224911692523
20.452909771690045
20.452372324923246
20.451366089658155
20.449657063212467
20.446374531995666
20.4408452717271
20.429800005987858
20.411599035345773
20.37274522729399
20.312164344273132
20.16543168463695
19.966353455674998
19.339361956822067
18.747144260328035
15.426176322676408
14.444596662164809
-10.258606811286402
-2.0042562227038987
-321.73545577669336