321.7354557766986
2.004256222675491
10.258606811304208
-14.444596662192556
-15.426176322653273
-18.74714426034234
-19.339361956786746
-19.966353455695646
-20.165431684619556
-20.31216434428896
-20.372745227276063
-20.411599035356595
-20.42980000599536
-20.44084527172085
-20.44637453199075
-20.449657063206214
-20.451366089691916
-20.45237232488079
-20.452909771742497
-20.45322491165159
-20.453395283756336
-20.45349312460558
-20.453543105339435
-20.453565277617514
-20.4535652776308
-20.453543105309656
-20.45349312464341
-20.453395283748886
-20.45322491166744
-20.45290977170977
-20.452372324907433
-20.45136608967009
-20.449657063240434
-20.446374531965056
-20.440845271720207
-20.42980000596412
-20.41159903538975
-20.37274522727258
-20.312164344278386
-20.165431684580835
-19.96635345575494
-19.339361956771384
-18.747144260348854
-15.426176322634243
-14.444596662204624
10.258606811300643
2.004256222670989
321.7354557767003
29.969243715471244
6.705314176872811
5.500055478270933
2.322041128827262
0.6309797455270151
0.0047580061718873485
-0.5356907363286801
-0.6984099030077322
-0.848708631098249
-0.896677929934973
-0.9383368233952465
-0.9531291644197109
-0.9649901114754424
-0.9696344947175222
-0.9731181964727516
-0.9745932233135102
-0.9756459659347122
-0.9761193215480644
-0.9764451755711838
-0.9765982764113817
-0.976700407257619
-0.9767489948619106
-0.9767787334001872
-0.9767898759209588
-0.976789875924183
-0.9767787334058009
-0.9767489948595147
-0.9767004072515743
-0.9765982764146179
-0.9764451755737948
-0.976119321547291
-0.9756459659328613
-0.9745932233130654
-0.9731181964730911
-0.9696344947207397
-0.9649901114749044
-0.9531291644217842
-0.9383368233917595
-0.8966779299364573
-0.8487086310985151
-0.6984099030021756
-0.5356907363258637
0.004758006169088247
0.6309797455229436
2.3220411288266285
5.5000554782679085
6.705314176872048
29.969243715472444
5.930670711440845
1.6430257310681835
3.047298323789696
1.4284388687448615
1.3926678018274357
0.9170060623637308
0.8411389719999778
0.701250190800625
0.6689648984384706
0.627482015820279
0.6160060200357437
0.6035814423918603
0.59969914194805
0.5959309071119419
0.5946375516805589
0.5934780566668065
0.5930487332814347
0.5926864875245885
0.5925439217184805
0.5924292810853484
0.5923822445925977
0.5923464484241052
0.5923322898253207
0.5923241556463321
0.5923241556490898
0.5923322898276171
0.5923464484216074
0.5923822445901525
0.5924292810868558
0.5925439217191896
0.5926864875248232
0.5930487332819971
0.5934780566660229
0.5946375516803254
0.5959309071136929
0.5996991419489912
0.6035814423901018
0.6160060200337967
0.6274820158238557
0.6689648984402818
0.7012501907975571
0.8411389720001868
0.917006062364764
1.3926678018282905
1.4284388687442822
3.0472983237874307
1.6430257310699798
5.930670711441252
-8.059786180255646
0.5550287241939704
0.7142043218086587
1.092437937265625
1.0203514274131629
1.015152836375634
0.9559283333014174
0.9413169167299624
0.9156157670591725
0.9089068776103578
0.8995477780123995
0.8969834283208564
0.8938012560919869
0.8928791332073573
0.8918275862367478
0.8915048204843918
0.8911608655088955
0.8910494535309583
0.8909371045590022
0.8908990744512024
0.8908625401236562
0.89085002328172
0.8908391300159597
0.8908362056664352
0.890836205667415
0.8908391300167797
0.890850023280753
0.8908625401227347
0.8908990744516957
0.8909371045597432
0.8910494535304683
0.8911608655095492
0.89150482048411
0.891827586236718
0.8928791332078432
0.8938012560926458
0.8969834283199022
0.8995477780126355
0.908906877611152
0.9156157670604603
0.9413169167279392
0.9559283333009946
1.0151528363769238
1.0203514274140917
1.0924379372643962
0.7142043218082259
0.5550287241941967
-8.059786180256282
-13.027736203538655
-0.06311171815020489
-0.13601943216177204
0.7652389245053223
0.852088773765777
0.9391122641143532
0.9614626784189928
0.9666249359820015
0.9703033678587569
0.9683088777484298
0.968552299578988
0.9672028194223814
0.9670587685083318
0.966473779951935
0.966374941148035
0.9661524293107596
0.9661078299397563
0.966027874455829
0.9660103325656577
0.9659824465581739
0.9659760734601911
0.9659667560409142
0.9659647448061299
0.9659625444642557
0.9659625444662391
0.9659647448070416
0.9659667560405578
0.965976073458863
0.965982446558896
0.9660103325664777
0.9660278744557617
0.9661078299395189
0.9661524293110975
0.9663749411475102
0.9664737799526224
0.9670587685088179
0.9672028194223502
0.9685522995780836
0.9683088777488024
0.9703033678600425
0.9666249359821155
0.9614626784172342
0.9391122641156853
0.852088773766571
0.7652389245048716
-0.13601943216223528
-0.06311171815036089
-13.027736203536595
-15.582169238540061
-0.32465420410745255
-0.6099208118970467
0.6202696315297185
0.7271279675656201
0.8965501511721108
0.9358688441131457
0.9670547773393916
0.9769415236367796
0.9836311807285074
0.9857840612651456
0.9873328598079048
0.9877440913871829
0.9881184322949332
0.9881792489654266
0.9882726968444743
0.9882743767435759
0.9882985156661366
0.9882945319629067
0.9883010518733832
0.9882986243399432
0.9883004551993122
0.9882994928625668
0.9882998906089868
0.9882998906079803
0.9882994928624822
0.9883004551999826
0.9882986243399197
0.98830105187304
0.9882945319628575
0.9882985156658894
0.9882743767442018
0.9882726968441735
0.9881792489657105
0.988118432294691
0.9877440913870126
0.987332859808586
0.985784061264751
0.9836311807276945
0.9769415236362504
0.967054777339716
0.9358688441133474
0.8965501511722085
0.7271279675657445
0.6202696315296023
-0.6099208118964942
-0.3246542041058235
-15.582169238539304
-16.754543749717563
-0.4613328850052182
-0.8307609383360466
0.535981994019491
0.6657855324950722
0.8651485479443561
0.920381542276673
0.9600893209860002
0.9767141095788727
0.9860231495070537
0.9906913374016659
0.9930452943479758
0.994348499625763
0.9949662204596611
0.995335718052653
0.9955016075455982
0.9956089554562422
0.9956543637720874
0.995686455294231
0.9956990931744769
0.9957089172128506
0.9957124205461687
0.9957152532053446
0.995715985705037
0.9957159857062681
0.9957152532053672
0.9957124205464841
0.9957089172122515
0.9956990931749783
0.9956864552944825
0.9956543637724915
0.9956089554555796
0.9955016075466618
0.9953357180518045
0.9949662204605021
0.9943484996255456
0.9930452943485858
0.9906913374005086
0.986023149506909
0.9767141095788271
0.9600893209873704
0.9203815422756749
0.8651485479444868
0.6657855324952732
0.535981994019753
-0.8307609383355988
-0.4613328850050362
-16.75454374971897
-17.353279075028404
-0.5281729781636841
-0.9472721493508784
0.493927511230276
0.630680198690734
0.8484621415296498
0.9095768940197461
0.9554037415372175
0.9745301018024816
0.9860600039722146
0.991635017612498
0.9947985447861089
0.9964075034191442
0.9973159060810649
0.9977840851905568
0.9980528770216219
0.9981910746576383
0.998272610807766
0.9983140612647574
0.9983393272650929
0.9983518757749105
0.9983596667639817
0.9983632089226402
0.9983649705523232
0.9983649705501649
0.9983632089206709
0.9983596667654047
0.9983518757761796
0.9983393272643171
0.9983140612637331
0.9982726108086419
0.9981910746576637
0.9980528770212975
0.9977840851916253
0.997315906081208
0.9964075034173996
0.9947985447860449
0.9916350176138042
0.9860600039722827
0.9745301018009274
0.9554037415366807
0.9095768940217167
0.8484621415297505
0.6306801986903678
0.49392751122970935
-0.9472721493504537
-0.5281729781640663
-17.353279075030542
-17.65085952852956
-0.562976579420587
-1.0059530514303923
0.4711368389860681
0.6125069628228182
0.8387365848423307
0.9035921162074099
0.9521160474454504
0.9729566700904986
0.9854384082043096
0.991703493310338
0.995204087398716
0.9970758911719059
0.9981006691908063
0.9986658865811644
0.9989736490827704
0.999147003484255
0.9992411904621006
0.9992952428727937
0.9993244729660309
0.9993414775653611
0.9993504386145506
0.9993554018548261
0.9993574120255811
0.9993574120252082
0.9993554018544251
0.9993504386144694
0.9993414775660205
0.999324472965999
0.9992952428725017
0.9992411904623251
0.999147003484081
0.9989736490831587
0.9986658865813067
0.9981006691903577
0.9970758911714502
0.9952040873985234
0.9917034933115267
0.9854384082043075
0.9729566700899621
0.9521160474457692
0.903592116207465
0.8387365848421786
0.6125069628227616
0.4711368389852712
-1.0059530514296817
-0.5629765794204695
-17.65085952853172
-17.804512971841483
-0.5808227804618333
-1.0367992753728195
0.45928903315852015
0.6026101922282496
0.8335196986975981
0.9001003071812834
0.9502168584166871
0.971853357262876
0.9849419712046921
0.9915259759754504
0.99526119166538
0.9972528674486879
0.9983670192726337
0.9989753953172857
0.9993165656762848
0.9995049173593307
0.9996114013803363
0.9996704917001115
0.9997041899874071
0.9997228176614563
0.9997333398361568
0.999738768734538
0.9997411595514634
0.9997411595495722
0.9997387687340735
0.9997333398362015
0.9997228176626722
0.99970418998676
0.9996704917002237
0.9996114013800929
0.9995049173601694
0.999316565675685
0.9989753953186375
0.9983670192717828
0.9972528674484966
0.995261191665353
0.9915259759764593
0.9849419712044738
0.9718533572624217
0.9502168584161351
0.900100307182418
0.8335196986976987
0.602610192228193
0.4592890331576788
-1.036799275372604
-0.5808227804622182
-17.804512971844524
-17.88347798348376
-0.5901880535537082
-1.052824425329273
0.45294921967371066
0.5973779272325319
0.8306342220246632
0.8981889441642095
0.9490944495609812
0.9711973861937377
0.9845850429507739
0.9913661800899084
0.9952165839876834
0.9972873876688173
0.9984450838378505
0.9990842302521135
0.9994414060493848
0.9996414521715415
0.999753644068899
0.9998171016944293
0.9998527683001077
0.9998729901104388
0.9998841523514086
0.9998901000296944
0.9998926374478345
0.9998926374500409
0.9998901000312646
0.9998841523500314
0.999872990109187
0.9998527683009752
0.9998171016949517
0.9997536440683761
0.999641452170863
0.999441406049581
0.9990842302513687
0.9984450838372565
0.9972873876701935
0.9952165839877196
0.9913661800888001
0.9845850429505911
0.9711973861948335
0.949094449561318
0.8981889441625753
0.8306342220246217
0.5973779272327698
0.4529492196734317
-1.0528244253276817
-0.5901880535527926
-17.88347798347912
-17.92472126118799
-0.5950921317002742
-1.061293223225959
0.4495963155984155
0.5945597991990372
0.8290794443747356
0.8971245394588458
0.9484669973166937
0.9708064574937327
0.984365981992361
0.9912475318204113
0.9951672161927616
0.9972784264929269
0.9984637650556635
0.9991185935170631
0.9994865929544006
0.9996925380398521
0.9998088886780276
0.9998744984022604
0.9999117318924868
0.9999327087518659
0.9999444331610583
0.9999506151537174
0.9999532915903009
0.9999532915904492
0.9999506151551615
0.9999444331602201
0.9999327087513878
0.9999117318926732
0.9998744984027927
0.9998088886778274
0.9996925380402418
0.9994865929538759
0.9991185935175158
0.9984637650550567
0.9972784264943044
0.9951672161925792
0.9912475318191984
0.9843659819913166
0.9708064574951106
0.948466997315577
0.8971245394587477
0.8290794443746728
0.5945597991999475
0.44959631559881086
-1.0612932232255636
-0.5950921317008904
-17.924721261185113
-17.946287797839087
-0.5976865104443614
-1.0657604740475728
0.4478024314168032
0.5930553992237193
0.828232418167897
0.8965444227201546
0.9481138452071219
0.9705846156942184
0.9842336354588973
0.9911725256172383
0.9951284606600164
0.9972635923033107
0.9984634600130615
0.9991279881923034
0.999501683121418
0.9997114724096043
0.9998299986725032
0.9998971007390607
0.9999351405826576
0.9999566799997912
0.999968686034254
0.9999750551562072
0.9999777995392939
0.9999777995412904
0.9999750551572677
0.9999686860336563
0.9999566799989767
0.9999351405833573
0.999897100739751
0.9998299986730377
0.9997114724090019
0.999501683121983
0.9991279881912487
0.9984634600135739
0.9972635923039518
0.9951284606600987
0.9911725256161696
0.9842336354593
0.970584615695252
0.9481138452074718
0.8965444227192298
0.8282324181678662
0.5930553992237086
0.4478024314163187
-1.065760474048644
-0.5976865104462893
-17.94628779784124
-17.957656614568485
-0.5990607003736526
-1.068135702858826
0.4468452696001697
0.5922460844901969
0.8277749767667415
0.8962263730262247
0.9479189975202654
0.9704587994420085
0.9841573463701876
0.9911265798110395
0.9951030811709842
0.9972509620372152
0.9984593294683182
0.999129060383466
0.9995062124912739
0.9997180707840422
0.9998379769466097
0.999905880327169
0.9999444586181487
0.9999662970434484
0.9999785017925688
0.9999849688896847
0.9999877632295548
0.999987763228523
0.9999849688886829
0.999978501793323
0.9999662970440284
0.9999444586181587
0.9999058803266379
0.9998379769465914
0.9997180707839765
0.9995062124912318
0.9991290603841761
0.9984593294681796
0.9972509620364052
0.9951030811715911
0.9911265798109743
0.9841573463699528
0.970458799440702
0.9479189975200248
0.8962263730269933
0.8277749767669889
0.5922460844902828
0.44684526960002025
-1.0681357028586338
-0.5990607003732858
-17.957656614566062
-17.9636642527141
-0.5997924799934318
-1.0693997848539727
0.44633179510178633
0.5918116792423102
0.8275268364144941
0.8960533566902968
0.9478113136738793
0.9703887497964335
0.9841136794298446
0.9910997223750629
0.9950872525930686
0.9972423452878867
0.9984553061314978
0.9991280573654369
0.9995070914627562
0.9997201890059781
0.9998408500372535
0.9999092514417567
0.9999481244179778
0.9999701565640207
0.9999824695610884
0.9999890026249938
0.9999918240146508
0.9999918240135174
0.9999890026236791
0.9999824695623349
0.999970156565796
0.999948124416715
0.999909251441205
0.9998408500375815
0.9997201890059635
0.9995070914628214
0.9991280573658647
0.9984553061307339
0.9972423452869854
0.9950872525926452
0.9910997223768961
0.9841136794303121
0.9703887497951522
0.9478113136739014
0.8960533566910793
0.8275268364148465
0.5918116792413579
0.44633179510106735
-1.0693997848544454
-0.5997924799930573
-17.96366425271551
-17.966853801382122
-0.6001829079884213
-1.0700754248546964
0.44605632061943884
0.591577637205589
0.8273926042029953
0.8959590256889374
0.9477522665398812
0.9703498033628546
0.9840891399569864
0.9910842173302021
0.995077858793701
0.9972368567355032
0.9984524102478829
0.9991268105201587
0.9995069310782316
0.9997207105640629
0.9998418192354463
0.9999104963380556
0.9999495495501618
0.9999716892282124
0.9999840705811871
0.9999906402425737
0.9999934791105889
0.9999934791087756
0.999990640241899
0.9999840705809608
0.9999716892284638
0.999949549549334
0.9999104963382772
0.9998418192353531
0.9997207105646836
0.9995069310775342
0.9991268105209039
0.9984524102468053
0.9972368567355363
0.9950778587932989
0.9910842173316055
0.9840891399565697
0.9703498033622415
0.9477522665394584
0.895959025690307
0.8273926042023778
0.59157763720555
0.4460563206193926
-1.07007542485454
-0.6001829079858976
-17.966853801384318
-17.96855124025619
-0.6003918889397855
-1.070437105814106
0.44590809377184737
0.5914515518627791
0.8273198379591082
0.8959077397760862
0.9477198804498366
0.9703283179515336
0.9840754068518305
0.9910754321556361
0.9950723827636769
0.9972335473017004
0.9984505154741911
0.9991258455685041
0.999506563922019
0.9997207355565261
0.9998420925405256
0.9999109318762707
0.9999500857378814
0.999972290310123
0.9999847100003876
0.9999913022538633
0.9999941509371604
0.9999941509373722
0.9999913022533056
0.9999847100013196
0.9999722903109813
0.9999500857376644
0.9999109318756194
0.9998420925400424
0.9997207355569285
0.9995065639224427
0.9991258455675534
0.998450515474068
0.9972335473016829
0.995072382763662
0.9910754321564542
0.9840754068517743
0.9703283179509019
0.9477198804505951
0.8959077397755939
0.8273198379587023
0.5914515518624242
0.44590809377178714
-1.0704371058131705
-0.6003918889391078
-17.96855124025442
-17.9694573385329
-0.6005039460540184
-1.0706312305047694
0.44582827160065996
0.5913834843314718
0.8272804188058938
0.8958798291973571
0.947702175492338
0.970316479945674
0.9840677843465688
0.9910704868838073
0.9950692536674475
0.9972315982229658
0.9984493520321682
0.9991251924574056
0.9995062476570065
0.9997206363241202
0.9998421356669833
0.9999110655281018
0.9999502782389588
0.9999725192799694
0.9999849618294057
0.9999915668359631
0.9999944214566262
0.9999944214586227
0.9999915668380894
0.9999849618276593
0.9999725192779345
0.9999502782396742
0.9999110655301294
0.9998421356663846
0.9997206363242508
0.9995062476561392
0.9991251924572399
0.9984493520333273
0.9972315982245604
0.9950692536668645
0.9910704868819613
0.9840677843470689
0.9703164799476731
0.9477021754912194
0.8958798291964398
0.8272804188063312
0.591383484332868
0.4458282716009456
-1.0706312305068963
-0.6005039460556769
-17.96945733853576
-17.969941901517693
-0.6005641497345805
-1.0707355556949285
0.4457852159855955
0.5913467245396224
0.8272590437246186
0.8958646573034349
0.9476924991265718
0.9703099820057115
0.9840635654415288
0.9910677278886955
0.9950674817716416
0.9972304752978336
0.9984486589116593
0.9991247830250756
0.9995060239094894
0.9997205348032286
0.9998421132663649
0.9999110948886774
0.9999503405695607
0.9999726028028832
0.9999850582484531
0.9999916707769723
0.9999945287591692
0.9999945287604823
0.9999916707769938
0.9999850582492631
0.9999726028028961
0.9999503405702483
0.9999110948885619
0.999842113265826
0.9997205348030844
0.9995060239103442
0.9991247830241836
0.9984486589125139
0.997230475297955
0.9950674817718239
0.9910677278879474
0.9840635654422016
0.970309982005718
0.9476924991265646
0.8958646573023499
0.8272590437256315
0.591346724539553
0.44578521598549115
-1.0707355556948626
-0.6005641497332619
-17.969941901514503
-17.970201360258457
-0.6005965132921942
-1.0707916708853882
0.4457619920054141
0.5913268642927898
0.8272474632189428
0.8958564132990232
0.9476872231133553
0.970306421854496
0.9840612420513085
0.9910661960157385
0.99506648893305
0.997229836194461
0.9984482563964736
0.9991245361396938
0.9995058802440091
0.9997204586864032
0.9998420816470568
0.9999110921006342
0.9999503565717427
0.9999726307024079
0.9999850935888746
0.9999917103622991
0.9999945703057671
0.9999945703070796
0.9999917103633871
0.9999850935885397
0.9999726307000989
0.9999503565724244
0.9999110921013887
0.9998420816473348
0.9997204586866417
0.9995058802435723
0.9991245361385888
0.9984482563974988
0.9972298361949133
0.9950664889331711
0.9910661960134253
0.9840612420512329
0.97030642185466
0.9476872231130828
0.8958564132983426
0.8272474632192499
0.5913268642930414
0.4457619920051067
-1.0707916708837724
-0.6005965132917199
-17.97020136025159
-17.970340034956372
-0.6006138766538884
-1.0708217859749865
0.44574949387226537
0.59131616537508
0.8272412069520128
0.895851950966286
0.9476843571531888
0.9703044818660123
0.9840599694449104
0.9910653525041796
0.9950659375283393
0.9972294776817543
0.9984480267610848
0.9991243919922033
0.9995057926747122
0.999720408554819
0.9998420560773655
0.9999110826766929
0.9999503575940765
0.9999726384564058
0.9999851055110692
0.9999917247138451
0.9999945857566492
0.9999945857552914
0.9999917247113461
0.9999851055132365
0.9999726384579614
0.9999503575929161
0.9999110826759217
0.9998420560778141
0.9997204085548004
0.999505792675449
0.9991243919925988
0.9984480267613332
0.9972294776802942
0.9950659375290379
0.9910653525055135
0.9840599694449885
0.9703044818645636
0.9476843571539513
0.8958519509673983
0.8272412069518578
0.5913161653740501
0.4457494938732228
-1.0708217859745321
-0.6006138766553717
-17.970340034956457
-17.970413347887437
-0.6006230859555237
-1.070837764666504
0.4457428478416868
0.5913104698524674
0.8272378694635527
0.8958495658452528
0.9476828214988708
0.9703034391689429
0.9840592830707713
0.9910648953095409
0.995065636958922
0.9972292805468077
0.9984478991064001
0.9991243104049045
0.9995057417927321
0.9997203779601611
0.9998420389180632
0.9999110743217244
0.999950355005274
0.9999726395645927
0.9999851089386563
0.9999917294770608
0.9999945911391592
0.9999945911380883
0.9999917294771823
0.9999851089386633
0.9999726395645783
0.9999503550046759
0.9999110743218163
0.9998420389184755
0.9997203779601425
0.9995057417916984
0.9991243104051453
0.9984478991065027
0.9972292805462992
0.9950656369579817
0.9910648953092138
0.9840592830708623
0.9703034391687353
0.9476828214982593
0.895849565846148
0.8272378694637543
0.591310469852089
0.4457428478418859
-1.0708377646666678
-0.6006230859538007
-17.9704133478928
-17.970450418399466
-0.6006277553964897
-1.070845868112106
0.4457394709618965
0.5913075738596348
0.8272361693381542
0.8958483493004756
0.9476820365170543
0.9703029051080609
0.984058930441789
0.9910646596767815
0.9950654813090309
0.9972291778984863
0.9984478320587418
0.9991242670714637
0.9995057142584713
0.9997203609301387
0.9998420288349457
0.9999110688272592
0.9999503525036987
0.9999726390011784
0.9999851095890098
0.9999917308364656
0.9999945928157336
0.9999945928135351
0.999991730833315
0.9999851095904284
0.9999726390030887
0.9999503525032012
0.9999110688257671
0.9998420288357937
0.999720360929702
0.9995057142606582
0.9991242670719944
0.9984478320581874
0.9972291778963376
0.9950654813105042
0.991064659679654
0.9840589304425801
0.9703029051057428
0.9476820365185987
0.8958483493021637
0.8272361693376376
0.591307573858004
0.4457394709614678
-1.0708458681126396
-0.6006277554018946
-17.970450418402397
-17.970465903170044
-0.6006297094226737
-1.0708492597998003
0.44573805587764237
0.5913063596061695
0.8272354557193088
0.895847838163241
0.9476817062935963
0.9703026801002201
0.9840587816290043
0.9910645600064782
0.9950654152983399
0.9972291341918362
0.9984478033799195
0.9991242483981808
0.9995057022771541
0.9997203533913532
0.9998420242500026
0.9999110661881407
0.999950351145443
0.9999726384717502
0.9999851095778962
0.9999917311221742
0.9999945932429399
0.9999945932448692
0.9999917311252614
0.9999851095757935
0.9999726384695471
0.9999503511466705
0.9999110661896723
0.9998420242495731
0.9997203533910741
0.9995057022763598
0.9991242483979278
0.9984478033797326
0.9972291341933005
0.9950654152977652
0.9910645600050265
0.9840587816293275
0.9703026801010479
0.9476817062934382
0.895847838162767
0.827235455719316
0.5913063596070616
0.4457380558772926
-1.070849259800652
-0.6006297094234208
-17.970465903170805
-17.9704659031636
-0.6006297094243496
-1.0708492598033075
0.4457380558774211
0.5913063596074442
0.8272354557185564
0.895847838161991
0.9476817062938033
0.9703026801019088
0.9840587816285096
0.991064560004441
0.9950654152981142
0.9972291341931667
0.9984478033806721
0.9991242483983902
0.9995057022768901
0.9997203533913184
0.9998420242508483
0.9999110661900648
0.9999503511451485
0.9999726384691188
0.9999851095774313
0.9999917311249287
0.9999945932425618
0.9999945932418992
0.9999917311236167
0.9999851095781647
0.9999726384698235
0.9999503511456027
0.9999110661886221
0.999842024250305
0.9997203533909917
0.9995057022777449
0.9991242483978409
0.9984478033791578
0.9972291341933663
0.9950654152995183
0.9910645600049388
0.9840587816269413
0.9703026800996877
0.9476817062947003
0.8958478381623647
0.8272354557187056
0.5913063596062599
0.44573805587799675
-1.07084925979883
-0.6006297094219886
-17.970465903161077
-17.970450418410472
-0.6006277553972611
-1.0708458681120536
0.44573947096136723
0.5913075738576277
0.827236169338384
0.8958483493020559
0.9476820365164524
0.97030290510648
0.9840589304431839
0.9910646596796937
0.995065481308663
0.9972291778965993
0.9984478320581508
0.9991242670718199
0.9995057142588513
0.9997203609305967
0.9998420288344687
0.999911068824556
0.9999503525032845
0.9999726390050836
0.9999851095894357
0.9999917308313724
0.9999945928146663
0.9999945928186655
0.9999917308361603
0.9999851095874008
0.9999726390008745
0.9999503525055728
0.9999110688266407
0.9998420288345432
0.9997203609290745
0.9995057142588775
0.9991242670708034
0.9984478320602074
0.9972291778985785
0.9950654813084143
0.9910646596753314
0.9840589304442338
0.9703029051101131
0.9476820365165632
0.895848349300276
0.8272361693379722
0.5913075738592534
0.44573947096156186
-1.0708458681124782
-0.6006277554005731
-17.9704504184054
-17.970413347888083
-0.6006230859534071
-1.070837764669189
0.4457428478415257
0.5913104698529149
0.8272378694628936
0.8958495658441551
0.9476828214987667
0.9703034391702323
0.9840592830704045
0.9910648953085286
0.9950656369592334
0.9972292805482523
0.9984478991065249
0.9991243104055136
0.9995057417922767
0.9997203779607341
0.999842038918493
0.9999110743229311
0.9999503550046642
0.9999726395630875
0.9999851089375666
0.9999917294792374
0.9999945911382482
0.9999945911357411
0.9999917294762795
0.9999851089395843
0.9999726395652919
0.9999503550033984
0.9999110743215937
0.9998420389187663
0.9997203779612128
0.9995057417931572
0.9991243104052849
0.9984478991063503
0.9972292805469649
0.9950656369596664
0.99106489530919
0.984059283069882
0.9703034391683085
0.9476828214984592
0.895849565845485
0.8272378694631909
0.5913104698518561
0.4457428478414891
-1.070837764666577
-0.6006230859538986
-17.9704133478893
-17.970340034953523
-0.6006138766561073
-1.0708217859718583
0.4457494938718486
0.5913161653741181
0.8272412069527946
0.8958519509675702
0.947684357153151
0.9703044818636563
0.9840599694458003
0.9910653525057178
0.9950659375283342
0.9972294776798369
0.9984480267610969
0.9991243919919772
0.9995057926754789
0.9997204085544316
0.9998420560770588
0.9999110826743681
0.9999503575944384
0.9999726384587744
0.9999851055115687
0.9999917247107015
0.9999945857569766
0.9999945857584223
0.9999917247127839
0.9999851055108875
0.9999726384574099
0.999950357594548
0.9999110826763276
0.9998420560771621
0.9997204085546532
0.999505792673991
0.9991243919924608
0.9984480267621119
0.997229477680579
0.9950659375277044
0.9910653525042898
0.98405996944715
0.9703044818661488
0.9476843571524309
0.895851950967208
0.8272412069526983
0.5913161653748917
0.4457494938716113
-1.0708217859748783
-0.600613876656376
-17.970340034961488
-17.97020136025089
-0.6005965132916071
-1.0707916708837701
0.4457619920063157
0.5913268642942917
0.8272474632178837
0.895856413297307
0.9476872231141363
0.9703064218557603
0.9840612420501771
0.9910661960133393
0.9950664889337013
0.997229836196273
0.9984482563966394
0.9991245361387691
0.9995058802440682
0.9997204586857876
0.999842081647287
0.9999110921020624
0.9999503565731924
0.9999726306988617
0.9999850935880321
0.9999917103658116
0.9999945703071504
0.9999945703027946
0.9999917103605568
0.9999850935908832
0.9999726307022457
0.9999503565700878
0.9999110921002501
0.9998420816483617
0.9997204586864987
0.999505880244465
0.999124536139915
0.998448256396202
0.9972298361934195
0.9950664889336462
0.9910661960164289
0.9840612420506213
0.9703064218527762
0.9476872231131586
0.895856413299688
0.8272474632188961
0.591326864292924
0.4457619920048257
-1.0707916708844574
-0.6005965132945739
-17.970201360254155
-17.969941901522137
-0.600564149737643
-1.0707355556947245
0.4457852159860212
0.5913467245394182
0.8272590437259655
0.8958646573048406
0.947692499126644
0.9703099820046175
0.9840635654419277
0.9910677278892488
0.9950674817714469
0.9972304752969958
0.9984486589123096
0.9991247830252842
0.9995060239095674
0.9997205348025339
0.9998421132662338
0.999911094888321
0.999950340570152
0.9999726028039435
0.9999850582493529
0.9999916707761305
0.9999945287605039
0.9999945287607306
0.9999916707782899
0.9999850582478818
0.9999726028035838
0.9999503405699202
0.9999110948890848
0.9998421132650307
0.9997205348037301
0.9995060239089685
0.9991247830242562
0.9984486589112196
0.9972304752976284
0.995067481770759
0.9910677278893336
0.9840635654417973
0.9703099820060369
0.9476924991257485
0.8958646573043527
0.8272590437242675
0.5913467245402155
0.44578521598517856
-1.0707355556928673
-0.6005641497305947
-17.969941901515966
-17.96945733852138
-0.6005039460549264
-1.0706312305049144
0.445828271600608
0.591383484331472
0.8272804188046956
0.8958798291954853
0.9477021754929935
0.9703164799470254
0.9840677843465548
0.9910704868818558
0.9950692536683325
0.9972315982240124
0.9984493520327065
0.9991251924568734
0.9995062476570915
0.999720636323882
0.9998421356675704
0.9999110655297829
0.9999502782388774
0.9999725192775549
0.999984961829248
0.9999915668393266
0.9999944214567382
0.9999944214549168
0.9999915668374268
0.9999849618300057
0.9999725192793969
0.9999502782375389
0.999911065529688
0.9998421356676404
0.9997206363247584
0.9995062476571344
0.99912519245731
0.9984493520319859
0.9972315982236994
0.9950692536683114
0.9910704868836056
0.9840677843454386
0.9703164799457545
0.9477021754927533
0.8958798291972305
0.8272804188051113
0.5913834843313888
0.4458282715994796
-1.0706312305067074
-0.600503946056119
-17.969457338523775
-17.96855124027097
-0.6003918889380896
-1.0704371058118527
0.4459080937721956
0.591451551862944
0.8273198379598965
0.8959077397779358
0.9477198804498854
0.9703283179501131
0.9840754068516038
0.9910754321568105
0.9950723827634018
0.9972335473004617
0.9984505154735492
0.9991258455684444
0.9995065639225451
0.9997207355567599
0.9998420925404925
0.9999109318750452
0.9999500857371862
0.9999722903121451
0.9999847100015784
0.9999913022507607
0.99999415093546
0.999994150940059
0.999991302255869
0.9999847099996098
0.9999722903090511
0.9999500857392116
0.9999109318770114
0.9998420925398503
0.9997207355557671
0.9995065639218825
0.9991258455677073
0.998450515474413
0.9972335473031664
0.995072382763379
0.9910754321543886
0.9840754068527193
0.9703283179526476
0.9477198804491926
0.8959077397743231
0.8273198379596073
0.5914515518642963
0.44590809377339335
-1.0704371058143352
-0.6003918889390139
-17.96855124026165
-17.966853801389234
-0.6001829079855611
-1.0700754248549802
0.44605632061855455
0.591577637205432
0.827392604201703
0.8959590256884142
0.947752266539559
0.9703498033637967
0.984089139957558
0.9910842173305405
0.9950778587937508
0.9972368567358962
0.9984524102476104
0.9991268105206783
0.9995069310780045
0.9997207105646624
0.9998418192357006
0.9999104963382751
0.9999495495493917
0.9999716892279356
0.9999840705805828
0.9999906402427354
0.9999934791095979
0.9999934791091831
0.9999906402424349
0.9999840705809452
0.9999716892279227
0.9999495495494627
0.9999104963383473
0.9998418192355614
0.9997207105640497
0.9995069310787497
0.9991268105206794
0.9984524102472856
0.9972368567361101
0.9950778587933925
0.991084217330244
0.9840891399561167
0.970349803362491
0.9477522665396462
0.8959590256888702
0.827392604203105
0.591577637205682
0.4460563206186656
-1.0700754248547073
-0.6001829079864511
-17.96685380138265
-17.96366425271073
-0.5997924799911413
-1.0693997848537746
0.4463317951016935
0.5918116792414728
0.8275268364157883
0.896053356690943
0.9478113136729307
0.9703887497948241
0.9841136794302889
0.9910997223758145
0.9950872525924039
0.9972423452868702
0.9984553061311967
0.999128057365785
0.9995070914624024
0.9997201890063864
0.9998408500361868
0.9999092514406681
0.9999481244173236
0.9999701565664376
0.9999824695605908
0.9999890026223073
0.9999918240134105
0.9999918240158163
0.9999890026243281
0.9999824695597173
0.9999701565645689
0.9999481244187467
0.9999092514417995
0.9998408500370242
0.9997201890057679
0.9995070914623667
0.9991280573651558
0.9984553061322656
0.9972423452876382
0.9950872525926427
0.9910997223751068
0.9841136794316248
0.9703887497963433
0.9478113136731866
0.8960533566895452
0.8275268364138935
0.5918116792420092
0.44633179510134996
-1.069399784855082
-0.5997924799927755
-17.96366425271253
-17.957656614578433
-0.5990607003754949
-1.0681357028612046
0.4468452695993032
0.5922460844905688
0.8277749767667946
0.8962263730258904
0.9479189975200983
0.9704587994432381
0.9841573463711446
0.9911265798108828
0.9951030811706215
0.9972509620379231
0.9984593294683055
0.9991290603841831
0.9995062124908944
0.9997180707843428
0.9998379769461656
0.9999058803276583
0.9999444586182941
0.9999662970434011
0.9999785017915668
0.999984968890701
0.9999877632306524
0.9999877632289101
0.9999849688875888
0.9999785017937245
0.9999662970447736
0.9999444586174495
0.9999058803253329
0.9998379769466859
0.999718070784193
0.9995062124914628
0.9991290603841796
0.9984593294679472
0.9972509620361838
0.995103081170275
0.9911265798117912
0.9841573463695579
0.9704587994398992
0.9479189975205558
0.8962263730272666
0.8277749767674011
0.5922460844901707
0.44684526959980475
-1.068135702857325
-0.5990607003702721
-17.957656614568847
-17.94628779783479
-0.5976865104474981
-1.0657604740481035
0.4478024314181936
0.5930553992249814
0.828232418168411
0.8965444227198831
0.9481138452070907
0.9705846156940234
0.9842336354583925
0.9911725256161574
0.9951284606600584
0.9972635923036658
0.9984634600136095
0.9991279881919735
0.9995016831212301
0.9997114724090965
0.9998299986723558
0.9998971007400507
0.9999351405834865
0.9999566799992998
0.9999686860338024
0.9999750551568912
0.9999777995411929
0.9999777995398516
0.9999750551557465
0.9999686860339081
0.9999566800008284
0.9999351405828103
0.9998971007388757
0.9998299986731
0.9997114724095573
0.9995016831205983
0.9991279881923081
0.9984634600128379
0.9972635923030402
0.9951284606594732
0.9911725256183369
0.9842336354594814
0.9705846156946839
0.948113845207504
0.8965444227204213
0.8282324181676195
0.593055399222786
0.44780243141784964
-1.0657604740482007
-0.5976865104462177
-17.946287797844604
-17.92472126117132
-0.5950921317003638
-1.0612932232223113
0.44959631559940316
0.5945597991987381
0.8290794443747236
0.8971245394585414
0.9484669973175582
0.9708064574930223
0.9843659819917685
0.9912475318193772
0.9951672161936644
0.9972784264926315
0.9984637650554029
0.999118593516464
0.9994865929539376
0.9996925380393933
0.9998088886779022
0.9998744984022567
0.9999117318923487
0.9999327087513374
0.9999444331616345
0.9999506151557154
0.9999532915908605
0.9999532915895122
0.9999506151545514
0.9999444331607681
0.9999327087523734
0.9999117318916602
0.9998744984035619
0.999808888678344
0.9996925380398247
0.9994865929548074
0.9991185935181199
0.9984637650554453
0.9972784264927836
0.995167216193087
0.9912475318208038
0.9843659819919417
0.9708064574933459
0.9484669973172517
0.897124539459375
0.8290794443760034
0.5945597992000569
0.44959631559884905
-1.0612932232257777
-0.5950921317070247
-17.924721261187457
-17.883477983482976
-0.5901880535506614
-1.0528244253317225
0.45294921967315943
0.5973779272325691
0.8306342220232461
0.898188944163788
0.949094449561231
0.9711973861946191
0.9845850429496648
0.9913661800894276
0.9952165839880599
0.997287387669815
0.9984450838377184
0.9990842302522938
0.9994414060495633
0.9996414521716241
0.9997536440690935
0.9998171016961774
0.9998527682990703
0.9998729901092239
0.9998841523507568
0.999890100031231
0.9998926374471977
0.9998926374486145
0.9998901000313045
0.9998841523509345
0.99987299010932
0.9998527683002364
0.9998171016943131
0.9997536440681244
0.999641452171299
0.9994414060499721
0.9990842302515339
0.9984450838362422
0.9972873876694979
0.9952165839884822
0.9913661800898481
0.9845850429504659
0.9711973861939514
0.9490944495612197
0.8981889441632085
0.8306342220236989
0.597377927231561
0.45294921967353885
-1.0528244253293768
-0.5901880535532726
-17.88347798347415
-17.804512971852215
-0.580822780457469
-1.0367992753736148
0.45928903315744857
0.6026101922276184
0.8335196986964795
0.9001003071820324
0.9502168584166435
0.9718533572627501
0.9849419712046934
0.991525975977199
0.9952611916653256
0.9972528674480324
0.9983670192714553
0.9989753953176903
0.9993165656761194
0.999504917360116
0.9996114013803548
0.9996704916994619
0.9997041899859429
0.9997228176632585
0.9997333398378239
0.9997387687333359
0.9997411595485136
0.9997411595519269
0.9997387687355125
0.9997333398358468
0.9997228176604904
0.9997041899876469
0.9996704917010217
0.9996114013808863
0.9995049173590926
0.9993165656760965
0.9989753953175884
0.9983670192727473
0.9972528674508233
0.9952611916650707
0.991525975974459
0.9849419712036491
0.9718533572634365
0.9502168584165342
0.9001003071807736
0.8335196986980029
0.6026101922293334
0.4592890331583055
-1.0367992753727964
-0.5808227804613535
-17.804512971847455
-17.650859528530596
-0.5629765794194622
-1.0059530514332193
0.47113683898568093
0.6125069628229987
0.8387365848420643
0.9035921162064101
0.9521160474452353
0.9729566700911376
0.9854384082048424
0.9917034933096822
0.9952040873980609
0.9970758911719926
0.9981006691912293
0.9986658865815282
0.9989736490829221
0.9991470034844214
0.9992411904623129
0.9992952428735522
0.9993244729652815
0.9993414775648197
0.9993504386138949
0.9993554018543122
0.9993574120248545
0.9993574120252222
0.9993554018560052
0.9993504386157852
0.9993414775650888
0.9993244729660444
0.999295242872474
0.9992411904626307
0.9991470034841381
0.9989736490840586
0.9986658865804507
0.9981006691913266
0.9970758911715112
0.9952040873996897
0.9917034933092996
0.9854384082041407
0.9729566700904048
0.9521160474465207
0.9035921162066145
0.83873658484178
0.6125069628216837
0.47113683898585196
-1.0059530514303388
-0.5629765794198969
-17.650859528525615
-17.35327907503978
-0.5281729781630331
-0.9472721493517733
0.4939275112299102
0.6306801986906065
0.848462141530193
0.909576894021088
0.955403741536091
0.9745301018017838
0.9860600039732498
0.9916350176143003
0.9947985447855004
0.9964075034185023
0.997315906081417
0.9977840851915067
0.9980528770205566
0.9981910746583333
0.9982726108074438
0.9983140612637434
0.9983393272656154
0.9983518757780656
0.9983596667637514
0.9983632089213534
0.9983649705517491
0.998364970552803
0.9983632089202013
0.9983596667630912
0.9983518757751059
0.9983393272656346
0.9983140612639214
0.9982726108081632
0.9981910746568631
0.9980528770211667
0.9977840851898088
0.9973159060826572
0.9964075034178909
0.9947985447861738
0.9916350176118346
0.9860600039731708
0.9745301018009962
0.9554037415370007
0.9095768940197773
0.8484621415306707
0.6306801986905008
0.4939275112302567
-0.9472721493480749
-0.5281729781633298
-17.3532790750284
-16.754543749714422
-0.46133288500175756
-0.8307609383346242
0.5359819940200504
0.6657855324963982
0.8651485479445227
0.9203815422756412
0.960089320986168
0.9767141095790222
0.9860231495068413
0.9906913374003607
0.9930452943478586
0.9943484996269638
0.9949662204597081
0.9953357180514164
0.9955016075464971
0.9956089554562149
0.9956543637715651
0.9956864552934916
0.9956990931757042
0.9957089172108584
0.9957124205440708
0.9957152532058464
0.995715985707484
0.9957159857048845
0.9957152532034461
0.995712420547296
0.9957089172145475
0.9956990931740128
0.9956864552937192
0.9956543637723668
0.9956089554573246
0.9955016075456733
0.9953357180543672
0.9949662204601075
0.9943484996245895
0.9930452943476099
0.9906913374032469
0.9860231495081299
0.9767141095793086
0.9600893209863078
0.9203815422777549
0.8651485479445555
0.6657855324948478
0.5359819940190577
-0.8307609383377681
-0.4613328850080592
-16.75454374973249
-15.582169238531986
-0.324654204110132
-0.6099208118953998
0.6202696315307137
0.7271279675654276
0.8965501511735512
0.9358688441146116
0.9670547773398113
0.9769415236347466
0.9836311807295353
0.9857840612660357
0.9873328598078757
0.987744091385463
0.9881184322955024
0.9881792489656287
0.9882726968446501
0.9882743767429747
0.9882985156655019
0.9882945319610961
0.9883010518764072
0.9882986243423337
0.9883004551987398
0.9882994928604285
0.9882998906117475
0.9882998906113937
0.988299492860512
0.9883004551961604
0.9882986243410824
0.9883010518751454
0.9882945319624101
0.9882985156648283
0.9882743767434334
0.9882726968429643
0.9881792489657515
0.9881184322957356
0.9877440913857569
0.987332859804815
0.9857840612655542
0.9836311807303155
0.9769415236363331
0.9670547773360776
0.9358688441135021
0.8965501511745531
0.7271279675665903
0.6202696315285121
-0.6099208118946993
-0.32465420410473356
-15.582169238540247
-13.027736203534836
-0.0631117181535335
-0.13601943216252754
0.765238924505732
0.8520887737668843
0.9391122641139746
0.9614626784179136
0.9666249359825142
0.9703033678597893
0.9683088777474496
0.9685522995778688
0.9672028194231059
0.967058768510031
0.9664737799524954
0.9663749411480461
0.9661524293102752
0.9661078299394994
0.9660278744566992
0.9660103325674689
0.9659824465577327
0.9659760734581284
0.9659667560406904
0.9659647448081208
0.9659625444640874
0.9659625444623802
0.9659647448075028
0.9659667560411864
0.965976073460104
0.9659824465577515
0.9660103325658345
0.9660278744553749
0.9661078299406773
0.9661524293108504
0.966374941147979
0.9664737799504102
0.9670587685084772
0.9672028194233213
0.9685522995791672
0.96830887774767
0.9703033678598807
0.9666249359828321
0.9614626784187149
0.9391122641129181
0.8520887737660454
0.7652389245036473
-0.1360194321605419
-0.06311171815234465
-13.02773620353113
-8.059786180272427
0.5550287241945437
0.7142043218108185
1.0924379372670479
1.0203514274133272
1.0151528363751856
0.9559283333028132
0.9413169167320492
0.9156157670590936
0.9089068776097962
0.8995477780132937
0.8969834283221152
0.893801256090933
0.8928791332063222
0.891827586236472
0.8915048204850187
0.8911608655084675
0.8910494535318252
0.8909371045585504
0.8908990744485901
0.890862540123035
0.8908500232857304
0.8908391300166636
0.8908362056623246
0.8908362056671796
0.890839130022011
0.890850023282222
0.8908625401190595
0.890899074450153
0.8909371045623334
0.8910494535314788
0.8911608655085042
0.8915048204834537
0.891827586235758
0.8928791332065993
0.8938012560944923
0.8969834283233029
0.8995477780087968
0.908906877606718
0.9156157670626436
0.9413169167315838
0.9559283333002165
1.0151528363743556
1.0203514274151355
1.0924379372676132
0.7142043218087837
0.5550287241958712
-8.059786180269098
5.930670711452585
1.6430257310667784
3.0472983237899607
1.4284388687424199
1.3926678018281926
0.9170060623613578
0.8411389719975836
0.7012501908027353
0.6689648984417857
0.627482015817365
0.6160060200315527
0.6035814423954993
0.5996991419513674
0.5959309071114401
0.5946375516794291
0.5934780566669193
0.5930487332807493
0.5926864875278812
0.5925439217242787
0.5924292810821985
0.5923822445825935
0.5923464484287945
0.5923322898378158
0.59232415564201
0.5923241556344023
0.5923322898298147
0.5923464484345006
0.5923822445888479
0.592429281077766
0.5925439217200932
0.5926864875284784
0.5930487332810618
0.5934780566692381
0.5946375516804908
0.5959309071070886
0.5996991419478517
0.6035814424005692
0.6160060200369868
0.6274820158116476
0.6689648984368929
0.7012501908068008
0.8411389719988225
0.9170060623601901
1.3926678018259726
1.4284388687444804
3.0472983237908453
1.6430257310653344
5.930670711462116
29.969243715458397
6.705314176877922
5.500055478273981
2.322041128827001
0.6309797455252091
0.004758006173533273
-0.535690736328899
-0.6984099030086814
-0.8487086310994714
-0.8966779299349206
-0.9383368233931157
-0.9531291644214928
-0.9649901114763173
-0.9696344947168082
-0.9731181964731428
-0.9745932233143513
-0.9756459659329897
-0.9761193215496154
-0.976445175570807
-0.9765982764098893
-0.976700407254681
-0.9767489948658198
-0.9767787334029225
-0.976789875914751
-0.9767898759219681
-0.976778733408086
-0.9767489948616468
-0.9767004072499694
-0.976598276412229
-0.9764451755750525
-0.9761193215486794
-0.9756459659311301
-0.9745932233168724
-0.973118196471657
-0.9696344947164999
-0.9649901114802293
-0.9531291644214439
-0.9383368233901065
-0.8966779299306306
-0.8487086310984557
-0.6984099030082462
-0.5356907363265146
0.004758006172749201
0.6309797455238906
2.322041128824308
5.500055478269564
6.7053141768722035
29.96924371546286
321.7354557766971
2.00425622267681
10.258606811303736
-14.444596662193682
-15.426176322652585
-18.747144260341358
-19.339361956787776
-19.96635345569903
-20.165431684616678
-20.31216434428965
-20.37274522727774
-20.411599035357526
-20.429800005995254
-20.440845271719724
-20.446374531989676
-20.449657063208004
-20.451366089689436
-20.452372324884653
-20.452909771742164
-20.453224911642472
-20.45339528375596
-20.453493124617452
-20.453543105338262
-20.453565277608774
-20.453565277624577
-20.45354310532191
-20.453493124648574
-20.453395283735908
-20.45322491166821
-20.45290977171707
-20.452372324903003
-20.451366089671716
-20.449657063241016
-20.44637453196574
-20.440845271710845
-20.429800005967884
-20.41159903540268
-20.372745227261913
-20.312164344270492
-20.165431684583417
-19.966353455763976
-19.339361956775655
-18.747144260334284
-15.426176322640746
-14.444596662217574
10.258606811317046
2.0042562226687846
321.7354557767061