-1.0437639938803285
0.4165589456806944
0.4901561944951911
0.452029127704334
0.4031891956556638
0.37547682962142326
0.35892523529219034
0.3496619628844204
0.3444211978562253
0.34150847818821195
0.33996412502525786
0.33929679279799324
0.3392967927985228
0.33996412502536927
0.3415084781886156
0.34442119785705816
0.3496619628841695
0.35892523529230635
0.3754768296210126
0.40318919565459943
0.45202912770394266
0.4901561944944641
0.41655894568049734
-1.043763993879011
0.005842168371182491
-0.10767409347623319
-0.14897716901395372
-0.1668090024985461
-0.1819072818233819
-0.19107032385070488
-0.196933465950145
-0.20044674542375657
-0.20253878852388818
-0.20374742972470772
-0.20440555207629102
-0.20469447214268066
-0.2046944721426314
-0.20440555207630356
-0.20374742972461252
-0.2025387885237966
-0.20044674542377508
-0.1969334659501334
-0.19107032385068312
-0.18190728182348892
-0.16680900249853986
-0.14897716901404048
-0.1076740934763093
0.0058421683711401395
0.11085343439024711
-0.05436518606316958
-0.07357518160767076
-0.07735320546747337
-0.07892060643542807
-0.08032256790322109
-0.08148315407697052
-0.08234125460263803
-0.08293180662152541
-0.08331060865460134
-0.08353197986924435
-0.08363329941881287
-0.08363329941879474
-0.08353197986931465
-0.0833106086546703
-0.08293180662155872
-0.08234125460272243
-0.0814831540769683
-0.08032256790314732
-0.07892060643543264
-0.07735320546741481
-0.07357518160766253
-0.054365186063187486
0.11085343439021529
0.11010545069197256
-0.0352330075043807
-0.04233608517302351
-0.03939316544307027
-0.035211232841196816
-0.03306906297124771
-0.031936109103646235
-0.031406957066306807
-0.031167192384411624
-0.031065541135770293
-0.031025499167422744
-0.031012219888804662
-0.03101221988880233
-0.031025499167455416
-0.031065541135776635
-0.031167192384440573
-0.03140695706637625
-0.031936109103646235
-0.033069062971236865
-0.03521123284117859
-0.039393165443008665
-0.04233608517301053
-0.035233007504318584
0.11010545069196868
0.10510473031469839
-0.02957342692162765
-0.03224365492855074
-0.026525369896885018
-0.020028539843665195
-0.01635370368843302
-0.014168739486772077
-0.012961942211666872
-0.01229379047660219
-0.01193242536789263
-0.011745965160563013
-0.011667032557169433
-0.011667032557170238
-0.011745965160565992
-0.011932425367878037
-0.01229379047658969
-0.012961942211693799
-0.014168739486765697
-0.01635370368843409
-0.020028539843685245
-0.02652536989684831
-0.03224365492855869
-0.029573426921597874
0.10510473031469938
0.10277187228485049
-0.027813657965440136
-0.02894501430650996
-0.022151457149529333
-0.01475218701255593
-0.010441439435090646
-0.007797343234659247
-0.006278355470845707
-0.005403140759051857
-0.004910877886897385
-0.0046481855792445854
-0.004534348295888007
-0.004534348295893302
-0.004648185579252212
-0.004910877886913203
-0.005403140759045666
-0.006278355470852688
-0.0077973432346648604
-0.010441439435081402
-0.014752187012596493
-0.02215145714951824
-0.0289450143065313
-0.02781365796544301
0.1027718722848926
0.10188360012026304
-0.027227014742234643
-0.027818056956312332
-0.02061796300374904
-0.012871574882975302
-0.008303473229381235
-0.005465461221826413
-0.0038084858598568944
-0.0028379269682457815
-0.0022831806312772736
-0.0019830593420389806
-0.0018517692805208462
-0.001851769280549548
-0.00198305934205195
-0.0022831806312886525
-0.002837926968274242
-0.0038084858598291106
-0.005465461221847826
-0.008303473229383199
-0.012871574882963817
-0.02061796300374309
-0.027818056956304234
-0.027227014742198505
0.10188360012026722
0.10156296178683233
-0.02701926640920677
-0.027415663987652016
-0.020062612766940546
-0.012182978012243953
-0.007512060190240928
-0.004593775294285351
-0.0028774885348897762
-0.0018645169128153206
-0.0012811192358604517
-0.0009634214982735478
-0.0008238085382867136
-0.0008238085383365616
-0.0009634214983249395
-0.001281119235904064
-0.0018645169128925876
-0.0028774885348942913
-0.004593775294302488
-0.007512060190211604
-0.012182978012162643
-0.020062612766911396
-0.027415663987605914
-0.027019266409161538
0.10156296178676477
0.10144876533163019
-0.02694216234857444
-0.027266580412319677
-0.019855710580978302
-0.011924718852564088
-0.007212936150850753
-0.004261802476796023
-0.002520486800769545
-0.0014891019259798744
-0.0008929485620571261
-0.0005672695033193274
-0.00042382864748891503
-0.00042382864748736533
-0.0005672695033461651
-0.0008929485620873814
-0.0014891019259952194
-0.0025204868008031392
-0.0042618024767894684
-0.007212936150817599
-0.011924718852552151
-0.019855710580963352
-0.02726658041231017
-0.02694216234857503
0.10144876533156097
0.10140812126035795
-0.026912610652428417
-0.02720984711682655
-0.01977696172033181
-0.011826072359700516
-0.00709808455695906
-0.004133614656229954
-0.002381883362148266
-0.0013426571862234782
-0.0007409596224835465
-0.00041175534721382744
-0.0002666061883940346
-0.000266606188345973
-0.0004117553471617785
-0.0007409596224055345
-0.0013426571861000337
-0.0023818833620993557
-0.0041336146561977444
-0.0070980845569519535
-0.011826072359789861
-0.019776961720389494
-0.02720984711689979
-0.02691261065245367
0.10140812126029092
0.1013937443394183
-0.02690122002190152
-0.027188172893145554
-0.01974695160994722
-0.01178841931391392
-0.00705409986873666
-0.004084323631479956
-0.0023283684204249543
-0.0012859048482559681
-0.0006818816854818749
-0.0003511801790570398
-0.0002052996414154403
-0.00020529964139699589
-0.000351180178975118
-0.000681881685342942
-0.0012859048481280385
-0.0023283684203367037
-0.004084323631453807
-0.0070540998687728725
-0.011788419313999248
-0.019746951610033057
-0.02718817289324392
-0.026901220021897976
0.10139374433938524
0.10138914498900052
-0.02689729957528978
-0.027180768098945575
-0.019736727566574783
-0.011775584277849103
-0.0070390777769499405
-0.004067446159459176
-0.0023099951314317956
-0.0012663712498658846
-0.0006615056810456775
-0.00033025730270347294
-0.00018410819808952934
-0.0001841081981056978
-0.0003302573027021148
-0.0006615056809991305
-0.0012663712498579846
-0.0023099951314061065
-0.00406744615949296
-0.0070390777769971085
-0.011775584277858825
-0.019736727566584417
-0.02718076809897147
-0.02689729957524882
0.1013891449889984
0.10138914498900194
-0.026897299575356918
-0.02718076809902728
-0.019736727566662643
-0.011775584277871695
-0.007039077776941738
-0.004067446159418755
-0.002309995131355598
-0.0012663712498117785
-0.0006615056810043566
-0.0003302573027066735
-0.00018410819815722646
-0.0001841081981832666
-0.00033025730280766016
-0.0006615056811051922
-0.0012663712499019469
-0.00230999513144726
-0.004067446159491587
-0.007039077776960743
-0.011775584277844937
-0.019736727566566612
-0.027180768098959807
-0.026897299575315732
0.10138914498908956
0.10139374433941226
-0.026901220021971914
-0.027188172893250928
-0.01974695161006436
-0.01178841931394571
-0.007054099868697523
-0.004084323631395627
-0.0023283684202889624
-0.0012859048481159818
-0.0006818816853646455
-0.00035118017900232575
-0.00020529964146751755
-0.0002052996414782047
-0.0003511801790885003
-0.0006818816854599761
-0.0012859048482013284
-0.0023283684203843453
-0.00408432363143608
-0.007054099868670999
-0.01178841931392316
-0.019746951609954714
-0.027188172893202276
-0.02690122002198881
0.10139374433953643
0.1014081212602361
-0.026912610652388265
-0.027209847116824865
-0.019776961720338472
-0.011826072359741206
-0.007098084556988455
-0.004133614656257158
-0.0023818833621557516
-0.0013426571861580245
-0.0007409596224454804
-0.0004117553471555681
-0.0002666061883167186
-0.0002666061883588179
-0.000411755347161757
-0.0007409596224487816
-0.0013426571861795515
-0.00238188336214423
-0.004133614656241378
-0.007098084556965702
-0.011826072359707843
-0.019776961720310078
-0.027209847116823255
-0.02691261065239635
0.10140812126022289
0.10144876533164608
-0.02694216234852584
-0.027266580412284268
-0.01985571058095681
-0.01192471885260102
-0.007212936150894235
-0.0042618024768826725
-0.0025204868008744325
-0.001489101926056695
-0.0008929485621332334
-0.0005672695033447735
-0.00042382864747248297
-0.0004238286474923134
-0.0005672695033159005
-0.0008929485620662425
-0.0014891019260216385
-0.0025204868008084687
-0.004261802476863587
-0.007212936150885739
-0.011924718852566256
-0.019855710580978486
-0.027266580412321856
-0.02694216234853069
0.10144876533155356
0.1015629617868761
-0.02701926640924464
-0.027415663987664263
-0.020062612766920833
-0.012182978012171965
-0.007512060190188541
-0.004593775294244767
-0.002877488534838827
-0.0018645169128229941
-0.0012811192358661596
-0.0009634214982850544
-0.0008238085383053364
-0.0008238085382993825
-0.0009634214982563884
-0.0012811192358429297
-0.0018645169127971132
-0.002877488534812191
-0.004593775294229118
-0.007512060190149545
-0.012182978012210108
-0.020062612766984747
-0.027415663987682033
-0.027019266409242168
0.10156296178681379
0.1018836001202763
-0.027227014742242102
-0.027818056956334623
-0.020617963003754985
-0.012871574882966723
-0.00830347322938441
-0.005465461221807077
-0.0038084858598452934
-0.002837926968275439
-0.0022831806313042555
-0.00198305934207605
-0.0018517692805625095
-0.001851769280538961
-0.001983059342059046
-0.0022831806312957974
-0.002837926968203017
-0.0038084858598387483
-0.005465461221814663
-0.008303473229380888
-0.01287157488302924
-0.020617963003787366
-0.02781805695636308
-0.02722701474226494
0.10188360012028252
0.10277187228488147
-0.02781365796536655
-0.028945014306458294
-0.022151457149519736
-0.014752187012597841
-0.010441439435167092
-0.007797343234770421
-0.006278355470990029
-0.005403140759164583
-0.004910877886963938
-0.004648185579314044
-0.004534348295909077
-0.004534348295917666
-0.004648185579294326
-0.004910877886926618
-0.005403140759105354
-0.006278355470971075
-0.007797343234743477
-0.010441439435205502
-0.014752187012648339
-0.02215145714954788
-0.02894501430655854
-0.027813657965381863
0.10277187228485064
0.10510473031465292
-0.02957342692153575
-0.0322436549284832
-0.02652536989678518
-0.020028539843579413
-0.01635370368839655
-0.0141687394867756
-0.012961942211655735
-0.012293790476568159
-0.011932425367838777
-0.011745965160508007
-0.011667032557100804
-0.011667032557085327
-0.011745965160433693
-0.011932425367767275
-0.012293790476473354
-0.012961942211614886
-0.014168739486733027
-0.01635370368840143
-0.020028539843631645
-0.026525369896816243
-0.032243654928545626
-0.029573426921524395
0.10510473031459022
0.11010545069202032
-0.03523300750436488
-0.04233608517301064
-0.039393165443066654
-0.03521123284112923
-0.033069062971160516
-0.031936109103598384
-0.03140695706626016
-0.031167192384417612
-0.03106554113575382
-0.0310254991674294
-0.03101221988884205
-0.031012219888764094
-0.031025499167381766
-0.031065541135719466
-0.03116719238436281
-0.031406957066298834
-0.03193610910361189
-0.03306906297120562
-0.035211232841217605
-0.03939316544308091
-0.04233608517307483
-0.03523300750438957
0.1101054506921075
0.11085343439026643
-0.05436518606320799
-0.07357518160776431
-0.07735320546757395
-0.07892060643553524
-0.08032256790325146
-0.08148315407700085
-0.08234125460264163
-0.08293180662151182
-0.08331060865462867
-0.08353197986931966
-0.08363329941891902
-0.0836332994189234
-0.08353197986944523
-0.08331060865482019
-0.0829318066217095
-0.08234125460279224
-0.08148315407708852
-0.08032256790323047
-0.07892060643546148
-0.07735320546742169
-0.07357518160765211
-0.05436518606320789
0.1108534343904537
0.005842168370884167
-0.10767409347621239
-0.14897716901406186
-0.16680900249865294
-0.1819072818235804
-0.19107032385074152
-0.1969334659501411
-0.2004467454237411
-0.2025387885237555
-0.20374742972463533
-0.20440555207630584
-0.20469447214269107
-0.20469447214276715
-0.20440555207641609
-0.20374742972487392
-0.20253878852393908
-0.20044674542376195
-0.1969334659502125
-0.191070323850789
-0.18190728182336724
-0.1668090024984159
-0.1489771690139122
-0.10767409347619131
0.005842168371125533
-1.043763993880402
0.41655894568068436
0.49015619449520564
0.4520291277043959
0.4031891956556597
0.3754768296215383
0.35892523529223597
0.3496619628844093
0.3444211978562549
0.3415084781881801
0.33996412502522216
0.33929679279798347
0.3392967927985229
0.33996412502549955
0.34150847818863206
0.3444211978572099
0.3496619628844248
0.3589252352924701
0.3754768296210776
0.40318919565470757
0.45202912770400383
0.4901561944945416
0.4165589456805944
-1.0437639938791383