-425.15086597034485
2.7776761540886836
-6.677459102057211
22.10988144929188
21.73935326643162
24.324194000757807
24.338536320814836
24.59435716753888
24.60192838956607
24.62880426366202
24.630374022674932
24.633336968609377
24.633608543444765
24.633950271888743
24.633994275135407
24.63403550599988
24.634042454589135
24.63404766123775
24.634048749727867
24.634049437525853
24.63404960814821
24.63404970298579
24.63404972986971
24.63404974342382
24.63404974759173
24.634049749302562
24.63404974928963
24.634049747603342
24.63404974342953
24.634049729868362
24.634049702962727
24.634049608178028
24.634049437513003
24.634048749724347
24.634047661220592
24.63404245459954
24.634035506004857
24.633994275147156
24.633950271843112
24.633608543481408
24.633336968593337
24.63037402268028
24.628804263612874
24.60192838962586
24.594357167531285
24.338536320852583
24.324194000678908
21.739353266496423
22.109881449222755
-6.67745910199275
2.7776761540184163
-425.1508659702909
-61.276204704099484
-0.7670727689131129
-5.662359451833424
-0.669093238271796
-1.0929419147995203
-0.6855834325662256
-0.7248207300092193
-0.6919077785343559
-0.6955793186628754
-0.6929765082398185
-0.6933094740227707
-0.6931113566186282
-0.6931386444240779
-0.693124242106566
-0.6931258304891557
-0.6931247790021013
-0.6931247202546558
-0.6931246224593979
-0.693124575684612
-0.6931245603089873
-0.6931245480792237
-0.6931245447665324
-0.6931245421735497
-0.6931245414468548
-0.6931245409579625
-0.6931245408357307
-0.6931245408357336
-0.6931245409567057
-0.6931245414461417
-0.6931245421754896
-0.6931245447666603
-0.6931245480773998
-0.6931245603118974
-0.6931245756843245
-0.6931246224598625
-0.6931247202547364
-0.6931247789978139
-0.6931258304910763
-0.6931242421084913
-0.6931386444208025
-0.6931113566202258
-0.6933094740236785
-0.6929765082431547
-0.6955793186615398
-0.6919077785336255
-0.7248207300102991
-0.6855834325712382
-1.0929419147986366
-0.6690932382743404
-5.662359451829493
-0.7670727689147077
-61.27620470410089
-5.122104642140422
-0.34571758432509736
-1.9092021900352478
-0.8866602063346942
-1.0587238763276046
-0.9436525792554556
-0.9625633254986232
-0.9511342370125575
-0.9532831208385297
-0.9522096923138138
-0.9524620589134504
-0.9523659329689215
-0.9523966453256938
-0.952388646619668
-0.9523925340117967
-0.9523919697601131
-0.9523924822118741
-0.952392461377275
-0.952392531574002
-0.9523925350093202
-0.9523925449499027
-0.9523925461594898
-0.952392547604423
-0.9523925478604011
-0.9523925480709134
-0.9523925481094389
-0.9523925481095596
-0.9523925480708249
-0.9523925478600707
-0.952392547604402
-0.9523925461593432
-0.952392544949775
-0.9523925350100026
-0.952392531573119
-0.9523924613773729
-0.952392482211537
-0.9523919697596961
-0.9523925340129067
-0.9523886466197001
-0.952396645325312
-0.9523659329682025
-0.9524620589136168
-0.9522096923145162
-0.9532831208383983
-0.9511342370120048
-0.9625633254987404
-0.9436525792559756
-1.0587238763282074
-0.886660206334491
-1.9092021900360443
-0.34571758432532385
-5.122104642141747
12.17920760128926
-0.18360489718544898
-0.3433618326045572
-0.9037298639796429
-0.9487298081945907
-0.9805535147971887
-0.987422892682762
-0.9895406418882464
-0.990509199318724
-0.9906999720976682
-0.9908344859561373
-0.9908588961477709
-0.99087765934727
-0.9908814802078367
-0.9908841355325153
-0.9908847716119276
-0.9908851551143227
-0.9908852616700718
-0.9908853183498859
-0.9908853360834038
-0.990885344656472
-0.9908853475890675
-0.990885348912694
-0.990885349394235
-0.9908853495978657
-0.9908853496643276
-0.9908853496643644
-0.9908853495977701
-0.9908853493937997
-0.9908853489125153
-0.9908853475892005
-0.9908853446566348
-0.9908853360834211
-0.9908853183494015
-0.9908852616705123
-0.9908851551139919
-0.9908847716123466
-0.9908841355325373
-0.9908814802080661
-0.9908776593473075
-0.9908588961474372
-0.9908344859562781
-0.9906999720977119
-0.9905091993186463
-0.98954064188843
-0.987422892682509
-0.9805535147980509
-0.9487298081937001
-0.9037298639802017
-0.3433618326037593
-0.18360489718638673
12.179207601291363
18.30493237882262
-0.11387851461425597
0.28029570977371276
-0.9000687018137692
-0.8901277210264384
-0.986609423453523
-0.9880305809834365
-0.9966936997742033
-0.9971107122527996
-0.9979527379344466
-0.998030651200345
-0.9981193955297866
-0.9981323313763149
-0.9981424940741912
-0.9981445514487948
-0.9981458123823201
-0.9981461349679128
-0.9981463030151752
-0.9981463535533925
-0.9981463773143409
-0.9981463852771238
-0.9981463887950569
-0.998146390060059
-0.9981463905971146
-0.9981463907945756
-0.9981463908664476
-0.9981463908661646
-0.9981463907946331
-0.9981463905968126
-0.998146390060058
-0.9981463887950421
-0.9981463852776121
-0.9981463773139982
-0.9981463535535307
-0.9981463030156013
-0.9981461349674658
-0.9981458123824585
-0.9981445514487534
-0.9981424940747137
-0.9981323313759625
-0.9981193955297757
-0.9980306512007744
-0.9979527379340262
-0.9971107122525305
-0.9966936997746397
-0.9880305809833274
-0.9866094234545655
-0.8901277210257833
-0.9000687018143892
0.2802957097735966
-0.11387851461519408
18.30493237882287
20.600564157280225
-0.08438021550765432
0.52816622567681
-0.8963147099673202
-0.8634386788489528
-0.9873368061777688
-0.9864159785869175
-0.9980702450793931
-0.9982471229790089
-0.9994067133799003
-0.9994596303908869
-0.9995814589513445
-0.9995917627062489
-0.9996053310072823
-0.9996071099944538
-0.9996087189054819
-0.9996090120789292
-0.9996092155216505
-0.9996092629659141
-0.9996092903170362
-0.9996092979556892
-0.9996093018377512
-0.999609303068892
-0.9996093036424665
-0.9996093038371547
-0.9996093039121383
-0.9996093039118576
-0.9996093038369237
-0.9996093036427676
-0.9996093030690423
-0.9996093018383991
-0.99960929795634
-0.9996092903166846
-0.9996092629657956
-0.9996092155217763
-0.9996090120782641
-0.999608718905747
-0.9996071099942496
-0.9996053310079475
-0.9995917627057536
-0.9995814589520554
-0.9994596303906392
-0.9994067133803306
-0.9982471229789807
-0.9980702450791995
-0.9864159785870643
-0.987336806177795
-0.8634386788482182
-0.8963147099689676
0.528166225677571
-0.08438021550634084
20.60056415728012
21.487833068011376
-0.07208424338554728
0.6273671042706731
-0.894262125720147
-0.8519116541055017
-0.9872549621917321
-0.9853456923852906
-0.9983226109152418
-0.9983980912451866
-0.9997063846818941
-0.9997488346075885
-0.9998869857511858
-0.9998961916754607
-0.9999115190147854
-0.999913181122805
-0.9999149770655252
-0.9999152576788908
-0.9999154808160085
-0.9999155269057818
-0.9999155563155149
-0.9999155638090569
-0.9999155679050447
-0.9999155691206297
-0.9999155697167041
-0.999915569909355
-0.9999155699862615
-0.9999155699859521
-0.9999155699097222
-0.9999155697164178
-0.9999155691210121
-0.9999155679049124
-0.9999155638091185
-0.9999155563155435
-0.9999155269060443
-0.9999154808153826
-0.9999152576791456
-0.9999149770652109
-0.9999131811228259
-0.9999115190148504
-0.9998961916751175
-0.999886985751633
-0.9997488346071947
-0.9997063846821037
-0.9983980912454953
-0.9983226109145706
-0.9853456923857098
-0.9872549621907941
-0.8519116541060959
-0.8942621257216645
0.6273671042711144
-0.07208424338450115
21.487833068010453
21.837489362719726
-0.06699483873100345
0.6673788506428533
-0.8932968134073604
-0.8470428590343886
-0.9871329691496024
-0.9848097527330191
-0.9983591887446266
-0.998392416779712
-0.9997682083239388
-0.999806407671674
-0.9999523253484124
-0.9999611010099301
-0.9999773029919217
-0.9999789207297379
-0.9999808134521531
-0.9999810893899047
-0.9999813230862988
-0.9999813686741245
-0.9999813992235371
-0.9999814066628321
-0.9999814108802617
-0.9999814120899153
-0.9999814126993426
-0.9999814128911624
-0.9999814129693372
-0.9999814129689477
-0.9999814128914937
-0.9999814126986523
-0.9999814120904882
-0.9999814108796434
-0.999981406663373
-0.9999813992235678
-0.9999813686746084
-0.9999813230856514
-0.999981089389647
-0.9999808134513448
-0.9999789207303424
-0.9999773029914644
-0.9999611010099596
-0.9999523253490429
-0.9998064076719505
-0.999768208323679
-0.99839241678077
-0.9983591887442309
-0.9848097527335741
-0.9871329691478623
-0.8470428590360259
-0.8932968134065831
0.6673788506422972
-0.0669948387293118
21.837489362719417
21.97713394252491
-0.0648931824918979
0.6836290029318111
-0.8928692664928886
-0.8450063043638026
-0.9870611105087579
-0.9845650850719889
-0.9983590229587235
-0.9983747198115451
-0.9997804585102044
-0.9998169561929285
-0.9999664634961019
-0.9999750781786315
-0.9999917011582836
-0.9999933037436664
-0.9999952448801002
-0.9999955193696372
-0.9999957585409087
-0.9999958039862176
-0.9999958351459479
-0.999995842570685
-0.9999958468554955
-0.9999958480634363
-0.9999958486806771
-0.9999958488719713
-0.9999958489503351
-0.9999958489503549
-0.9999958488720354
-0.9999958486806355
-0.999995848063709
-0.9999958468553769
-0.9999958425711388
-0.9999958351461087
-0.9999958039863293
-0.999995758540513
-0.9999955193695709
-0.9999952448800336
-0.9999933037432085
-0.9999917011583168
-0.9999750781785173
-0.9999664634965948
-0.9998169561928696
-0.9997804585101315
-0.9983747198115135
-0.9983590229584816
-0.9845650850719647
-0.9870611105075404
-0.8450063043656939
-0.892869266491771
0.6836290029309482
-0.06489318249052936
21.97713394252333
22.033450864494537
-0.06402520493139018
0.6902672100370071
-0.8926851590256937
-0.8441577923217369
-0.9870259361262008
-0.9844578356510909
-0.998355334292438
-0.9983637577064962
-0.9997825679220002
-0.9998183867797528
-0.999969515954156
-0.9999780724413909
-0.9999948926698204
-0.9999964907443144
-0.9999984553975689
-0.999998729584044
-0.9999989715083453
-0.9999990169382078
-0.9999990484151874
-0.9999990558398575
-0.9999990601601905
-0.999999061368692
-0.9999990619892529
-0.9999990621809421
-0.9999990622602488
-0.999999062259835
-0.9999990621812616
-0.9999990619896308
-0.9999990613682732
-0.999999060160353
-0.9999990558397583
-0.9999990484152064
-0.9999990169379978
-0.9999989715078281
-0.9999987295843237
-0.9999984553979488
-0.9999964907439232
-0.9999948926712928
-0.9999780724407298
-0.9999695159544522
-0.9998183867790877
-0.9997825679220368
-0.9983637577061182
-0.998355334293012
-0.984457835651692
-0.9870259361250946
-0.8441577923225547
-0.8926851590250882
0.6902672100378966
-0.06402520493005769
22.033450864493243
22.05633222554075
-0.06366626900798165
0.6929921032598778
-0.8926069946919032
-0.8438046637514227
-0.9870099272853863
-0.9844117598192376
-0.9983529104279423
-0.9983583111662557
-0.9997827617032142
-0.9998183089907863
-0.9999701582959091
-0.9999786942645024
-0.9999956048967789
-0.9999972019249944
-0.9999991777181372
-0.9999994519294584
-0.9999996952010892
-0.9999997406485299
-0.9999997722860279
-0.9999997797139599
-0.9999997840527264
-0.9999997852620921
-0.9999997858847118
-0.9999997860767679
-0.9999997861560521
-0.9999997861558378
-0.9999997860769188
-0.9999997858850118
-0.9999997852618565
-0.9999997840533472
-0.9999997797133688
-0.9999997722861957
-0.999999740648055
-0.9999996952011516
-0.9999994519297697
-0.9999991777179421
-0.9999972019246153
-0.999995604897431
-0.9999786942634195
-0.9999701582960834
-0.9998183089905517
-0.9997827617043267
-0.9983583111652934
-0.9983529104287404
-0.9844117598187572
-0.9870099272849131
-0.8438046637516858
-0.8926069946927064
0.6929921032607931
-0.06366626900764705
22.0563322255393
22.065683491767558
-0.06351757050889825
0.6941151881191147
-0.892574049039647
-0.8436576607469157
-0.9870028924177666
-0.9843921723827029
-0.9983516738129161
-0.9983558156117911
-0.9997826806404839
-0.9998181186089274
-0.9999702834606872
-0.9999788123216875
-0.999995763658867
-0.9999973606034515
-0.9999993415624616
-0.999999615853214
-0.9999998597686748
-0.9999999052354882
-0.9999999369516925
-0.9999999443828944
-0.9999999487315478
-0.9999999499413152
-0.9999999505650967
-0.9999999507573273
-0.9999999508365476
-0.9999999508363678
-0.9999999507571863
-0.9999999505648175
-0.9999999499411334
-0.9999999487317769
-0.9999999443829052
-0.9999999369516955
-0.9999999052356765
-0.999999859769471
-0.9999996158528061
-0.9999993415620924
-0.9999973606036608
-0.9999957636592649
-0.9999788123213722
-0.9999702834611286
-0.9998181186082012
-0.9997826806422708
-0.9983558156104756
-0.998351673813676
-0.9843921723817903
-0.9870028924182175
-0.8436576607458948
-0.8925740490396661
0.6941151881205818
-0.06351757050909343
22.06568349176672
22.069523388677457
-0.0634558473268669
0.6945796684785308
-0.8925602125215791
-0.8435964072016862
-0.9869998580626311
-0.9843838919363166
-0.998351097999191
-0.9983547142757314
-0.9997826073209863
-0.9998180009526809
-0.9999703027097315
-0.9999788291368913
-0.9999957985444231
-0.9999973955945144
-0.9999993789063584
-0.9999996532600506
-0.9999998974773974
-0.9999999429578824
-0.999999974712112
-0.9999999821455243
-0.9999999864989249
-0.9999999877085399
-0.9999999883329074
-0.9999999885253197
-0.9999999886040188
-0.9999999886043953
-0.9999999885252708
-0.999999988333053
-0.9999999877087258
-0.9999999864992485
-0.9999999821450658
-0.9999999747113864
-0.9999999429579995
-0.9999998974779427
-0.9999996532595916
-0.9999993789066945
-0.9999973955940865
-0.9999957985447789
-0.9999788291362202
-0.9999703027091031
-0.9998180009516905
-0.99978260732259
-0.9983547142744187
-0.9983510979991939
-0.9843838919359496
-0.9869998580638165
-0.8435964072009405
-0.8925602125221072
0.6945796684790351
-0.06345584732862183
22.069523388679894
22.07110635671033
-0.06343017658401494
0.6947723303533051
-0.8925544106583017
-0.8435708520099305
-0.9869985627640379
-0.9843804015511665
-0.9983508410957187
-0.9983542375492334
-0.9997825667277015
-0.9998179422419189
-0.9999703029644238
-0.9999788285629504
-0.9999958059041731
-0.9999974030519239
-0.9999993874202988
-0.9999996618126419
-0.999999906169144
-0.9999999516567667
-0.9999999834292927
-0.999999990863366
-0.9999999952192732
-0.9999999964293164
-0.9999999970541129
-0.9999999972461966
-0.9999999973254128
-0.9999999973260514
-0.9999999972464246
-0.9999999970539333
-0.999999996429296
-0.9999999952196861
-0.9999999908624726
-0.9999999834289297
-0.9999999516565932
-0.9999999061691875
-0.9999996618125413
-0.9999993874202802
-0.9999974030515983
-0.9999958059055246
-0.9999788285621566
-0.9999703029642257
-0.9998179422416662
-0.9997825667289519
-0.9983542375489417
-0.9983508410959794
-0.9843804015508186
-0.9869985627656583
-0.8435708520089993
-0.8925544106596974
0.6947723303545394
-0.06343017658666278
22.071106356713933
22.07176107957227
-0.06341948017586478
0.6948524469226691
-0.8925519789564615
-0.8435601758182991
-0.9869980130843328
-0.984378932286188
-0.9983507290305511
-0.9983540333638594
-0.9997825471468373
-0.9998179152065445
-0.9999703011906615
-0.9999788265074698
-0.999995807302245
-0.9999974045100947
-0.9999993893473802
-0.9999996637605018
-0.9999999081799086
-0.9999999536715256
-0.9999999854524693
-0.9999999928873615
-0.999999997244917
-0.9999999984550355
-0.9999999990796086
-0.9999999992717763
-0.9999999993513033
-0.9999999993514168
-0.9999999992720772
-0.9999999990791864
-0.9999999984552637
-0.9999999972452223
-0.9999999928873067
-0.9999999854526977
-0.9999999536718752
-0.9999999081800284
-0.9999996637612306
-0.999999389346975
-0.9999974045103892
-0.9999958073027204
-0.9999788265071083
-0.9999703011896464
-0.9998179152064756
-0.9997825471474393
-0.9983540333638009
-0.9983507290303069
-0.984378932285793
-0.9869980130856062
-0.8435601758176892
-0.8925519789568814
0.6948524469234787
-0.06341948017918089
22.07176107957364
22.072032639447656
-0.0634150154714768
0.6948858360026805
-0.8925509595867854
-0.843555709548247
-0.9869977805967156
-0.9843783141015345
-0.9983506807617958
-0.9983539464295306
-0.9997825382431929
-0.9998179032173513
-0.9999702999819892
-0.999978825203053
-0.999995807490992
-0.9999974047318416
-0.9999993897751009
-0.9999996641983637
-0.9999999086457199
-0.9999999541394812
-0.9999999859239451
-0.999999993359883
-0.9999999977179127
-0.9999999989276978
-0.9999999995524651
-0.9999999997446576
-0.9999999998241383
-0.9999999998244373
-0.9999999997451858
-0.9999999995514781
-0.999999998928105
-0.9999999977176901
-0.9999999933597233
-0.9999999859241715
-0.9999999541400753
-0.9999999086458662
-0.9999996641980737
-0.9999993897740174
-0.9999974047320065
-0.9999958074903592
-0.9999788252046086
-0.9999702999812862
-0.999817903218789
-0.9997825382437044
-0.9983539464298505
-0.9983506807615781
-0.9843783141011446
-0.9869977805975664
-0.8435557095469397
-0.8925509595867747
0.6948858360039301
-0.06341501547407322
22.07203263944932
22.072145548877522
-0.06341314889564227
0.6948997780113564
-0.89255053203611
-0.8435538386713919
-0.9869976824449397
-0.9843780539946689
-0.9983506601257475
-0.9983539095412368
-0.9997825343129721
-0.9998178980034649
-0.9999702993570752
-0.999978824545118
-0.9999958074756683
-0.999997404731648
-0.9999993898647497
-0.9999996642924206
-0.9999999087534335
-0.9999999542481739
-0.9999999860348483
-0.9999999934704004
-0.9999999978288239
-0.9999999990384929
-0.99999999966302
-0.9999999998554523
-0.9999999999349128
-0.9999999999348104
-0.9999999998553781
-0.9999999996626247
-0.9999999990390003
-0.9999999978288217
-0.9999999934699302
-0.999999986034211
-0.9999999542482585
-0.9999999087531295
-0.9999996642926157
-0.999999389864799
-0.9999974047321927
-0.99999580747425
-0.9999788245460488
-0.9999702993556991
-0.9998178980039176
-0.9997825343127043
-0.998353909540934
-0.9983506601257703
-0.9843780539941274
-0.9869976824453741
-0.8435538386703763
-0.8925505320371696
0.6948997780122025
-0.06341314889968289
22.07214554887929
22.072192594331696
-0.06341236738405179
0.6949056096192944
-0.8925503525813261
-0.8435530540029055
-0.9869976410428205
-0.9843779445150311
-0.9983506513428642
-0.9983538939189711
-0.9997825326061749
-0.9998178957612074
-0.999970299063197
-0.9999788242400414
-0.9999958074453057
-0.9999974047094091
-0.9999993898811769
-0.9999996643119184
-0.9999999087777677
-0.999999954272949
-0.9999999860604791
-0.9999999934962716
-0.999999997854423
-0.9999999990647469
-0.9999999996888435
-0.9999999998818777
-0.9999999999609703
-0.9999999999610079
-0.9999999998818165
-0.9999999996893638
-0.9999999990647628
-0.9999999978540908
-0.9999999934957351
-0.9999999860603834
-0.9999999542733777
-0.9999999087775797
-0.999999664312959
-0.9999993898816886
-0.9999974047096212
-0.9999958074450823
-0.9999788242408854
-0.9999702990630386
-0.9998178957613673
-0.9997825326056127
-0.9983538939186348
-0.9983506513419635
-0.9843779445153071
-0.9869976410441583
-0.8435530540026004
-0.8925503525823135
0.6949056096196136
-0.06341236738397343
22.072192594332847
22.072212233323818
-0.06341203972464649
0.694908052564768
-0.892550277196089
-0.8435527245188112
-0.9869976235859115
-0.9843778984125011
-0.9983506476148218
-0.9983538873082972
-0.9997825318715846
-0.999817894801301
-0.9999702989309254
-0.9999788241041987
-0.9999958074277838
-0.9999974046942828
-0.9999993898836048
-0.9999996643151173
-0.9999999087832381
-0.9999999542787888
-0.9999999860667859
-0.9999999935019968
-0.9999999978608355
-0.9999999990709462
-0.9999999996953364
-0.9999999998884255
-0.9999999999669354
-0.9999999999669036
-0.9999999998880262
-0.9999999996958953
-0.9999999990706372
-0.9999999978610977
-0.9999999935022517
-0.9999999860672919
-0.9999999542787048
-0.9999999087837197
-0.9999996643150347
-0.9999993898839606
-0.9999974046937077
-0.9999958074272177
-0.9999788241048574
-0.9999702989318467
-0.9998178948009486
-0.9997825318718598
-0.9983538873087576
-0.9983506476137132
-0.984377898412971
-0.9869976235858535
-0.8435527245184127
-0.8925502771967639
0.6949080525648188
-0.06341203972466393
22.07221223332209
22.072220445244405
-0.06341190218362722
0.6949090773480289
-0.8925502455024874
-0.8435525860172082
-0.9869976162238472
-0.9843778789858243
-0.9983506460337341
-0.9983538845133104
-0.9997825315578881
-0.9998178943931229
-0.9999702988734591
-0.9999788240449532
-0.9999958074178832
-0.9999974046864684
-0.9999993898833499
-0.9999996643151258
-0.9999999087841801
-0.9999999542800277
-0.9999999860676081
-0.9999999935041421
-0.9999999978621776
-0.9999999990722535
-0.9999999996971183
-0.9999999998895036
-0.9999999999679298
-0.9999999999682128
-0.999999999889421
-0.9999999996964328
-0.9999999990722862
-0.9999999978613547
-0.9999999935038444
-0.9999999860683957
-0.9999999542801601
-0.9999999087845657
-0.9999996643154295
-0.9999993898837183
-0.9999974046860597
-0.9999958074183521
-0.9999788240459977
-0.9999702988731622
-0.999817894392454
-0.9997825315579723
-0.9983538845131852
-0.998350646033254
-0.984377878986014
-0.9869976162239456
-0.8435525860178625
-0.8925502455029837
0.6949090773490949
-0.06341190218387355
22.072220445245783
22.072223884119104
-0.06341184437735425
0.6949095077621081
-0.892550232165144
-0.8435525277375955
-0.9869976131183338
-0.984377870795015
-0.9983506453650162
-0.9983538833314396
-0.9997825314236153
-0.9998178942192163
-0.9999702988484105
-0.9999788240198831
-0.99999580741406
-0.9999974046833977
-0.9999993898828159
-0.9999996643150617
-0.9999999087845988
-0.9999999542809608
-0.9999999860685609
-0.9999999935050544
-0.9999999978618476
-0.9999999990726521
-0.9999999996969886
-0.999999999889603
-0.9999999999687438
-0.9999999999689435
-0.9999999998895581
-0.9999999996974898
-0.9999999990731585
-0.9999999978616357
-0.9999999935049178
-0.9999999860680416
-0.9999999542805172
-0.9999999087845075
-0.9999996643151063
-0.9999993898826589
-0.9999974046830995
-0.9999958074146971
-0.9999788240191159
-0.9999702988485468
-0.999817894218948
-0.99978253142377
-0.9983538833311478
-0.9983506453643558
-0.9843778707957187
-0.9869976131184647
-0.84355252773976
-0.8925502321649025
0.6949095077613101
-0.06341184438070831
22.072223884120593
22.072225326007352
-0.06341182006374316
0.6949096887224253
-0.8925502265504002
-0.8435525031950164
-0.9869976118082012
-0.9843778673396525
-0.9983506450815016
-0.9983538828312766
-0.9997825313667298
-0.9998178941461269
-0.9999702988378325
-0.9999788240084714
-0.9999958074114901
-0.9999974046816164
-0.9999993898826383
-0.9999996643149602
-0.999999908784539
-0.9999999542808862
-0.9999999860684078
-0.9999999935044863
-0.9999999978620481
-0.9999999990731887
-0.9999999996973843
-0.9999999998901197
-0.9999999999688713
-0.9999999999689506
-0.9999999998897573
-0.9999999996978727
-0.999999999073021
-0.9999999978623373
-0.9999999935039481
-0.9999999860680306
-0.9999999542811759
-0.9999999087846674
-0.9999996643153102
-0.9999993898823927
-0.9999974046815827
-0.9999958074127826
-0.999978824007977
-0.999970298837874
-0.999817894144627
-0.9997825313666872
-0.9983538828310637
-0.998350645081414
-0.9843778673401986
-0.9869976118077466
-0.8435525031948751
-0.8925502265487334
0.6949096887221812
-0.06341182006523319
22.072225326008358
22.072225930946715
-0.06341180983252223
0.6949097648358002
-0.8925502241839463
-0.8435524928559178
-0.986997611255896
-0.9843778658824547
-0.9983506449621524
-0.9983538826204806
-0.9997825313421949
-0.9998178941143857
-0.9999702988330995
-0.9999788240039278
-0.9999958074114144
-0.9999974046817308
-0.9999993898822743
-0.9999996643146225
-0.9999999087846163
-0.9999999542809894
-0.9999999860681941
-0.9999999935046351
-0.9999999978625622
-0.9999999990732857
-0.9999999996972475
-0.999999999889911
-0.9999999999688192
-0.9999999999694857
-0.9999999998894098
-0.9999999996968747
-0.9999999990727466
-0.9999999978622822
-0.9999999935035793
-0.9999999860685072
-0.9999999542812747
-0.9999999087843319
-0.9999996643152165
-0.9999993898822108
-0.9999974046812531
-0.9999958074111734
-0.9999788240032543
-0.9999702988324538
-0.9998178941149127
-0.9997825313420836
-0.9983538826201019
-0.998350644961467
-0.9843778658824561
-0.9869976112552717
-0.843552492856076
-0.8925502241841142
0.6949097648360629
-0.06341180983096106
22.072225930947056
22.07222618408835
-0.063411805541214
0.6949097967578973
-0.8925502231915063
-0.8435524885139832
-0.9869976110231214
-0.9843778652686588
-0.998350644911158
-0.9983538825302785
-0.9997825313317344
-0.9998178941015021
-0.9999702988309904
-0.999978824001357
-0.9999958074107311
-0.9999974046803543
-0.9999993898820934
-0.9999996643148585
-0.9999999087846367
-0.9999999542808877
-0.9999999860684847
-0.9999999935035735
-0.9999999978626264
-0.9999999990729975
-0.999999999696928
-0.9999999998897084
-0.9999999999687986
-0.9999999999693325
-0.999999999889013
-0.9999999996977837
-0.9999999990727662
-0.9999999978625809
-0.9999999935033984
-0.9999999860685617
-0.9999999542807188
-0.9999999087848365
-0.9999996643149047
-0.9999993898814774
-0.9999974046809396
-0.9999958074097874
-0.9999788240015195
-0.9999702988308438
-0.99981789410191
-0.9997825313311758
-0.998353882531046
-0.9983506449116655
-0.9843778652690801
-0.9869976110238721
-0.8435524885125321
-0.8925502231901864
0.694909796760004
-0.06341180553931763
22.07222618408441
22.0722262878444
-0.06341180377802731
0.6949098098686333
-0.8925502227831621
-0.8435524867280253
-0.9869976109273124
-0.984377865016725
-0.9983506448913168
-0.9983538824946478
-0.9997825313284957
-0.9998178940965443
-0.999970298830018
-0.9999788240004742
-0.9999958074105144
-0.9999974046805603
-0.9999993898818429
-0.9999996643144791
-0.9999999087849423
-0.9999999542810861
-0.9999999860685447
-0.9999999935038402
-0.9999999978629661
-0.9999999990724217
-0.9999999996966245
-0.999999999889573
-0.999999999969146
-0.9999999999694079
-0.9999999998898268
-0.9999999996974958
-0.9999999990717434
-0.9999999978625392
-0.9999999935033361
-0.9999999860689603
-0.9999999542802982
-0.9999999087850026
-0.9999996643149621
-0.9999993898821731
-0.9999974046811473
-0.999995807409924
-0.9999788240008497
-0.999970298830207
-0.9998178940961908
-0.9997825313269134
-0.9983538824950504
-0.9983506448900614
-0.9843778650166605
-0.986997610928767
-0.8435524867266277
-0.8925502227831972
0.6949098098698521
-0.06341180377655817
22.072226287841517
22.072226324951192
-0.06341180314384928
0.6949098145659085
-0.8925502226359618
-0.8435524860881272
-0.9869976108935539
-0.9843778649260302
-0.9983506448833158
-0.998353882480846
-0.9997825313267559
-0.9998178940941838
-0.9999702988295001
-0.9999788240004094
-0.999995807410621
-0.999997404680645
-0.999999389882045
-0.9999996643147453
-0.9999999087849425
-0.9999999542809428
-0.9999999860682266
-0.9999999935038106
-0.9999999978628586
-0.9999999990726762
-0.9999999996970061
-0.9999999998897697
-0.9999999999693402
-0.9999999999694016
-0.9999999998897373
-0.9999999996970357
-0.9999999990718136
-0.9999999978630777
-0.9999999935035946
-0.9999999860688222
-0.999999954280319
-0.9999999087852909
-0.9999996643151254
-0.999999389882328
-0.999997404680369
-0.999995807410149
-0.9999788240005473
-0.9999702988300654
-0.99981789409418
-0.9997825313260218
-0.9983538824815457
-0.9983506448825292
-0.9843778649261858
-0.9869976108945653
-0.8435524860860744
-0.8925502226372573
0.6949098145670675
-0.063411803143569
22.07222632494993
22.072226324947927
-0.0634118031413163
0.69490981456697
-0.8925502226348399
-0.843552486088426
-0.9869976108938932
-0.9843778649256282
-0.9983506448825599
-0.9983538824802586
-0.9997825313266497
-0.9998178940932423
-0.9999702988295844
-0.9999788240005147
-0.9999958074110932
-0.9999974046808332
-0.999999389882616
-0.9999996643147895
-0.9999999087849606
-0.9999999542804368
-0.9999999860680739
-0.9999999935037117
-0.9999999978631255
-0.9999999990730497
-0.9999999996972807
-0.9999999998902308
-0.9999999999694167
-0.9999999999690801
-0.999999999889477
-0.9999999996972331
-0.9999999990726898
-0.9999999978631608
-0.9999999935034765
-0.9999999860688931
-0.9999999542808405
-0.9999999087852867
-0.9999996643146416
-0.9999993898818025
-0.999997404680548
-0.9999958074098928
-0.9999788240005675
-0.9999702988302148
-0.9998178940943472
-0.9997825313260565
-0.9983538824811846
-0.9983506448827977
-0.984377864926092
-0.9869976108945168
-0.8435524860861603
-0.8925502226362123
0.6949098145672675
-0.06341180314346015
22.07222632494865
22.07222628783927
-0.06341180377139313
0.6949098098710851
-0.8925502227810185
-0.843552486727805
-0.9869976109281556
-0.9843778650165186
-0.9983506448911237
-0.9983538824946188
-0.9997825313286761
-0.9998178940954277
-0.9999702988305299
-0.9999788240009198
-0.9999958074111399
-0.9999974046809363
-0.9999993898820774
-0.9999996643141714
-0.9999999087850482
-0.9999999542804818
-0.9999999860685482
-0.9999999935044253
-0.9999999978628531
-0.9999999990726169
-0.99999999969712
-0.9999999998898235
-0.9999999999689877
-0.9999999999694701
-0.9999999998892297
-0.9999999996970567
-0.9999999990730624
-0.9999999978624852
-0.99999999350355
-0.9999999860691907
-0.9999999542807714
-0.999999908784571
-0.9999996643152615
-0.9999993898824426
-0.9999974046811531
-0.9999958074103064
-0.9999788240012908
-0.9999702988301604
-0.9998178940965305
-0.9997825313273434
-0.9983538824939509
-0.9983506448907662
-0.9843778650170185
-0.9869976109280005
-0.8435524867279918
-0.8925502227838751
0.6949098098695092
-0.06341180377730381
22.072226287841502
22.07222618408781
-0.06341180554022724
0.6949097967590842
-0.8925502231905418
-0.843552488513946
-0.9869976110229718
-0.9843778652680932
-0.998350644911551
-0.9983538825306582
-0.9997825313325481
-0.9998178941015783
-0.9999702988308896
-0.9999788240011989
-0.9999958074105504
-0.9999974046799198
-0.9999993898822874
-0.9999996643150917
-0.9999999087846356
-0.9999999542805831
-0.9999999860686555
-0.9999999935039174
-0.9999999978622262
-0.9999999990727317
-0.9999999996972333
-0.9999999998898701
-0.9999999999693905
-0.9999999999690307
-0.999999999889952
-0.9999999996976782
-0.9999999990734671
-0.9999999978622587
-0.9999999935039394
-0.9999999860683816
-0.9999999542812253
-0.9999999087850424
-0.9999996643150635
-0.9999993898822175
-0.9999974046804636
-0.99999580741108
-0.9999788240015463
-0.9999702988315377
-0.9998178941006406
-0.9997825313315643
-0.99835388253125
-0.9983506449117614
-0.9843778652694002
-0.9869976110232319
-0.8435524885130457
-0.8925502231908603
0.694909796758867
-0.06341180553984749
22.072226184088443
22.072225930949536
-0.06341180983455919
0.694909764836785
-0.8925502241824339
-0.843552492855882
-0.9869976112558394
-0.9843778658819264
-0.9983506449623187
-0.9983538826200946
-0.9997825313422226
-0.9998178941137698
-0.9999702988326573
-0.9999788240039591
-0.9999958074117503
-0.9999974046808939
-0.9999993898825432
-0.9999996643143402
-0.9999999087847585
-0.9999999542807814
-0.9999999860679838
-0.9999999935043707
-0.9999999978621581
-0.9999999990726438
-0.9999999996971738
-0.9999999998899125
-0.9999999999689515
-0.999999999969345
-0.9999999998890101
-0.9999999996969398
-0.9999999990725386
-0.9999999978618368
-0.9999999935040409
-0.9999999860685117
-0.9999999542813147
-0.9999999087843598
-0.9999996643149301
-0.9999993898821906
-0.9999974046806505
-0.9999958074115158
-0.9999788240031211
-0.9999702988333491
-0.999817894113771
-0.999782531343475
-0.9983538826203324
-0.9983506449616232
-0.9843778658823594
-0.9869976112547441
-0.8435524928568343
-0.892550224184968
0.6949097648354663
-0.06341180983149265
22.072225930949607
22.072225326006055
-0.06341182006904414
0.6949096887224686
-0.8925502265501567
-0.8435525031959741
-0.9869976118082278
-0.9843778673398591
-0.9983506450819837
-0.998353882831027
-0.9997825313665359
-0.9998178941458026
-0.999970298837428
-0.9999788240080254
-0.9999958074116042
-0.999997404681354
-0.9999993898827823
-0.999999664314996
-0.9999999087842804
-0.9999999542798979
-0.9999999860677236
-0.9999999935046063
-0.999999997862273
-0.9999999990734749
-0.9999999996977511
-0.999999999890296
-0.9999999999687814
-0.9999999999685424
-0.999999999889196
-0.9999999996978403
-0.999999999072889
-0.9999999978617498
-0.9999999935051689
-0.9999999860687983
-0.9999999542811148
-0.9999999087846327
-0.9999996643152642
-0.9999993898819021
-0.9999974046814715
-0.9999958074122643
-0.9999788240092102
-0.9999702988378403
-0.9998178941456926
-0.9997825313668255
-0.9983538828318211
-0.998350645080814
-0.9843778673391983
-0.9869976118084738
-0.8435525031962766
-0.8925502265495563
0.6949096887227524
-0.06341182006368365
22.072225326008255
22.07222388412066
-0.0634118443791242
0.6949095077631509
-0.8925502321653924
-0.8435525277379806
-0.9869976131180277
-0.9843778707955622
-0.9983506453652755
-0.9983538833305068
-0.9997825314234773
-0.9998178942189355
-0.999970298848363
-0.999978824019681
-0.9999958074143533
-0.9999974046830076
-0.9999993898830176
-0.9999996643146015
-0.9999999087844447
-0.999999954280487
-0.9999999860689188
-0.9999999935043756
-0.9999999978625385
-0.9999999990728394
-0.9999999996971929
-0.999999999889843
-0.9999999999685025
-0.9999999999688218
-0.9999999998900869
-0.9999999996983284
-0.9999999990725472
-0.9999999978626064
-0.9999999935044717
-0.9999999860680897
-0.9999999542802489
-0.9999999087844291
-0.9999996643144734
-0.9999993898829465
-0.9999974046835092
-0.999995807414007
-0.9999788240199512
-0.9999702988481889
-0.9998178942188769
-0.9997825314237974
-0.9983538833307644
-0.9983506453635443
-0.9843778707951732
-0.9869976131190964
-0.8435525277383685
-0.8925502321650585
0.6949095077619594
-0.06341184437787756
22.072223884119918
22.072220445244092
-0.06341190218302298
0.6949090773470252
-0.8925502455031872
-0.8435525860174888
-0.9869976162233787
-0.9843778789859876
-0.998350646033479
-0.9983538845137343
-0.9997825315581153
-0.9998178943936517
-0.9999702988741335
-0.9999788240452063
-0.9999958074176301
-0.999997404686881
-0.9999993898833781
-0.9999996643150705
-0.9999999087848773
-0.9999999542805946
-0.9999999860684967
-0.9999999935041783
-0.9999999978624878
-0.9999999990723002
-0.9999999996967144
-0.9999999998892394
-0.9999999999678193
-0.9999999999690212
-0.9999999998893367
-0.9999999996963579
-0.9999999990715387
-0.9999999978616124
-0.999999993503133
-0.9999999860678855
-0.9999999542793743
-0.9999999087839657
-0.9999996643162495
-0.9999993898838881
-0.9999974046867262
-0.9999958074179771
-0.9999788240454499
-0.9999702988729887
-0.9998178943928873
-0.9997825315571647
-0.9983538845129448
-0.9983506460324918
-0.9843778789865072
-0.986997616224363
-0.843552586017333
-0.8925502455033874
0.6949090773479454
-0.06341190218395001
22.072220445244938
22.072212233321295
-0.06341203972101829
0.6949080525645218
-0.8925502771968177
-0.8435527245192134
-0.9869976235868279
-0.9843778984126612
-0.9983506476143869
-0.9983538873083833
-0.9997825318714084
-0.9998178948007947
-0.9999702989316417
-0.9999788241040235
-0.999995807427952
-0.999997404694568
-0.9999993898840063
-0.9999996643150196
-0.9999999087841127
-0.9999999542792748
-0.9999999860671444
-0.9999999935019874
-0.9999999978612804
-0.9999999990709527
-0.9999999996955456
-0.999999999887894
-0.9999999999670469
-0.9999999999668722
-0.9999999998878839
-0.999999999694956
-0.9999999990708792
-0.999999997861299
-0.9999999935028014
-0.9999999860664552
-0.9999999542792424
-0.999999908783574
-0.9999996643159004
-0.9999993898823962
-0.9999974046946725
-0.9999958074266945
-0.9999788241040706
-0.9999702989308081
-0.999817894801253
-0.9997825318717932
-0.9983538873087201
-0.9983506476143976
-0.9843778984127822
-0.986997623586019
-0.8435527245178074
-0.8925502771958276
0.6949080525662068
-0.063412039723866
22.072212233320677
22.072192594332584
-0.06341236738337996
0.6949056096191275
-0.8925503525831862
-0.8435530540037416
-0.9869976410429314
-0.984377944515056
-0.9983506513432132
-0.998353893918985
-0.9997825326065055
-0.9998178957608542
-0.9999702990635043
-0.9999788242398522
-0.9999958074455402
-0.9999974047095773
-0.99999938988209
-0.9999996643124941
-0.9999999087782252
-0.9999999542728766
-0.9999999860602993
-0.9999999934960544
-0.9999999978551504
-0.9999999990642656
-0.999999999689124
-0.9999999998814574
-0.9999999999609744
-0.9999999999613549
-0.9999999998822336
-0.9999999996887252
-0.9999999990651727
-0.9999999978543506
-0.9999999934965658
-0.9999999860603928
-0.9999999542740621
-0.9999999087779208
-0.9999996643124347
-0.9999993898809492
-0.9999974047105497
-0.9999958074442347
-0.9999788242420424
-0.9999702990632149
-0.9998178957622217
-0.9997825326067225
-0.9983538939191681
-0.9983506513425018
-0.9843779445150751
-0.9869976410446185
-0.8435530540025091
-0.8925503525828655
0.6949056096202293
-0.06341236738396777
22.072192594327205
22.072145548883395
-0.06341314889615952
0.6948997780117758
-0.8925505320364596
-0.8435538386712522
-0.9869976824448017
-0.9843780539943815
-0.9983506601263261
-0.9983539095413013
-0.9997825343134732
-0.9998178980036962
-0.9999702993579282
-0.9999788245450987
-0.9999958074759208
-0.999997404730995
-0.9999993898642014
-0.9999996642918139
-0.9999999087535707
-0.9999999542478069
-0.9999999860355588
-0.9999999934707507
-0.9999999978286458
-0.999999999038163
-0.9999999996627376
-0.9999999998553653
-0.9999999999346099
-0.9999999999349486
-0.9999999998560773
-0.9999999996629556
-0.9999999990393184
-0.999999997828978
-0.9999999934699214
-0.9999999860340618
-0.9999999542480182
-0.99999990875331
-0.9999996642929438
-0.9999993898654467
-0.9999974047316893
-0.9999958074750332
-0.9999788245458132
-0.999970299355281
-0.9998178980029407
-0.9997825343128632
-0.9983539095408864
-0.9983506601264786
-0.9843780539947589
-0.9869976824465158
-0.843553838671035
-0.8925505320372717
0.6948997780127172
-0.06341314889471236
22.072145548879547
22.0720326394487
-0.06341501547580236
0.6948858360010726
-0.8925509595864038
-0.8435557095489448
-0.9869977805968051
-0.9843783141010467
-0.9983506807615765
-0.9983539464296769
-0.9997825382437574
-0.9998179032179075
-0.9999702999820728
-0.9999788252032191
-0.9999958074915558
-0.9999974047312047
-0.9999993897746464
-0.9999996641983979
-0.9999999086460779
-0.9999999541395348
-0.9999999859246058
-0.9999999933599708
-0.9999999977170825
-0.9999999989273615
-0.9999999995523631
-0.9999999997442324
-0.9999999998241091
-0.9999999998244353
-0.9999999997446511
-0.9999999995516333
-0.9999999989275372
-0.9999999977168361
-0.9999999933584695
-0.9999999859239039
-0.9999999541393086
-0.9999999086456554
-0.9999996641984041
-0.9999993897742832
-0.999997404731255
-0.999995807492073
-0.9999788252033998
-0.9999702999816826
-0.9998179032182739
-0.9997825382440169
-0.9983539464293012
-0.9983506807618541
-0.9843783141006266
-0.9869977805979824
-0.8435557095465345
-0.8925509595868559
0.6948858360014708
-0.06341501547137526
22.072032639448683
22.07176107957881
-0.06341948018157816
0.6948524469216908
-0.89255197895641
-0.8435601758191617
-0.9869980130845915
-0.9843789322861969
-0.998350729031332
-0.9983540333641081
-0.9997825471466397
-0.9998179152061628
-0.9999703011901364
-0.9999788265079107
-0.9999958073025128
-0.9999974045094757
-0.9999993893476633
-0.9999996637603814
-0.9999999081793072
-0.9999999536711507
-0.9999999854529218
-0.9999999928877904
-0.9999999972452744
-0.9999999984549587
-0.999999999079416
-0.9999999992723358
-0.9999999993514366
-0.9999999993513147
-0.9999999992712493
-0.9999999990800015
-0.9999999984549899
-0.9999999972457698
-0.9999999928879517
-0.999999985453089
-0.9999999536718025
-0.9999999081809279
-0.9999996637600793
-0.9999993893477357
-0.9999974045097444
-0.9999958073031178
-0.9999788265063202
-0.999970301189961
-0.9998179152052027
-0.9997825471477445
-0.9983540333636294
-0.9983507290297018
-0.9843789322855873
-0.9869980130855214
-0.8435601758168999
-0.8925519789562475
0.6948524469234321
-0.0634194801765789
22.071761079572365
22.071106356725487
-0.06343017658917463
0.6947723303528227
-0.8925544106578793
-0.8435708520105237
-0.9869985627641156
-0.9843804015512065
-0.9983508410959131
-0.9983542375491976
-0.9997825667274418
-0.9998179422418111
-0.999970302964069
-0.9999788285627761
-0.9999958059034673
-0.9999974030513678
-0.9999993874208699
-0.9999996618131289
-0.9999999061690408
-0.9999999516568554
-0.9999999834288992
-0.9999999908627852
-0.9999999952193422
-0.9999999964291704
-0.999999997054565
-0.999999997246875
-0.999999997325851
-0.9999999973261973
-0.9999999972458915
-0.9999999970538853
-0.9999999964292121
-0.9999999952199219
-0.9999999908633903
-0.9999999834289737
-0.9999999516571303
-0.999999906169311
-0.999999661812041
-0.9999993874206516
-0.9999974030518755
-0.9999958059049627
-0.999978828562686
-0.9999703029644005
-0.9998179422420186
-0.9997825667302114
-0.99835423754832
-0.9983508410956716
-0.9843804015509402
-0.9869985627651423
-0.8435708520087541
-0.8925544106591146
0.6947723303555695
-0.0634301765874761
22.07110635671419
22.069523388677112
-0.06345584732957515
0.6945796684801303
-0.8925602125198956
-0.8435964072011534
-0.9869998580628311
-0.9843838919360334
-0.9983510979991685
-0.9983547142756859
-0.9997826073207924
-0.9998180009521975
-0.9999703027099538
-0.9999788291366176
-0.9999957985442218
-0.9999973955943202
-0.9999993789067048
-0.999999653260139
-0.9999998974779223
-0.9999999429580848
-0.9999999747124202
-0.9999999821464594
-0.9999999864992197
-0.9999999877084811
-0.9999999883329036
-0.9999999885248072
-0.9999999886041206
-0.9999999886048664
-0.9999999885256812
-0.9999999883338861
-0.9999999877093162
-0.9999999864994592
-0.9999999821446335
-0.9999999747121036
-0.9999999429577224
-0.9999998974775057
-0.9999996532601647
-0.9999993789068982
-0.999997395593807
-0.9999957985447229
-0.9999788291360714
-0.9999703027090567
-0.9998180009520541
-0.999782607322595
-0.9983547142739577
-0.9983510980003125
-0.9843838919363258
-0.9869998580638115
-0.8435964072012846
-0.8925602125224747
0.6945796684795984
-0.06345584732990157
22.069523388683315
22.06568349175785
-0.06351757050713691
0.6941151881190675
-0.89257404903999
-0.8436576607473152
-0.9870028924176025
-0.984392172382627
-0.9983516738122956
-0.9983558156118977
-0.9997826806407377
-0.9998181186090971
-0.9999702834601614
-0.9999788123215619
-0.9999957636587857
-0.9999973606033463
-0.9999993415621666
-0.9999996158530842
-0.9999998597683732
-0.9999999052353191
-0.9999999369515443
-0.9999999443822969
-0.9999999487305518
-0.999999949941152
-0.9999999505647439
-0.9999999507568574
-0.9999999508366955
-0.9999999508363024
-0.9999999507559161
-0.9999999505645176
-0.999999949940149
-0.9999999487309235
-0.9999999443824765
-0.9999999369515078
-0.999999905235391
-0.9999998597681954
-0.9999996158530204
-0.9999993415619165
-0.9999973606036476
-0.9999957636596658
-0.999978812320911
-0.9999702834609887
-0.9998181186087857
-0.9997826806411078
-0.9983558156108665
-0.9983516738130522
-0.9843921723818767
-0.987002892416637
-0.8436576607464129
-0.8925740490396148
0.6941151881203969
-0.06351757051082846
22.065683491764425
22.056332225529836
-0.0636662690024217
0.6929921032626349
-0.8926069946908581
-0.8438046637499418
-0.987009927285625
-0.9844117598199296
-0.9983529104279649
-0.9983583111658682
-0.9997827617029593
-0.9998183089897128
-0.9999701582957499
-0.999978694264485
-0.9999956048978393
-0.9999972019259147
-0.9999991777187714
-0.9999994519293652
-0.9999996952011511
-0.9999997406483487
-0.9999997722857827
-0.9999997797131424
-0.999999784052895
-0.9999997852623346
-0.9999997858853613
-0.999999786077215
-0.999999786155904
-0.9999997861552712
-0.9999997860766445
-0.9999997858853762
-0.9999997852623247
-0.9999997840534725
-0.9999997797144342
-0.9999997722861824
-0.9999997406492573
-0.9999996952009751
-0.9999994519302727
-0.9999991777176007
-0.9999972019235699
-0.9999956048968673
-0.9999786942644584
-0.9999701582967315
-0.9998183089912195
-0.9997827617034984
-0.9983583111654679
-0.9983529104273479
-0.9844117598192672
-0.9870099272848643
-0.8438046637529761
-0.8926069946915421
0.6929921032597839
-0.06366626900731118
22.05633222553511
22.033450864491492
-0.06402520492610679
0.6902672100371438
-0.8926851590269673
-0.8441577923205381
-0.9870259361256277
-0.9844578356508662
-0.998355334292172
-0.998363757706756
-0.999782567922717
-0.9998183867798092
-0.999969515954516
-0.9999780724407293
-0.999994892670079
-0.9999964907439614
-0.9999984553971437
-0.9999987295842928
-0.9999989715083459
-0.9999990169383148
-0.9999990484155091
-0.9999990558397116
-0.9999990601608617
-0.9999990613682848
-0.9999990619894421
-0.9999990621812513
-0.9999990622601775
-0.9999990622601753
-0.9999990621813106
-0.9999990619890284
-0.9999990613685972
-0.999999060159926
-0.9999990558404414
-0.9999990484148593
-0.9999990169386046
-0.9999989715077322
-0.9999987295841342
-0.9999984553974958
-0.9999964907449872
-0.9999948926706403
-0.999978072440807
-0.9999695159539335
-0.9998183867795548
-0.9997825679219705
-0.998363757707548
-0.998355334293175
-0.9844578356517959
-0.9870259361252378
-0.8441577923237411
-0.892685159024436
0.6902672100359556
-0.06402520493047381
22.03345086449366
21.977133942519824
-0.06489318248740167
0.6836290029337801
-0.8928692664936739
-0.8450063043630596
-0.9870611105087674
-0.9845650850723675
-0.9983590229593595
-0.9983747198116169
-0.9997804585099135
-0.9998169561934815
-0.9999664634970138
-0.999975078177926
-0.9999917011581292
-0.9999933037428921
-0.99999524487988
-0.999995519369282
-0.9999957585413066
-0.9999958039862162
-0.9999958351463414
-0.9999958425712608
-0.9999958468556225
-0.999995848064059
-0.9999958486807319
-0.9999958488715488
-0.9999958489501435
-0.9999958489510694
-0.9999958488731031
-0.999995848680687
-0.9999958480641071
-0.9999958468553916
-0.9999958425709818
-0.999995835146477
-0.9999958039864263
-0.9999957585410181
-0.9999955193709098
-0.9999952448797029
-0.9999933037437257
-0.9999917011575912
-0.999975078178416
-0.9999664634963197
-0.9998169561923695
-0.9997804585095658
-0.9983747198118522
-0.9983590229585888
-0.9845650850722389
-0.9870611105086389
-0.8450063043646192
-0.8928692664921127
0.6836290029292309
-0.06489318248899446
21.977133942519185
21.837489362721495
-0.06699483872956677
0.6673788506416305
-0.8932968134103835
-0.8470428590359731
-0.9871329691489843
-0.9848097527332135
-0.9983591887446592
-0.9983924167795326
-0.9997682083232964
-0.9998064076719901
-0.9999523253475189
-0.9999611010098555
-0.9999773029918502
-0.9999789207297569
-0.9999808134530226
-0.9999810893898806
-0.9999813230858797
-0.9999813686737422
-0.9999813992236284
-0.9999814066620787
-0.9999814108793244
-0.999981412089579
-0.9999814126980706
-0.9999814128912614
-0.9999814129696477
-0.9999814129691649
-0.9999814128903513
-0.9999814126976432
-0.9999814120895095
-0.9999814108806752
-0.9999814066641914
-0.9999813992239095
-0.9999813686741954
-0.9999813230853785
-0.9999810893884391
-0.9999808134511229
-0.9999789207307752
-0.9999773029917614
-0.9999611010100622
-0.9999523253497768
-0.9998064076717544
-0.9997682083258133
-0.9983924167807116
-0.9983591887442258
-0.984809752732781
-0.9871329691484374
-0.8470428590340733
-0.8932968134089168
0.6673788506414833
-0.06699483873076134
21.83748936272676
21.487833068006637
-0.07208424337992878
0.6273671042708913
-0.8942621257210295
-0.8519116541053455
-0.9872549621913711
-0.9853456923856388
-0.9983226109151011
-0.9983980912451174
-0.9997063846815858
-0.9997488346071206
-0.9998869857519981
-0.999896191675991
-0.9999115190149994
-0.9999131811235509
-0.9999149770656952
-0.9999152576785547
-0.9999154808165331
-0.9999155269050759
-0.9999155563154307
-0.999915563809407
-0.9999155679057896
-0.9999155691218753
-0.9999155697177649
-0.9999155699099749
-0.9999155699856261
-0.9999155699862362
-0.999915569908699
-0.9999155697169705
-0.9999155691203636
-0.9999155679051306
-0.999915563808399
-0.9999155563158216
-0.9999155269052629
-0.999915480816359
-0.9999152576792876
-0.9999149770662115
-0.999913181122373
-0.9999115190152514
-0.9998961916758962
-0.9998869857515569
-0.9997488346076824
-0.9997063846824055
-0.9983980912430228
-0.9983226109148207
-0.9853456923848651
-0.987254962193103
-0.8519116541063185
-0.8942621257221612
0.6273671042711986
-0.07208424338383206
21.48783306801065
20.600564157277912
-0.08438021550390516
0.5281662256774243
-0.8963147099686415
-0.8634386788500589
-0.9873368061782111
-0.9864159785867852
-0.9980702450789423
-0.9982471229793285
-0.9994067133803397
-0.999459630391124
-0.9995814589517388
-0.9995917627061961
-0.9996053310072202
-0.9996071099944533
-0.9996087189047841
-0.9996090120788081
-0.9996092155224217
-0.9996092629659248
-0.9996092903174376
-0.9996092979565516
-0.9996093018377474
-0.9996093030686973
-0.9996093036418929
-0.9996093038369205
-0.999609303911805
-0.9996093039120837
-0.9996093038367629
-0.9996093036430724
-0.9996093030689395
-0.9996093018381087
-0.9996092979557505
-0.9996092903166679
-0.9996092629649895
-0.9996092155216099
-0.999609012078176
-0.9996087189046778
-0.9996071099949349
-0.9996053310077253
-0.9995917627052598
-0.9995814589508165
-0.9994596303913066
-0.9994067133792506
-0.9982471229792564
-0.9980702450801253
-0.9864159785867066
-0.9873368061790255
-0.8634386788487048
-0.896314709967691
0.5281662256794188
-0.08438021550672647
20.600564157279543
18.304932378812982
-0.11387851461642397
0.28029570977485935
-0.900068701815318
-0.8901277210266116
-0.9866094234533844
-0.9880305809833303
-0.996693699774532
-0.9971107122525971
-0.997952737934747
-0.9980306512005102
-0.9981193955302492
-0.9981323313764487
-0.998142494074516
-0.9981445514479882
-0.9981458123825618
-0.9981461349678267
-0.9981463030158284
-0.9981463535544731
-0.9981463773140236
-0.9981463852770884
-0.9981463887946285
-0.9981463900601305
-0.9981463905961763
-0.9981463907945074
-0.9981463908658257
-0.9981463908661221
-0.9981463907951639
-0.9981463905972856
-0.9981463900594514
-0.9981463887949036
-0.9981463852769368
-0.9981463773148909
-0.9981463535528198
-0.9981463030157771
-0.9981461349676972
-0.9981458123835255
-0.9981445514495548
-0.9981424940735772
-0.9981323313762565
-0.9981193955301106
-0.9980306512001151
-0.997952737934481
-0.9971107122528038
-0.9966936997740117
-0.9880305809836014
-0.9866094234540708
-0.8901277210250147
-0.9000687018140444
0.28029570977377705
-0.11387851461255837
18.304932378817757
12.179207601297483
-0.1836048971861417
-0.34336183260371644
-0.9037298639785818
-0.9487298081943096
-0.9805535147977408
-0.9874228926827058
-0.9895406418879722
-0.9905091993188733
-0.9906999720973385
-0.9908344859557414
-0.9908588961470418
-0.9908776593460962
-0.9908814802075665
-0.9908841355323164
-0.9908847716119182
-0.9908851551140732
-0.9908852616704407
-0.9908853183497364
-0.990885336082943
-0.9908853446570427
-0.990885347589273
-0.990885348912445
-0.9908853493945997
-0.9908853495983626
-0.9908853496649578
-0.9908853496654053
-0.9908853495974531
-0.9908853493935504
-0.990885348913499
-0.9908853475888306
-0.9908853446572878
-0.9908853360847873
-0.9908853183500714
-0.990885261670907
-0.9908851551146994
-0.9908847716107791
-0.9908841355320965
-0.9908814802086428
-0.9908776593477804
-0.9908588961474276
-0.9908344859558729
-0.9906999720980174
-0.9905091993183974
-0.9895406418879957
-0.9874228926823234
-0.9805535147962974
-0.9487298081945685
-0.9037298639792078
-0.34336183260555675
-0.18360489718405745
12.17920760128909
-5.122104642132674
-0.34571758432964256
-1.9092021900353142
-0.8866602063362417
-1.058723876327666
-0.9436525792552634
-0.9625633254987287
-0.9511342370125374
-0.9532831208377606
-0.9522096923141132
-0.9524620589130008
-0.9523659329683076
-0.9523966453256423
-0.9523886466208303
-0.9523925340123113
-0.9523919697606059
-0.9523924822122007
-0.9523924613765259
-0.9523925315740616
-0.952392535009533
-0.9523925449492873
-0.9523925461590121
-0.9523925476042021
-0.9523925478611523
-0.9523925480712139
-0.952392548109824
-0.9523925481090092
-0.9523925480700768
-0.952392547860743
-0.9523925476057248
-0.9523925461589725
-0.9523925449514421
-0.9523925350093779
-0.9523925315730228
-0.9523924613759138
-0.952392482210167
-0.952391969759909
-0.9523925340132486
-0.9523886466193041
-0.9523966453248698
-0.9523659329694758
-0.9524620589143471
-0.9522096923143699
-0.9532831208383915
-0.9511342370124471
-0.9625633254995647
-0.9436525792551722
-1.0587238763282973
-0.8866602063319855
-1.9092021900361753
-0.34571758432333694
-5.1221046421383
-61.276204704099584
-0.7670727689144508
-5.6623594518344555
-0.6690932382722925
-1.0929419147987156
-0.6855834325655934
-0.7248207300089871
-0.6919077785337889
-0.6955793186636744
-0.6929765082418919
-0.6933094740236491
-0.6931113566199055
-0.6931386444241145
-0.6931242421061693
-0.693125830489137
-0.6931247790026009
-0.6931247202535927
-0.6931246224578895
-0.6931245756848203
-0.6931245603095371
-0.6931245480805883
-0.6931245447670729
-0.6931245421720642
-0.6931245414447921
-0.6931245409573088
-0.6931245408362903
-0.6931245408350162
-0.693124540957031
-0.6931245414471902
-0.6931245421738121
-0.6931245447655372
-0.6931245480791277
-0.6931245603088099
-0.6931245756844368
-0.6931246224579836
-0.6931247202552642
-0.6931247790013342
-0.6931258304912518
-0.6931242421092565
-0.693138644419603
-0.6931113566193977
-0.6933094740215371
-0.692976508241802
-0.6955793186624104
-0.6919077785346046
-0.7248207300063956
-0.6855834325682764
-1.0929419147946882
-0.6690932382722851
-5.662359451827891
-0.7670727689115386
-61.27620470411243
-425.1508659703434
2.777676154092598
-6.677459102058501
22.1098814492914
21.739353266431756
24.324194000758055
24.33853632081464
24.59435716753925
24.601928389565046
24.62880426366246
24.630374022673443
24.6333369686081
24.63360854344492
24.6339502718887
24.63399427513349
24.63403550599873
24.634042454589384
24.63404766123768
24.634048749726553
24.63404943752708
24.63404960814484
24.63404970298558
24.634049729871034
24.63404974342386
24.634049747592034
24.634049749302235
24.634049749288977
24.634049747602837
24.634049743431188
24.63404972987019
24.6340497029638
24.634049608175744
24.63404943751444
24.63404874972423
24.634047661224862
24.634042454595782
24.634035506004757
24.63399427514448
24.633950271839517
24.633608543483955
24.633336968593547
24.630374022679526
24.628804263610895
24.601928389624575
24.59435716752965
24.338536320858637
24.324194000682542
21.739353266499045
22.10988144922368
-6.67745910198952
2.7776761540135566
-425.15086597030995