418.34522533986
21.49825061298277
22.33552651209019
-11.577951567422467
-16.586800458318358
-22.073303965889444
-23.9069035245829
-25.126005534842275
-25.678087594544394
-25.995402581247433
-26.15667231801318
-26.245731032746
-26.293112224708224
-26.319090194846275
-26.33319548716177
-26.34094678908236
-26.345201244070076
-26.34754963557355
-26.34884746399557
-26.34956705342664
-26.34996671224592
-26.35018918102731
-26.3503132169513
-26.350382482963198
-26.350421202528207
-26.350442845278977
-26.350454900742275
-26.35046152170157
-26.35046497958671
-26.3504664565616
-26.350466456570928
-26.35046497953607
-26.35046152175572
-26.350454900758045
-26.35044284532113
-26.35042120251681
-26.35038248300522
-26.35031321693183
-26.350189181034423
-26.34996671223201
-26.349567053414987
-26.34884746393127
-26.347549635588443
-26.345201244063006
-26.340946789100336
-26.333195487138227
-26.31909019486087
-26.293112224728404
-26.24573103273449
-26.156672318039334
-25.995402581204203
-25.678087594540827
-25.126005534838384
-23.906903524644527
-22.07330396585203
-16.5868004583144
-11.577951567418003
22.335526512075344
21.498250613031757
418.3452253398009
108.46602512245367
6.844814539212457
13.326571898181726
2.877509034826738
1.9911557078538342
0.18778066126204185
-0.3678767377902359
-0.7985016293877694
-0.9947307027024318
-1.1150935493239515
-1.1777163141152673
-1.2136074161550399
-1.233157002715882
-1.2441536527436148
-1.2502467046901768
-1.2536611905665702
-1.2555672866107659
-1.256636145285712
-1.2572352752821514
-1.2575718485848109
-1.257761036069025
-1.257867523046945
-1.2579275069783806
-1.2579613254174762
-1.2579803981007258
-1.2579911468875196
-1.257997179281455
-1.2580005143567086
-1.2580022655409884
-1.25800301625465
-1.2580030162502802
-1.2580022655430032
-1.2580005143532158
-1.2579971792842986
-1.2579911468875464
-1.2579803981027877
-1.2579613254210904
-1.2579275069794493
-1.2578675230513605
-1.2577610360696978
-1.2575718485853553
-1.2572352752772131
-1.25663614528538
-1.2555672866113108
-1.2536611905676247
-1.2502467046878265
-1.2441536527395154
-1.2331570027185519
-1.2136074161571613
-1.1777163141260107
-1.1150935493253504
-0.9947307026892188
-0.7985016293949585
-0.3678767377842599
0.1877806612472204
1.9911557078675048
2.8775090348205836
13.326571898204781
6.844814539221103
108.46602512243776
28.838801705901542
2.0481162301160323
5.287611635575971
1.8812304599848104
1.8018370186244868
1.1786452174390551
1.0111484202337537
0.8543082683763332
0.7836545435189519
0.7368633168495837
0.7120124748426755
0.697132542448708
0.6888140521260342
0.6839876903690016
0.6812474768535219
0.6796738167641956
0.6787763375979117
0.6782627098569938
0.6779694208919052
0.6778017717892828
0.6777060099580603
0.6776512924679683
0.677620035197333
0.677602179863027
0.6775919857854082
0.6775861748212095
0.6775828793388115
0.6775810404615523
0.6775800675979099
0.6775796484383552
0.6775796484345287
0.677580067602503
0.67758104045998
0.6775828793405467
0.6775861748212872
0.6775919857852901
0.6776021798620732
0.6776200351989443
0.6776512924659104
0.6777060099615093
0.6778017717860416
0.6779694208940295
0.6782627098544589
0.678776337600859
0.6796738167657745
0.6812474768536441
0.683987690368963
0.6888140521240667
0.6971325424487094
0.712012474841627
0.736863316851736
0.7836545435176033
0.8543082683757044
1.0111484202373893
1.1786452174378774
1.8018370186320913
1.8812304599805856
5.287611635582044
2.048116230113876
28.838801705904046
-0.32246258511205556
0.2523997784486841
1.5119759399609505
1.0329547438620623
1.1574376512243347
1.04049157606067
1.0243830172890755
0.9893791466679049
0.9742901907683761
0.9620420377018324
0.9552692429100198
0.9508158653444228
0.94820169689793
0.9465935773910545
0.9456401718100477
0.9450685716710236
0.9447304818435034
0.9445302417581949
0.9444123422386104
0.944343001754177
0.9443023482711015
0.9442785498740531
0.9442646468903106
0.9442565374689722
0.9442518169252558
0.9442490772915335
0.9442474979415961
0.9442466038653274
0.9442461253050528
0.9442459175041962
0.9442459175027209
0.9442461253061687
0.9442466038640082
0.9442474979420754
0.9442490772890646
0.9442518169260887
0.9442565374684206
0.9442646468896982
0.9442785498740801
0.944302348271103
0.9443430017544487
0.9444123422387479
0.944530241758091
0.9447304818448001
0.9450685716721041
0.9456401718093415
0.9465935773925183
0.9482016968969145
0.950815865344002
0.9552692429096659
0.9620420377034207
0.9742901907666514
0.9893791466671545
1.0243830172887838
1.0404915760627393
1.1574376512222653
1.0329547438632347
1.511975939960441
0.2523997784473277
-0.32246258510948844
-12.357827544197626
-0.5331769173192873
-0.22090326957337342
0.6001072542464339
0.7865993123206225
0.9016537125381516
0.9497121393678385
0.9715956718152932
0.9820438661520011
0.9864139740592126
0.9884162233729616
0.9891721139236755
0.9894561710054302
0.9895203774988633
0.9895125570588665
0.9894816354016673
0.9894507091173661
0.989425552958617
0.9894072370976549
0.9893945893473028
0.9893861858033974
0.9893807364183458
0.9893772696465164
0.9893750951081408
0.9893737474906596
0.9893729216776558
0.9893724227492525
0.9893721289647566
0.9893719668282732
0.9893718950119683
0.9893718950128862
0.9893719668269785
0.9893721289652129
0.9893724227495687
0.9893729216766501
0.9893737474913901
0.9893750951082867
0.9893772696453245
0.9893807364189307
0.989386185802424
0.9893945893490916
0.9894072370957299
0.9894255529607164
0.989450709115864
0.9894816354040455
0.989512557057078
0.9895203775007909
0.9894561710044624
0.9891721139230376
0.9884162233727607
0.9864139740608238
0.9820438661515214
0.9715956718160961
0.9497121393665092
0.9016537125416624
0.786599312317243
0.6001072542487188
-0.22090326957494105
-0.5331769173188707
-12.35782754419651
-17.61681439994197
-0.8976403315506549
-1.0245044843303417
0.3899215672641109
0.5993591850132145
0.8235432458188151
0.9004810307823112
0.9495626225950917
0.9720604409916028
0.9845235083960373
0.9908139090684196
0.9941688177274405
0.9959144889800418
0.9968363483140892
0.9973199906043186
0.9975743957789094
0.9977078442175454
0.9977777373498018
0.997814231258175
0.9978332146255307
0.9978430432419951
0.9978481016548032
0.9978506862079892
0.9978519947184272
0.9978526497144611
0.9978529728769754
0.9978531293704619
0.9978532031740146
0.997853236301372
0.997853248840509
0.9978532488429805
0.997853236299534
0.9978532031759311
0.9978531293704886
0.9978529728764325
0.9978526497148732
0.9978519947191142
0.9978506862066272
0.997848101655936
0.9978430432405772
0.9978332146265402
0.9978142312566987
0.99777773735118
0.9977078442168965
0.9975743957790197
0.9973199906025418
0.9968363483154976
0.9959144889794913
0.9941688177278822
0.9908139090686615
0.9845235083953465
0.9720604409920662
0.9495626225943783
0.9004810307837261
0.8235432458198901
0.5993591850106238
0.3899215672657364
-1.0245044843331934
-0.8976403315501262
-17.61681439994195
-19.989396420342388
-1.0703379781239801
-1.401571368832892
0.28824531125207864
0.5074739298687643
0.783613305503115
0.8740578955780605
0.9363033261629135
0.9645954479029564
0.9810322116862252
0.9894326814826122
0.9940853189698626
0.9965660248416611
0.99792447808264
0.9986606937409914
0.9990634178696068
0.9992832158901757
0.9994036023930052
0.9994695315492266
0.9995056910690565
0.999525528394729
0.9995364181260107
0.9995423969689862
0.9995456798852747
0.9995474818447463
0.9995484696723103
0.999549008927147
0.9995492992594622
0.9995494482284681
0.9995495110607153
0.9995495110606496
0.999549448228432
0.9995492992596212
0.99954900892709
0.9995484696719226
0.9995474818458316
0.9995456798852012
0.9995423969690137
0.9995364181252255
0.999525528395559
0.999505691068932
0.9994695315496009
0.9994036023921489
0.9992832158895806
0.9990634178695291
0.9986606937411141
0.9979244780829206
0.9965660248418307
0.9940853189697236
0.9894326814835716
0.9810322116845558
0.964595447904675
0.9363033261620757
0.8740578955787354
0.7836133055016414
0.5074739298698205
0.2882453112519858
-1.4015713688333977
-1.070337978123462
-19.989396420343404
-21.081752409800373
-1.1529531116862064
-1.5802145674684214
0.2389312516080792
0.4626760341539396
0.7637215811463411
0.8606242220772539
0.9292801565407701
0.9603917337883019
0.9787885277325061
0.9882325258829372
0.9935336970553461
0.9963837162804101
0.9979635216843801
0.9988286971895263
0.9993078059553402
0.9995724300750599
0.999719256282261
0.9998007297284603
0.9998460395250106
0.9998712555975563
0.9998853069639806
0.9998931424473623
0.9998975149156094
0.9998999553663562
0.999901316382261
0.9999020723136578
0.9999024861460297
0.9999027016004787
0.9999027934201304
0.9999027934195763
0.999902701600822
0.9999024861460509
0.9999020723134284
0.9999013163815652
0.9998999553672934
0.999897514914853
0.999893142448687
0.9998853069624684
0.9998712555985811
0.9998460395242301
0.9998007297294991
0.9997192562817739
0.9995724300756219
0.9993078059553715
0.9988286971902482
0.9979635216837224
0.9963837162801954
0.9935336970553512
0.9882325258834324
0.9787885277306207
0.9603917337889114
0.9292801565397889
0.8606242220789257
0.7637215811435571
0.4626760341578282
0.2389312516043892
-1.5802145674667192
-1.1529531116862741
-21.081752409799414
-21.591850883941582
-1.1927058866197504
-1.6655003190300408
0.21494026557709317
0.44084532019751893
0.7538890621374562
0.853917432104071
0.9257054275797021
0.958198310109239
0.9775639482303993
0.9875254868433078
0.9931507756753067
0.9961862108252373
0.9978779184046234
0.9988086512658989
0.99932685155636
0.9996145598386064
0.9997750944707092
0.9998646814398133
0.9999148007946587
0.9999428639428116
0.9999586008727371
0.9999674333635481
0.9999723951981195
0.9999751835493236
0.9999767493752355
0.9999776250522505
0.9999781075718723
0.9999783602037245
0.9999784682912078
0.9999784682891298
0.9999783602050043
0.9999781075705275
0.9999776250519157
0.9999767493760583
0.9999751835487449
0.9999723951976993
0.9999674333653856
0.9999586008713115
0.9999428639439358
0.9999148007929091
0.9998646814412286
0.9997750944701362
0.9996145598398676
0.9993268515551319
0.9988086512672689
0.9978779184031735
0.9961862108265822
0.9931507756748394
0.9875254868432044
0.9775639482290761
0.958198310109163
0.9257054275791485
0.8539174321049476
0.7538890621346154
0.44084532019989436
0.2149402655738631
-1.6655003190251398
-1.1927058866231306
-21.59185088394249
-21.832563607859093
-1.2119185273903423
-1.706466747428234
0.20323733685191747
0.43019239797337555
0.7490393727393425
0.8505910821773575
0.9239125962500729
0.957084835442346
0.976929805169609
0.9871483636905235
0.9929355447125539
0.9960639725371419
0.9978121099950343
0.9987760545012409
0.9993141652852602
0.9996136905327959
0.9997812810807252
0.9998750668590108
0.999927689326408
0.9999572427070168
0.9999738671030847
0.9999832276562846
0.9999885035398096
0.9999914783996964
0.9999931546892664
0.9999940953311581
0.9999946153146286
0.9999948883192595
0.9999950053443832
0.9999950053442711
0.9999948883198435
0.9999946153141589
0.9999940953315468
0.9999931546897647
0.9999914783995193
0.9999885035390754
0.9999832276568887
0.9999738671027756
0.9999572427058305
0.9999276893268334
0.9998750668583686
0.9997812810829506
0.9996136905317347
0.9993141652861647
0.9987760545018016
0.9978121099949843
0.9960639725377576
0.9929355447116366
0.9871483636901337
0.9769298051699679
0.9570848354405775
0.9239125962513459
0.8505910821759914
0.7490393727415126
0.4301923979730178
0.20323733685338868
-1.7064667474262605
-1.211918527388502
-21.832563607857686
-21.947079695296047
-1.2212380590778011
-1.7262433336860743
0.19751522953149628
0.4249842697465528
0.7466479230357965
0.8489451391133397
0.9230187563252533
0.9565258920466994
0.9766081116731828
0.9869543813058738
0.9928223614210014
0.995997374495742
0.9977739053122001
0.9987546263659972
0.9993028390170522
0.9996083849872336
0.9997795866991324
0.9998755310202245
0.9999294463176978
0.9999597730288232
0.9999768602079702
0.9999864974916014
0.9999919387847789
0.9999950123801971
0.9999967474459013
0.9999977228250729
0.999998262934094
0.9999985469239705
0.9999986687815472
0.9999986687822078
0.9999985469240791
0.99999826293404
0.9999977228253072
0.9999967474462058
0.9999950123806407
0.9999919387840048
0.9999864974915462
0.9999768602079995
0.9999597730280443
0.9999294463196351
0.9998755310187095
0.9997795867014122
0.9996083849843922
0.9993028390185676
0.9987546263652447
0.997773905312483
0.995997374495682
0.9928223614199182
0.9869543813059856
0.9766081116741
0.9565258920451971
0.9230187563279488
0.8489451391104241
0.7466479230387724
0.42498426974403103
0.19751522953366557
-1.7262433336864111
-1.221238059077861
-21.947079695300246
-22.00191277597517
-1.225772977494183
-1.7358302167481248
0.1947116390164881
0.42243311803257727
0.7454680962365976
0.8481311675254803
0.9225742064197229
0.9562466850857758
0.9764463730977622
0.9868561154782503
0.9927643921530269
0.9959627172263584
0.9977535076625804
0.9987426828410408
0.999296004675301
0.9996046065482046
0.9997776480316605
0.9998746961882841
0.999929275187716
0.9999600004808662
0.999977327151647
0.9999871082427267
0.999992635857588
0.9999957612012126
0.9999975272057675
0.9999985209465924
0.9999990717348162
0.9999993615745162
0.9999994860091442
0.9999994860122905
0.9999993615724512
0.9999990717367171
0.9999985209466735
0.9999975272060837
0.9999957612011867
0.9999926358575897
0.9999871082414556
0.9999773271530745
0.999960000479387
0.9999292751893376
0.9998746961865543
0.9997776480334053
0.9996046065473444
0.9992960046769561
0.9987426828397186
0.9977535076630478
0.9959627172249801
0.9927643921535293
0.9868561154790605
0.9764463730981017
0.9562466850863516
0.9225742064193403
0.8481311675244261
0.7454680962377389
0.4224331180313102
0.19471163901790417
-1.7358302167509059
-1.225772977488647
-22.00191277597583
-22.028307135109884
-1.2279857787960582
-1.7404938363417168
0.19333544859718738
0.42118114209214735
0.7448855848544844
0.8477285650073026
0.9223533174761886
0.9561075210874279
0.9763653925996286
0.9868066853993761
0.9927350478159339
0.9959450282139679
0.9977429692924833
0.9987363964478269
0.9992922958055883
0.9996024440248769
0.9997764194062049
0.9998740296645612
0.9999289477479545
0.999959877355745
0.9999773272122646
0.9999871825327482
0.9999927548630401
0.9999959071123642
0.9999976892620128
0.999998692616678
0.9999992490183969
0.9999995419364829
0.9999996677349963
0.9999996677350194
0.9999995419353942
0.999999249018384
0.9999986926161283
0.999997689261259
0.9999959071124835
0.9999927548638682
0.9999871825319778
0.9999773272124595
0.9999598773558398
0.9999289477480431
0.9998740296652073
0.9997764194059637
0.9996024440255177
0.999292295805178
0.9987363964474705
0.9977429692922388
0.9959450282130244
0.992735047816099
0.9868066853996366
0.9763653925995525
0.9561075210884431
0.9223533174747203
0.8477285650082016
0.7448855848526363
0.42118114209291985
0.19333544859520757
-1.740493836342281
-1.2279857787943271
-22.02830713511191
-22.041068154112835
-1.2290681383686861
-1.7427692812358062
0.19265878592254138
0.4205656774691832
0.7445977366683709
0.8475293317397035
0.9222435882534101
0.956038224745992
0.976324928351022
0.9867819063922438
0.9927202770059106
0.9959360808553199
0.9977376035961576
0.998733166033996
0.9992903631467017
0.9996012919669112
0.9997757400452125
0.9998736355831883
0.9999287262369191
0.9999597601221952
0.9999772730313026
0.9999871664605693
0.9999927618174987
0.9999959279638959
0.9999977184796165
0.9999987268297404
0.9999992861570122
0.9999995806837543
0.9999997071957667
0.9999997071948871
0.9999995806833276
0.9999992861566391
0.9999987268304941
0.9999977184779829
0.9999959279643156
0.9999927618179965
0.999987166460355
0.999977273031365
0.9999597601229226
0.9999287262361941
0.9998736355842921
0.9997757400432057
0.9996012919685981
0.9992903631449754
0.9987331660343862
0.9977376035957098
0.995936080854662
0.9927202770066703
0.9867819063920935
0.976324928351149
0.956038224747191
0.9222435882509746
0.8475293317428577
0.744597736665803
0.4205656774719286
0.1926587859199949
-1.7427692812346636
-1.2290681383654976
-22.04106815411015
-22.047260684429187
-1.229598701803408
-1.7438823701161412
0.19232556628478462
0.42026264025808685
0.7444553705270862
0.8474306743233926
0.9221890733612929
0.956003730732714
0.976304729187294
0.9867695067890582
0.9927128634148403
0.9959315755683386
0.9977348908316338
0.9987315243518284
0.999289373877598
0.9996006960116027
0.999775382809466
0.9998734227498274
0.9999286009654906
0.9999596878859769
0.9999772329452782
0.9999871458538484
0.9999927530110047
0.9999959262983147
0.9999977211233481
0.9999987320544783
0.9999992928976298
0.9999995882568313
0.9999997151408724
0.999999715138304
0.9999995882587874
0.9999992928953373
0.9999987320558239
0.9999977211224024
0.9999959262990313
0.9999927530110826
0.9999871458537875
0.999977232945223
0.9999596878879609
0.9999286009629768
0.9998734227520303
0.999775382806694
0.9996006960142434
0.9992893738747768
0.9987315243537271
0.9977348908303432
0.995931575569315
0.9927128634156038
0.9867695067883724
0.9763047291879605
0.9560037307319365
0.9221890733609355
0.8474306743252735
0.7444553705256169
0.4202626402606251
0.19232556628441994
-1.743882370112586
-1.229598701804802
-22.0472606844304
-22.05027525907177
-1.2298592797149293
-1.744428090399621
0.19216124407707375
0.42011321796381806
0.7443848963337956
0.8473817859175659
0.922161982009168
0.9559865608307166
0.9762946506617771
0.9867633076936884
0.9927091482895284
0.9959293124945716
0.9977335243523088
0.9987306946923191
0.9992888718273515
0.9996003918541236
0.999775198998378
0.9998733118818496
0.9999285344200397
0.9999596482390198
0.9999772096423672
0.9999871324712613
0.9999927456543476
0.9999959225956314
0.9999977196292382
0.9999987318901025
0.999999293509825
0.9999995893023947
0.9999997163754635
0.9999997163748725
0.9999995893027693
0.999999293508337
0.9999987318903185
0.9999977196296713
0.9999959225955222
0.9999927456547767
0.9999871324711832
0.9999772096425537
0.9999596482393229
0.9999285344193407
0.9998733118817515
0.9997751989980448
0.99960039185307
0.9992888718279334
0.9987306946921004
0.9977335243526511
0.9959293124955708
0.9927091482895637
0.9867633076932698
0.9762946506620735
0.9559865608290455
0.9221619820103921
0.8473817859157456
0.744384896335816
0.42011321796108864
0.1921612440761809
-1.7444280904012692
-1.2298592797204315
-22.05027525907323
-22.051746800281386
-1.229987478782577
-1.7446961733468016
0.19208010723444308
0.420039443343705
0.7443499805097943
0.8473575423495423
0.9221485137655312
0.955978012910256
0.9762896227201533
0.9867602099711572
0.9927072881831627
0.9959281772727336
0.9977328374327236
0.9987302766622053
0.9992886181678007
0.9996002376564312
0.9997751053909574
0.9998732550619346
0.9999284999935678
0.9999596274263387
0.9999771971174514
0.9999871249858125
0.9999927412355455
0.9999959200407029
0.9999977182027955
0.9999987311437928
0.9999992931610246
0.9999995891765234
0.9999997163469987
0.9999997163474058
0.9999995891770936
0.999999293161765
0.999998731142905
0.9999977182031032
0.9999959200401588
0.9999927412362084
0.9999871249856778
0.9999771971175695
0.9999596274264051
0.9999284999934026
0.9998732550606635
0.9997751053928944
0.9996002376549336
0.9992886181708642
0.9987302766618369
0.9977328374315734
0.995928177272531
0.9927072881821815
0.9867602099720432
0.9762896227208938
0.9559780129082466
0.9221485137690625
0.8473575423467619
0.7443499805133181
0.4200394433402493
0.19208010723764674
-1.7446961733470276
-1.229987478777531
-22.051746800279165
-22.05246683903374
-1.2300506477317723
-1.7448280989794391
0.1920399974537889
0.4200029745337329
0.7443326676760331
0.8473455114524884
0.9221418152523178
0.9559737562767333
0.9762871143695492
0.9867586623537004
0.9927063573122642
0.9959276082707514
0.9977324925375406
0.9987300664001425
0.9992884903258761
0.999600159764659
0.999775057969996
0.999873226174805
0.9999284824009633
0.999959616715159
0.9999771905989351
0.9999871210222078
0.9999927388291066
0.9999959185819871
0.9999977173178773
0.9999987306069718
0.9999992928267261
0.9999995889582045
0.9999997161768449
0.9999997161793746
0.9999995889557391
0.9999992928291579
0.9999987306050047
0.9999977173199623
0.9999959185800842
0.9999927388297996
0.99998712102199
0.9999771905993041
0.999959616713894
0.9999284824024796
0.999873226172425
0.999775057972734
0.9996001597612547
0.9992884903291196
0.9987300663977701
0.9977324925375617
0.9959276082709099
0.9927063573121807
0.9867586623545195
0.9762871143687968
0.9559737562766393
0.9221418152541141
0.847345511450122
0.7443326676777979
0.4200029745315793
0.19203999745537054
-1.7448280989821332
-1.230050647732385
-22.052466839032604
-22.05281990181576
-1.2300818171665258
-1.7448931221302464
0.1920201478489716
0.4199849271058942
0.7443240765323176
0.8473395369573984
0.9221384821829053
0.955971635909048
0.97628586284967
0.9867578892079079
0.9927058915894209
0.9959273232090204
0.9977323194979487
0.9987299607534237
0.9992884259902792
0.9996001204977336
0.999775034017985
0.9998732115495139
0.9999284734666415
0.9999596112541537
0.9999771872554071
0.9999871189735077
0.9999927375692776
0.999995917802458
0.9999977168323864
0.9999987302941034
0.9999992926210219
0.9999995888074491
0.9999997160542977
0.9999997160545699
0.9999995888068425
0.9999992926223397
0.9999987302937253
0.9999977168320892
0.9999959178016052
0.9999927375687185
0.9999871189734555
0.9999771872563371
0.999959611254386
0.99992847346783
0.9998732115484534
0.9997750340190581
0.9996001204973132
0.9992884259903139
0.998729960752337
0.9977323194987611
0.9959273232087027
0.9927058915891004
0.9867578892089588
0.9762858628488931
0.9559716359099446
0.9221384821820461
0.8473395369579
0.7443240765307381
0.4199849271078079
0.19202014785003813
-1.7448931221306667
-1.2300818171722128
-22.052819901814676
-22.05299334502756
-1.2300972165894104
-1.7449252155668988
0.19201031485201187
0.4199759868673709
0.7443198102107036
0.8473365680627296
0.9221368229293301
0.9559705793111899
0.976285238298733
0.9867575029470075
0.9927056586107306
0.9959271804367572
0.9977322327211797
0.9987299077065828
0.9992883936432407
0.9996001007276087
0.9997750219396806
0.9998732041626355
0.9999284689453702
0.9999596084846722
0.999977185554006
0.9999871179260307
0.99999273692039
0.9999959173959995
0.9999977165750815
0.9999987301258602
0.9999992925073992
0.9999995887231304
0.9999997159824501
0.9999997159829657
0.9999995887227272
0.9999992925086827
0.9999987301266213
0.9999977165743267
0.9999959173965174
0.9999927369197339
0.9999871179260074
0.9999771855533897
0.999959608484166
0.9999284689443304
0.9998732041642416
0.9997750219391018
0.9996001007298307
0.9992883936422976
0.9987299077069597
0.9977322327215523
0.9959271804367841
0.9927056586094991
0.9867575029485172
0.9762852382958933
0.955970579313191
0.9221368229253553
0.8473365680666431
0.7443198102091477
0.4199759868712725
0.19201031485064557
-1.7449252155666584
-1.230097216591906
-22.052993345021505
-22.05307869146587
-1.2301048335315885
-1.7449410759899249
0.19200543934415523
0.41997155396516783
0.7443176900979442
0.84733509179303
0.922135996539114
0.9559700526020263
0.9762849265527529
0.9867573099503293
0.9927055420639397
0.9959271089398102
0.9977321892167335
0.9987298810829509
0.999288377391389
0.9996000907818678
0.9997750158584005
0.9998732004372171
0.9999284666623081
0.9999596070824301
0.9999771846904096
0.9999871173931085
0.9999927365888095
0.9999959171875625
0.9999977164434941
0.9999987300369088
0.9999992924492063
0.9999995886759567
0.999999715944484
0.9999997159425447
0.9999995886779847
0.9999992924462345
0.9999987300401227
0.9999977164412537
0.9999959171909771
0.9999927365882191
0.9999871173935801
0.9999771846897495
0.9999596070825543
0.9999284666607022
0.9998732004391888
0.9997750158540868
0.9996000907849238
0.9992883773873443
0.9987298810841192
0.9977321892172049
0.9959271089401321
0.9927055420630844
0.9867573099496114
0.9762849265536826
0.9559700526033953
0.9221359965379101
0.8473350917960358
0.7443176900961908
0.4199715539645874
0.1920054393439964
-1.7449410759900166
-1.2301048335374212
-22.053078691465675
-22.05312075085675
-1.2301086050442405
-1.7449489231563649
0.19200301985430662
0.4199693540683704
0.7443166358312111
0.8473343572753333
0.9221355847677655
0.9559697899394783
0.9762847709064247
0.986757213502195
0.9927054837595457
0.9959270731381611
0.9977321674096411
0.9987298677255076
0.9992883692276254
0.9996000857814029
0.9997750127972529
0.9998731985580576
0.9999284655119274
0.999959606372328
0.9999771842547595
0.9999871171220459
0.9999927364204597
0.9999959170822432
0.9999977163750298
0.9999987299938426
0.9999992924172176
0.9999995886522561
0.9999997159240079
0.999999715922705
0.9999995886544284
0.9999992924161296
0.9999987299955683
0.9999977163738052
0.9999959170830264
0.9999927364206025
0.9999871171225914
0.9999771842540714
0.9999596063725967
0.9999284655114269
0.9998731985578901
0.9997750127975846
0.9996000857820857
0.9992883692275046
0.9987298677253629
0.9977321674091251
0.9959270731386175
0.9927054837595422
0.9867572135012681
0.9762847709091131
0.9559697899376682
0.9221355847700734
0.847334357273914
0.7443166358337796
0.4199693540651418
0.1920030198550569
-1.7449489231577546
-1.2301086050445342
-22.053120750854717
-22.053141506027067
-1.230110474307792
-1.7449528097142921
0.1920018182255266
0.41996826146512173
0.7443161112522432
0.8473339916056687
0.9221353795007892
0.9559696589044413
0.9762846931748288
0.986757165293418
0.9927054545892562
0.995927055210357
0.9977321564804714
0.9987298610240187
0.9992883651296423
0.999600083268896
0.9997750112590872
0.9998731976128998
0.999928464931612
0.9999596060136431
0.9999771840342254
0.9999871169848911
0.9999927363349997
0.999995917028972
0.9999977163398476
0.999998729972564
0.9999992923996468
0.9999995886429933
0.9999997159125666
0.9999997159144438
0.9999995886412345
0.9999992923998609
0.9999987299717905
0.999997716339014
0.9999959170292603
0.9999927363353738
0.9999871169844188
0.9999771840350632
0.9999596060137832
0.9999284649334164
0.9998731976115953
0.999775011259411
0.9996000832671699
0.9992883651294195
0.9987298610241686
0.9977321564804734
0.9959270552113058
0.9927054545895018
0.9867571652926472
0.9762846931754914
0.9559696589019573
0.9221353795025122
0.8473339916033333
0.7443161112550162
0.4199682614615552
0.19200181822692944
-1.7449528097178706
-1.230110474305903
-22.053141506025987
-22.053151760506818
-1.2301114015764982
-1.7449547364648677
0.19200122101521366
0.4199677184208228
0.7443158500856337
0.847333809467099
0.9221352771308764
0.9559695935097847
0.9762846543434409
0.9867571411921509
0.9927054399936275
0.9959270462331057
0.9977321510015458
0.9987298576628649
0.9992883630694716
0.9996000820083615
0.9997750104818138
0.999873197137787
0.9999284646381025
0.9999596058343589
0.999977183923511
0.9999871169163097
0.999992736292184
0.9999959170038295
0.9999977163200295
0.9999987299623514
0.9999992923897378
0.999999588636821
0.9999997159061618
0.999999715909764
0.9999995886334259
0.999999292393039
0.9999987299585718
0.9999977163228403
0.9999959170009622
0.9999927362922874
0.9999871169162462
0.9999771839243565
0.9999596058335078
0.9999284646409059
0.9998731971357023
0.9997750104863186
0.9996000820042716
0.9992883630738805
0.9987298576617428
0.9977321510017134
0.995927046232942
0.9927054399922159
0.9867571411936862
0.976284654342429
0.9559695935103889
0.922135277132919
0.8473338094650098
0.7443158500879312
0.4199677184211109
0.19200122101675543
-1.7449547364672897
-1.230111401571237
-22.0531517605084
-22.0531568320592
-1.2301118618802032
-1.7449556923837837
0.19200092403292668
0.4199674483649867
0.744315720004644
0.8473337187076838
0.9221352260617002
0.9559695608674725
0.9762846349414642
0.9867571291427939
0.9927054326891991
0.9959270417369823
0.9977321482565267
0.9987298559770996
0.9992883620377266
0.9996000813737875
0.9997750100927187
0.999873196898349
0.9999284644908368
0.9999596057447893
0.9999771838673667
0.9999871168823352
0.9999927362711043
0.9999959169886885
0.9999977163124412
0.9999987299548232
0.9999992923871452
0.9999995886312286
0.999999715904309
0.9999997159049718
0.9999995886310346
0.9999992923880254
0.9999987299531568
0.9999977163137873
0.9999959169880641
0.9999927362704605
0.9999871168826391
0.9999771838661868
0.9999596057451754
0.9999284644914956
0.9998731968977546
0.9997750100943803
0.9996000813721839
0.9992883620391115
0.9987298559767079
0.9977321482555057
0.9959270417381033
0.9927054326894638
0.9867571291437947
0.9762846349415245
0.9559695608686367
0.9221352260634657
0.8473337187078617
0.7443157200027555
0.41996744836673333
0.19200092402951668
-1.744955692385251
-1.2301118618809652
-22.053156832066342
-22.053159341652016
-1.230112090441604
-1.744956166799911
0.1920007763274595
0.41996731404506116
0.7443156552114345
0.8473336734832668
0.9221352005885826
0.9559695445770914
0.9762846252513051
0.9867571231203902
0.992705429036149
0.9959270394866238
0.9977321468824507
0.9987298551313171
0.999288361519094
0.9996000810551442
0.9997750098974716
0.9998731967792787
0.9999284644172448
0.9999596056998212
0.9999771838392495
0.9999871168652372
0.999992736260287
0.9999959169825747
0.9999977163078962
0.9999987299511626
0.9999992923848815
0.9999995886294393
0.9999997159028086
0.999999715904196
0.9999995886289625
0.9999992923851571
0.9999987299492068
0.9999977163099569
0.9999959169810172
0.9999927362599712
0.9999871168654495
0.9999771838379279
0.9999596057010995
0.9999284644159078
0.9998731967800133
0.9997750098981588
0.9996000810551159
0.9992883615190123
0.9987298551333166
0.9977321468798633
0.9959270394891295
0.9927054290354127
0.9867571231210917
0.9762846252484317
0.9559695445785483
0.9221352005876515
0.8473336734847655
0.744315655207286
0.4199673140504984
0.19200077632328083
-1.7449561667945483
-1.2301120904360552
-22.053159341654002
-22.05316058210649
-1.2301122037705503
-1.744956401930988
0.1920007029750066
0.41996724734190566
0.7443156229910923
0.8473336509865672
0.9221351879038864
0.955969536461502
0.976284620417016
0.9867571201174368
0.9927054272116509
0.9959270383627767
0.9977321461950126
0.9987298547076939
0.999288361262752
0.9996000808952961
0.99977500980032
0.9998731967184358
0.9999284643784194
0.9999596056775374
0.9999771838235127
0.9999871168563447
0.9999927362541658
0.9999959169763467
0.999997716307685
0.9999987299484308
0.9999992923856327
0.999999588627045
0.9999997159039506
0.9999997159010566
0.9999995886305637
0.9999992923825592
0.9999987299511972
0.9999977163057387
0.9999959169771548
0.9999927362540888
0.9999871168569945
0.9999771838239164
0.9999596056784327
0.9999284643757442
0.9998731967210099
0.9997750097967395
0.9996000808990868
0.9992883612585
0.9987298547120271
0.9977321461922115
0.9959270383636141
0.992705427212728
0.9867571201155616
0.9762846204163954
0.9559695364618632
0.9221351879021737
0.8473336509874136
0.7443156229897938
0.4199672473438063
0.19200070297638772
-1.7449564019234187
-1.2301122037661312
-22.053160582107353
-22.053161190509798
-1.2301122595118494
-1.7449565175369055
0.19200066684800238
0.4199672144853035
0.7443156071031625
0.8473336398886953
0.9221351816420382
0.955969532451201
0.9762846180288955
0.9867571186308032
0.9927054263082143
0.9959270378069849
0.9977321458541637
0.9987298544998904
0.9992883611335399
0.9996000808160485
0.9997750097524671
0.9998731966872092
0.9999284643620818
0.9999596056649742
0.9999771838174614
0.9999871168510228
0.999992736251418
0.9999959169758674
0.9999977163060073
0.9999987299473149
0.999999292384813
0.9999995886284212
0.9999997159043401
0.9999997159020617
0.9999995886301174
0.9999992923822437
0.999998729948819
0.9999977163045548
0.9999959169765633
0.9999927362504578
0.9999871168514665
0.9999771838169998
0.9999596056637805
0.9999284643614411
0.9998731966880461
0.9997750097526628
0.9996000808152501
0.999288361131762
0.998729854501512
0.9977321458528894
0.9959270378069683
0.9927054263103448
0.9867571186268319
0.9762846180302736
0.955969532448371
0.9221351816453385
0.8473336398852283
0.7443156071037325
0.4199672144822827
0.1920006668475761
-1.7449565175365414
-1.230112259517478
-22.05316119051275
-22.053161478506546
-1.2301122859610936
-1.7449565723700289
0.19200064968515132
0.41996719887466144
0.7443155995487901
0.8473336346072942
0.9221351786624936
0.9559695305402025
0.9762846168917025
0.9867571179224883
0.992705425878579
0.9959270375408567
0.9977321456919979
0.9987298543986831
0.9992883610734953
0.9996000807770666
0.9997750097285335
0.999873196672511
0.9999284643525602
0.9999596056583726
0.9999771838143264
0.9999871168486256
0.9999927362505172
0.9999959169742763
0.9999977163051517
0.9999987299486985
0.9999992923839662
0.999999588630656
0.9999997159016579
0.9999997159039258
0.9999995886292382
0.9999992923835987
0.9999987299496738
0.9999977163040319
0.9999959169756472
0.9999927362497063
0.9999871168479146
0.9999771838158398
0.9999596056553461
0.9999284643556084
0.9998731966716279
0.9997750097293923
0.9996000807775582
0.999288361072574
0.9987298544005883
0.9977321456912845
0.9959270375398771
0.9927054258795103
0.9867571179196982
0.9762846168926727
0.9559695305399893
0.9221351786641085
0.8473336346047994
0.7443155995515235
0.4199671988736027
0.19200064968724917
-1.7449565723746092
-1.2301122859635227
-22.05316147851018
-22.05316159321933
-1.2301122965210465
-1.744956594245831
0.19200064283233562
0.4199671926389785
0.7443155965302977
0.8473336324970961
0.922135177470773
0.9559695297756945
0.9762846164384416
0.986757117637174
0.9927054257071315
0.9959270374342486
0.9977321456262953
0.9987298543600778
0.9992883610463484
0.9996000807638721
0.9997750097176004
0.999873196668412
0.9999284643490458
0.9999596056575573
0.9999771838131957
0.9999871168478993
0.9999927362495562
0.9999959169758055
0.999997716303322
0.9999987299497128
0.999999292381769
0.9999995886311578
0.9999997158989467
0.9999997159051206
0.9999995886268438
0.9999992923840342
0.9999987299468729
0.9999977163055406
0.9999959169741786
0.9999927362489024
0.9999871168472232
0.9999771838141236
0.9999596056554212
0.9999284643519573
0.9998731966663346
0.9997750097210962
0.9996000807618199
0.9992883610485096
0.9987298543593695
0.9977321456265867
0.9959270374323033
0.9927054257064667
0.9867571176369343
0.9762846164365766
0.9559695297768369
0.9221351774708836
0.8473336324970367
0.7443155965304336
0.41996719264102933
0.19200064283179252
-1.7449565942513485
-1.2301122965177453
-22.053161593219016
-22.053161593204898
-1.230112296525639
-1.7449565942461822
0.192000642831121
0.4199671926395173
0.7443155965303194
0.8473336324981541
0.9221351774702358
0.9559695297775427
0.976284616437306
0.986757117636394
0.9927054257070099
0.995927037434549
0.9977321456257358
0.9987298543590011
0.9992883610452576
0.9996000807640939
0.9997750097185955
0.9998731966691894
0.9999284643489681
0.9999596056577149
0.9999771838122613
0.9999871168486523
0.9999927362499164
0.9999959169745796
0.9999977163036451
0.9999987299480089
0.9999992923836103
0.9999995886283412
0.9999997159011248
0.9999997159023596
0.9999995886270272
0.9999992923826588
0.9999987299467719
0.9999977163056466
0.9999959169734911
0.9999927362490239
0.9999871168500396
0.9999771838126861
0.9999596056592046
0.9999284643496635
0.9998731966686509
0.9997750097191603
0.9996000807623435
0.9992883610480175
0.9987298543600176
0.9977321456260493
0.995927037433477
0.992705425707176
0.986757117636625
0.9762846164372971
0.9559695297772052
0.922135177471235
0.8473336324972396
0.7443155965292658
0.4199671926448773
0.19200064282888463
-1.7449565942428955
-1.230112296520098
-22.05316159320062
-22.053161478477758
-1.2301122859687568
-1.7449565723698321
0.19200064968706693
0.419967198874288
0.7443155995481284
0.8473336346083927
0.9221351786610612
0.9559695305412836
0.9762846168933782
0.986757117920755
0.9927054258794228
0.9959270375395602
0.9977321456910271
0.9987298543996079
0.9992883610695684
0.9996000807800325
0.9997750097268963
0.9998731966741699
0.9999284643517523
0.9999596056602658
0.9999771838140443
0.9999871168496625
0.9999927362497614
0.9999959169753139
0.9999977163041397
0.9999987299487254
0.9999992923844443
0.9999995886269525
0.9999997159011947
0.9999997159025688
0.99999958862797
0.9999992923846559
0.9999987299468698
0.999997716307157
0.9999959169739159
0.9999927362498335
0.9999871168517422
0.9999771838137017
0.9999596056621433
0.9999284643504939
0.9998731966750625
0.9997750097284699
0.9996000807785368
0.9992883610718106
0.9987298544007085
0.997732145688192
0.9959270375406021
0.9927054258786683
0.9867571179226642
0.9762846168910757
0.955969530542762
0.9221351786617177
0.8473336346102045
0.7443155995465511
0.41996719888148226
0.19200064968286823
-1.7449565723648566
-1.2301122859625169
-22.053161478474838
-22.05316119050005
-1.2301122595124707
-1.7449565175369006
0.19200066684781347
0.4199672144850599
0.7443156071035193
0.8473336398891882
0.9221351816399019
0.9559695324517011
0.9762846180279181
0.9867571186293336
0.9927054263087676
0.9959270378045945
0.9977321458550379
0.9987298544984411
0.9992883611340534
0.9996000808171818
0.9997750097513511
0.9998731966883136
0.9999284643607895
0.9999596056652511
0.9999771838163005
0.9999871168509257
0.9999927362521561
0.999995916975684
0.9999977163061462
0.9999987299483046
0.9999992923856923
0.999999588626654
0.9999997159054412
0.9999997159008758
0.99999958863041
0.9999992923815954
0.9999987299501567
0.9999977163065676
0.9999959169757096
0.9999927362515816
0.9999871168532066
0.9999771838150171
0.9999596056683123
0.9999284643564303
0.9998731966918598
0.9997750097478517
0.9996000808186902
0.9992883611302764
0.9987298545020113
0.9977321458516402
0.9959270378081704
0.9927054263101034
0.986757118630069
0.9762846180286555
0.9559695324524718
0.9221351816416739
0.8473336398882905
0.7443156071007733
0.41996721448557306
0.192000666843482
-1.7449565175325485
-1.2301122595182383
-22.053161190505747
-22.053160582113648
-1.230112203767448
-1.7449564019314288
0.1920007029741691
0.4199672473406081
0.7443156229901075
0.8473336509865987
0.9221351879033939
0.9559695364606184
0.9762846204164429
0.9867571201160585
0.9927054272112817
0.995927038363064
0.9977321461948931
0.9987298547092373
0.9992883612607752
0.9996000808956009
0.9997750097995418
0.999873196717091
0.9999284643795643
0.9999596056754636
0.9999771838245677
0.9999871168547416
0.9999927362540131
0.999995916976578
0.9999977163063986
0.9999987299491556
0.9999992923857011
0.9999995886283468
0.9999997159052476
0.999999715902855
0.9999995886314983
0.9999992923846945
0.9999987299512029
0.9999977163050028
0.9999959169775463
0.9999927362527643
0.9999871168561447
0.9999771838246058
0.999959605675956
0.9999284643788223
0.9998731967172397
0.9997750098009905
0.9996000808956943
0.9992883612616327
0.9987298547103802
0.9977321461919806
0.995927038362881
0.9927054272125628
0.9867571201159906
0.9762846204191848
0.9559695364587832
0.9221351879066251
0.8473336509839484
0.7443156229934204
0.4199672473393735
0.19200070297447341
-1.7449564019295538
-1.2301122037686762
-22.05316058211458
-22.05315934167318
-1.2301120904279557
-1.7449561668020703
0.19200077632447277
0.4199673140455501
0.7443156552114378
0.8473336734828354
0.9221352005891501
0.9559695445764684
0.9762846252511095
0.9867571231208774
0.9927054290363024
0.995927039486491
0.9977321468819972
0.9987298551313849
0.9992883615230929
0.9996000810554654
0.999775009899457
0.9998731967768264
0.9999284644172307
0.9999596056969535
0.9999771838395562
0.999987116863357
0.9999927362596921
0.9999959169805976
0.9999977163092655
0.999998729952847
0.9999992923860008
0.9999995886316964
0.9999997159039469
0.9999997159033567
0.9999995886290128
0.9999992923842931
0.9999987299517226
0.9999977163076669
0.9999959169813794
0.9999927362606145
0.9999871168633945
0.9999771838404707
0.9999596056970557
0.9999284644198221
0.999873196775414
0.9997750098997771
0.9996000810532264
0.9992883615216543
0.9987298551315202
0.9977321468809226
0.9959270394885789
0.9927054290356951
0.986757123120659
0.9762846252496995
0.955969544574574
0.9221352005892849
0.847333673479578
0.7443156552131992
0.4199673140419403
0.1920007763270492
-1.7449561668017632
-1.2301120904326766
-22.05315934166844
-22.053156832068318
-1.2301118618727354
-1.7449556923835159
0.19200092403149635
0.4199674483624927
0.7443157200050108
0.8473337187057639
0.9221352260646256
0.9559695608662827
0.9762846349437044
0.9867571291431003
0.9927054326899536
0.9959270417378643
0.9977321482567318
0.9987298559776694
0.9992883620374939
0.9996000813718502
0.9997750100923667
0.9998731968989502
0.9999284644908231
0.999959605745974
0.9999771838675321
0.9999871168827577
0.9999927362715308
0.9999959169882073
0.9999977163134737
0.9999987299558242
0.9999992923836609
0.9999995886350277
0.9999997158997862
0.9999997159082493
0.9999995886287432
0.9999992923899199
0.9999987299540269
0.9999977163130735
0.9999959169889083
0.9999927362711551
0.999987116880016
0.9999771838694377
0.9999596057425775
0.9999284644934341
0.9998731968954913
0.9997750100966707
0.9996000813724646
0.9992883620403341
0.9987298559749465
0.9977321482577883
0.9959270417363435
0.9927054326900016
0.9867571291433588
0.9762846349408587
0.9559695608689363
0.9221352260616468
0.8473337187076037
0.7443157200051198
0.4199674483635676
0.19200092403483632
-1.7449556923898006
-1.23011186187277
-22.053156832061312
-22.053151760504708
-1.2301114015706063
-1.7449547364614657
0.19200122101507683
0.41996771842307745
0.7443158500870659
0.8473338094677041
0.9221352771310111
0.9559695935091583
0.9762846543426504
0.9867571411934151
0.9927054399929982
0.9959270462329086
0.9977321510010448
0.9987298576625909
0.9992883630700202
0.999600082007422
0.9997750104810843
0.9998731971384495
0.9999284646374351
0.9999596058375283
0.9999771839245879
0.9999871169185846
0.9999927362929091
0.9999959170017807
0.9999977163222684
0.9999987299594314
0.9999992923907434
0.9999995886350354
0.9999997159054435
0.9999997159081004
0.9999995886330718
0.9999992923930543
0.9999987299596511
0.9999977163224668
0.9999959170022383
0.9999927362921655
0.9999871169181379
0.9999771839224663
0.9999596058359593
0.9999284646378077
0.9998731971374
0.999775010482671
0.9996000820063247
0.9992883630705054
0.9987298576621706
0.9977321510017934
0.9959270462321342
0.9927054399928685
0.9867571411921476
0.9762846543439481
0.9559695935114958
0.9221352771290392
0.8473338094683048
0.7443158500862055
0.4199677184253166
0.19200122101518147
-1.744954736464722
-1.2301114015777252
-22.05315176050473
-22.05314150602196
-1.2301104743134632
-1.7449528097101008
0.19200181822503526
0.41996826146485594
0.7443161112520369
0.8473339916062707
0.9221353795001628
0.9559696589041842
0.9762846931742578
0.9867571652940621
0.9927054545890678
0.9959270552109827
0.9977321564788351
0.9987298610241839
0.999288365128446
0.9996000832699881
0.9997750112565983
0.9998731976153123
0.9999284649306266
0.9999596060174749
0.9999771840337942
0.9999871169872814
0.9999927363354162
0.9999959170290778
0.9999977163401199
0.9999987299705204
0.9999992923995038
0.9999995886417851
0.9999997159118108
0.9999997159142009
0.9999995886392504
0.9999992924010628
0.9999987299713748
0.9999977163402043
0.9999959170292338
0.999992736334685
0.9999871169862238
0.9999771840324094
0.9999596060176813
0.999928464930492
0.9998731976153886
0.9997750112561836
0.9996000832703619
0.9992883651289286
0.998729861024477
0.9977321564803521
0.9959270552104053
0.9927054545875802
0.9867571652937945
0.976284693174474
0.9559696589053766
0.9221353794966454
0.8473339916110588
0.7443161112506218
0.4199682614699417
0.1920018182231059
-1.7449528097124358
-1.2301104743176472
-22.0531415060202
-22.053120750849686
-1.2301086050519539
-1.7449489231588449
0.19200301985398524
0.41996935406912533
0.744316635830021
0.8473343572769625
0.9221355847664022
0.9559697899416977
0.976284770905749
0.9867572135025222
0.992705483760094
0.995927073137068
0.9977321674109862
0.9987298677238994
0.9992883692284145
0.9996000857821867
0.9997750127976679
0.9998731985585364
0.9999284655117575
0.9999596063728626
0.9999771842538705
0.9999871171224378
0.9999927364198333
0.999995917083458
0.9999977163745788
0.999998729994005
0.9999992924194419
0.9999995886498748
0.9999997159269925
0.9999997159203935
0.9999995886566014
0.9999992924157868
0.9999987299947971
0.9999977163737329
0.9999959170816254
0.9999927364194776
0.9999871171246053
0.9999771842531511
0.9999596063770769
0.9999284655066771
0.999873198563523
0.9997750127937233
0.9996000857868244
0.9992883692257795
0.9987298677272152
0.9977321674074622
0.995927073139474
0.9927054837587478
0.9867572135039253
0.9762847709061558
0.9559697899389543
0.9221355847666461
0.8473343572777776
0.7443166358294694
0.4199693540701255
0.1920030198525458
-1.7449489231510826
-1.230108605043938
-22.053120750853537
-22.053078691470105
-1.2301048335347795
-1.744941075990139
0.19200543934677228
0.41997155396598573
0.7443176900975865
0.8473350917921683
0.9221359965374616
0.9559700526028108
0.9762849265526734
0.9867573099505349
0.9927055420634521
0.9959271089404389
0.9977321892175705
0.9987298810841692
0.9992883773914071
0.9996000907827043
0.9997750158590543
0.9998732004369064
0.9999284666635004
0.9999596070794647
0.9999771846903807
0.9999871173916931
0.9999927365886587
0.9999959171886621
0.9999977164422799
0.9999987300398898
0.9999992924480055
0.9999995886750938
0.9999997159456204
0.9999997159418272
0.9999995886789723
0.9999992924444652
0.999998730040431
0.9999977164411018
0.9999959171897641
0.9999927365887201
0.9999871173933921
0.9999771846910961
0.9999596070814523
0.9999284666628514
0.9998732004370436
0.9997750158571048
0.9996000907824141
0.999288377389093
0.9987298810826568
0.9977321892168147
0.9959271089416102
0.9927055420627684
0.9867573099506507
0.9762849265537368
0.9559700526011183
0.9221359965423453
0.8473350917901157
0.7443176900990165
0.41997155395954133
0.19200543934463593
-1.744941075991689
-1.230104833535455
-22.05307869148053
-22.05299334501727
-1.2300972166001332
-1.7449252155739212
0.192010314852966
0.4199759868684756
0.7443198102114172
0.8473365680634375
0.9221368229279169
0.955970579311677
0.9762852382991452
0.986757502946579
0.9927056586108535
0.9959271804365388
0.9977322327218849
0.9987299077057539
0.9992883936430295
0.9996001007275316
0.9997750219421455
0.9998732041591337
0.9999284689480641
0.9999596084808597
0.9999771855551773
0.9999871179236337
0.9999927369196995
0.9999959173965827
0.9999977165736151
0.9999987301276885
0.9999992925078275
0.9999995887217169
0.9999997159841534
0.9999997159814292
0.9999995887247866
0.9999992925066333
0.99999873012796
0.9999977165751555
0.9999959173963674
0.9999927369202855
0.9999871179245214
0.999977185554774
0.9999596084810578
0.999928468947076
0.9998732041588834
0.9997750219435739
0.9996001007254772
0.99928839364648
0.9987299077069198
0.9977322327204539
0.9959271804362386
0.9927056586097567
0.986757502948169
0.97628523829923
0.9559705793081359
0.9221368229326186
0.847336568058954
0.7443198102152964
0.4199759868653278
0.19201031485583986
-1.744925215569928
-1.230097216587382
-22.052993345019004
-22.052819901812448
-1.2300818171763264
-1.744893122127905
0.19202014785071084
0.4199849271041499
0.7443240765347011
0.8473395369543839
0.9221384821859469
0.9559716359088153
0.9762858628514319
0.9867578892066962
0.9927058915895468
0.9959273232092207
0.9977323194974959
0.9987299607539135
0.9992884259898805
0.9996001204969651
0.9997750340174755
0.9998732115493727
0.9999284734669812
0.9999596112534366
0.9999771872562279
0.9999871189733995
0.999992737569507
0.999995917802421
0.9999977168316492
0.9999987302964694
0.9999992926182291
0.9999995888123618
0.999999716052119
0.999999716058406
0.9999995888054798
0.9999992926239019
0.9999987302936006
0.9999977168317064
0.9999959178005768
0.99999273757105
0.9999871189700074
0.9999771872586608
0.999959611251047
0.9999284734709275
0.9998732115452573
0.9997750340211986
0.999600120494535
0.9992884259913486
0.9987299607495381
0.9977323194989249
0.9959273232095041
0.9927058915897249
0.9867578892084629
0.9762858628484504
0.9559716359101781
0.9221384821837145
0.8473395369558334
0.744324076533813
0.4199849271019065
0.19202014785150745
-1.7448931221376298
-1.230081817178533
-22.052819901812075
-22.05246683901152
-1.2300506477361814
-1.7448280989794045
0.19203999745089662
0.42000297453228186
0.7443326676763302
0.847345511452465
0.9221418152537866
0.9559737562758037
0.9762871143692367
0.9867586623537179
0.9927063573118764
0.9959276082704258
0.9977324925368782
0.9987300664004426
0.9992884903253832
0.9996001597628769
0.9997750579696976
0.9998732261747729
0.9999284823997556
0.9999596167169374
0.9999771905981838
0.9999871210241987
0.9999927388304547
0.9999959185827696
0.9999977173188614
0.9999987306047541
0.9999992928281132
0.9999995889586832
0.9999997161761045
0.9999997161795435
0.999999588955246
0.9999992928298447
0.9999987306035709
0.9999977173202068
0.9999959185809091
0.9999927388305863
0.9999871210224713
0.9999771905993842
0.9999596167155643
0.9999284824012874
0.9998732261738427
0.9997750579712965
0.999600159763497
0.9992884903261559
0.9987300663997343
0.9977324925384561
0.9959276082705558
0.9927063573124055
0.9867586623530211
0.9762871143680389
0.9559737562775341
0.9221418152502641
0.8473455114541979
0.7443326676739455
0.4200029745347421
0.19203999745313458
-1.7448280989803742
-1.2300506477348194
-22.05246683901302
-22.051746800279396
-1.2299874787835021
-1.744696173342546
0.19208010723485938
0.4200394433442705
0.7443499805095095
0.84735754234762
0.9221485137658895
0.9559780129090044
0.9762896227192119
0.9867602099719563
0.9927072881821358
0.9959281772732207
0.9977328374314407
0.9987302766627538
0.9992886181685207
0.9996002376567732
0.9997751053888217
0.9998732550652585
0.9999284999914748
0.9999596274305165
0.9999771971152254
0.9999871249882143
0.9999927412349874
0.9999959200383797
0.9999977182047444
0.999998731142226
0.9999992931606111
0.9999995891768163
0.9999997163463379
0.9999997163496862
0.9999995891751425
0.9999992931622292
0.9999987311430683
0.999997718202183
0.9999959200416891
0.9999927412361346
0.9999871249856187
0.9999771971157871
0.9999596274284898
0.9999284999909875
0.9998732550650635
0.9997751053874155
0.9996002376593592
0.9992886181664122
0.9987302766616524
0.997732837432626
0.9959281772715827
0.9927072881833574
0.9867602099713031
0.97628962271881
0.9559780129130055
0.9221485137618638
0.8473575423550012
0.744349980508124
0.42003944334708054
0.19208010723315594
-1.744696173344536
-1.2299874787811955
-22.051746800274188
-22.050275259071416
-1.2298592797104213
-1.7444280904023377
0.19216124407645896
0.4201132179666224
0.7443848963317847
0.8473817859188614
0.9221619820087598
0.9559865608321734
0.9762946506603478
0.9867633076945168
0.9927091482896138
0.9959293124943911
0.9977335243532732
0.9987306946909644
0.9992888718280222
0.9996003918536127
0.9997751990001176
0.9998733118829686
0.9999285344190003
0.9999596482397957
0.9999772096402992
0.9999871324706531
0.9999927456531105
0.9999959225956381
0.9999977196317782
0.9999987318862609
0.9999992935130861
0.9999995893002251
0.9999997163798242
0.9999997163721039
0.999999589303471
0.9999992935072162
0.99999873188981
0.9999977196284766
0.9999959225963266
0.9999927456528803
0.9999871324722435
0.9999772096397634
0.9999596482419479
0.9999285344159885
0.9998733118871801
0.9997751989942338
0.999600391858073
0.9992888718219431
0.9987306946950665
0.9977335243519466
0.9959293124954456
0.9927091482904823
0.9867633076922189
0.9762946506619982
0.9559865608296997
0.9221619820089607
0.8473817859206836
0.7443848963301343
0.4201132179636784
0.1921612440728212
-1.744428090397846
-1.229859279718674
-22.050275259075168
-22.047260684441223
-1.2295987017943184
-1.7438823701168933
0.1923255662841556
0.42026264025814064
0.7444553705260222
0.8474306743236386
0.9221890733607729
0.956003730733768
0.9763047291864762
0.986769506789807
0.9927128634140661
0.9959315755690126
0.9977348908326031
0.9987315243522822
0.999289373878911
0.999600696010501
0.9997753828086758
0.9998734227486032
0.9999286009669535
0.9999596878852041
0.9999772329455014
0.9999871458527672
0.9999927530112793
0.9999959262983491
0.9999977211236929
0.9999987320548558
0.9999992928959204
0.9999995882559298
0.9999997151415629
0.9999997151382332
0.9999995882605291
0.9999992928956953
0.999998732057342
0.9999977211210571
0.9999959262986509
0.999992753011538
0.9999871458528413
0.9999772329449604
0.9999596878853487
0.9999286009650739
0.9998734227500404
0.9997753828097173
0.9996006960140307
0.9992893738774029
0.9987315243541133
0.9977348908302546
0.9959315755702686
0.9927128634154286
0.9867695067873248
0.9763047291889386
0.9560037307311229
0.9221890733643443
0.8474306743215412
0.7444553705293988
0.42026264025677895
0.19232556628627653
-1.7438823701164594
-1.2295987018033556
-22.047260684440037
-22.041068154115713
-1.2290681383561157
-1.742769281241066
0.19265878592247526
0.42056567746809287
0.7445977366671314
0.8475293317414874
0.9222435882526332
0.9560382247461587
0.9763249283517155
0.9867819063918675
0.9927202770072834
0.995936080853762
0.9977376035969836
0.998733166033738
0.9992903631471417
0.9996012919679109
0.9997757400467847
0.999873635581128
0.9999287262390797
0.9999597601194853
0.9999772730333638
0.9999871664592955
0.9999927618189957
0.9999959279660544
0.999997718477621
0.9999987268306603
0.9999992861567921
0.9999995806836741
0.9999997071952054
0.9999997071931459
0.9999995806844986
0.9999992861546403
0.9999987268302406
0.999997718478725
0.9999959279657639
0.9999927618183105
0.9999871664607181
0.9999772730330321
0.999959760120458
0.9999287262394447
0.9998736355808888
0.9997757400470912
0.999601291963932
0.9992903631472538
0.9987331660344232
0.9977376035964844
0.9959360808563817
0.9927202770059136
0.9867819063911283
0.9763249283525892
0.9560382247433821
0.9222435882574226
0.8475293317354924
0.7445977366705006
0.42056567746531737
0.19265878592402785
-1.7427692812380173
-1.2290681383635533
-22.041068154111922
-22.02830713511061
-1.2279857787928328
-1.7404938363409608
0.1933354485993361
0.42118114208854357
0.7448855848550426
0.8477285650059186
0.9223533174766207
0.9561075210865336
0.9763653926018165
0.9868066853982654
0.992735047817453
0.9959450282139688
0.9977429692914344
0.9987363964476909
0.9992922958019455
0.9996024440254994
0.9997764194035887
0.9998740296648626
0.999928947749118
0.9999598773547549
0.9999773272137773
0.9999871825319733
0.9999927548648104
0.9999959071135074
0.9999976892590087
0.9999986926188973
0.9999992490142675
0.9999995419380929
0.9999996677317673
0.9999996677373223
0.9999995419339749
0.9999992490193229
0.9999986926146898
0.9999976892639212
0.9999959071125694
0.9999927548644123
0.9999871825312918
0.9999773272131922
0.9999598773535152
0.9999289477517794
0.9998740296618928
0.9997764194109107
0.9996024440194704
0.999292295810127
0.9987363964436484
0.9977429692944102
0.9959450282118074
0.9927350478156606
0.986806685399694
0.976365392600076
0.9561075210885968
0.9223533174792369
0.8477285650040829
0.7448855848563649
0.42118114209001284
0.19333544859941093
-1.740493836343171
-1.2279857787921222
-22.028307135103532
-22.001912775986497
-1.2257729774949127
-1.7358302167495516
0.19471163901871966
0.4224331180326357
0.7454680962385243
0.8481311675270479
0.922574206419049
0.95624668508466
0.9764463730987101
0.9868561154768045
0.9927643921549278
0.9959627172253712
0.9977535076627553
0.9987426828408554
0.9992960046739963
0.9996046065492474
0.9997776480309845
0.9998746961892462
0.9999292751878917
0.9999600004817116
0.9999773271513721
0.9999871082428509
0.9999926358573215
0.9999957612013505
0.9999975272059776
0.999998520947188
0.9999990717357236
0.9999993615740068
0.9999994860090015
0.999999486012459
0.9999993615711873
0.9999990717381877
0.9999985209445215
0.999997527208338
0.9999957612002823
0.9999926358567068
0.9999871082427371
0.9999773271512397
0.9999600004808329
0.999929275186942
0.9998746961867164
0.9997776480346225
0.9996046065464013
0.9992960046779774
0.9987426828383139
0.9977535076632001
0.9959627172249583
0.992764392153562
0.9868561154798481
0.9764463730963387
0.9562466850856755
0.9225742064163311
0.848131167525906
0.7454680962348235
0.42243311803409045
0.1947116390168096
-1.7358302167471247
-1.225772977485434
-22.001912775974432
-21.94707969531686
-1.2212380590731624
-1.726243333683724
0.19751522953157374
0.4249842697449217
0.7466479230353176
0.8489451391117118
0.9230187563253682
0.9565258920461699
0.9766081116728538
0.9869543813049342
0.9928223614209327
0.9959973744973138
0.9977739053133383
0.9987546263684038
0.9993028390161858
0.999608384988524
0.9997795866974528
0.999875531023438
0.9999294463140314
0.9999597730295646
0.9999768602055221
0.9999864974922446
0.9999919387836317
0.9999950123796357
0.9999967474461737
0.9999977228250634
0.9999982629337559
0.999998546924995
0.9999986687815066
0.9999986687852733
0.999998546922336
0.9999982629350621
0.9999977228226109
0.9999967474473161
0.9999950123790082
0.9999919387838233
0.9999864974920114
0.9999768602064731
0.9999597730318609
0.999929446315727
0.9998755310227686
0.9997795866971941
0.9996083849871524
0.9993028390163092
0.9987546263650724
0.9977739053132373
0.9959973744963586
0.9928223614203646
0.9869543813077275
0.9766081116699762
0.9565258920498654
0.9230187563217591
0.8489451391162607
0.7466479230307808
0.4249842697475546
0.19751522952924683
-1.7262433336872038
-1.221238059080092
-21.94707969532174
-21.83256360784909
-1.2119185273894044
-1.7064667474290198
0.2032373368458824
0.43019239797483555
0.7490393727370321
0.8505910821784434
0.9239125962497008
0.9570848354432343
0.9769298051671946
0.9871483636922662
0.9929355447113912
0.9960639725372417
0.997812109995448
0.9987760545003823
0.9993141652887404
0.9996136905320923
0.9997812810831282
0.9998750668587921
0.9999276893234039
0.9999572427083138
0.9999738671018364
0.9999832276569037
0.999988503539216
0.9999914783965561
0.999993154693497
0.9999940953264468
0.9999946153185484
0.9999948883166219
0.999995005347414
0.9999950053419522
0.9999948883210705
0.9999946153132173
0.9999940953327374
0.9999931546875465
0.9999914784005772
0.9999885035385273
0.9999832276580811
0.9999738671014528
0.99995724270905
0.9999276893216125
0.9998750668630141
0.9997812810763963
0.9996136905381108
0.9993141652811495
0.9987760545057411
0.9978121099953406
0.996063972537615
0.9929355447135613
0.9871483636897154
0.9769298051698853
0.9570848354419339
0.9239125962485484
0.8505910821802849
0.7490393727383591
0.4301923979765762
0.20323733685107803
-1.7064667474255133
-1.2119185273909006
-21.832563607851707
-21.59185088392755
-1.1927058866108347
-1.665500319028097
0.21494026557610493
0.44084532020017253
0.7538890621366177
0.8539174321046078
0.9257054275802962
0.9581983101101839
0.9775639482291776
0.9875254868444555
0.9931507756728004
0.9961862108254811
0.997877918403629
0.9988086512658494
0.9993268515583069
0.9996145598370294
0.9997750944724044
0.9998646814388471
0.9999148007961856
0.9999428639429501
0.9999586008740369
0.9999674333630175
0.9999723951993147
0.9999751835486046
0.9999767493757615
0.9999776250507966
0.9999781075731315
0.9999783602040424
0.9999784682919893
0.9999784682871884
0.9999783602049619
0.9999781075691347
0.9999776250548409
0.9999767493733128
0.9999751835517388
0.9999723951974908
0.9999674333639657
0.9999586008728278
0.9999428639418558
0.9999148007975698
0.9998646814392087
0.9997750944712834
0.9996145598383283
0.9993268515539522
0.9988086512676089
0.997877918402172
0.9961862108263952
0.9931507756745913
0.9875254868417189
0.9775639482308853
0.9581983101072933
0.925705427584105
0.853917432103162
0.7538890621400002
0.4408453201962177
0.21494026557757134
-1.6655003190299937
-1.1927058866233666
-21.591850883931794
-21.081752409809482
-1.1529531116854774
-1.580214567469268
0.23893125160856626
0.4626760341553021
0.7637215811477519
0.8606242220759529
0.9292801565427905
0.9603917337879375
0.9787885277322785
0.9882325258826541
0.993533697055397
0.9963837162796394
0.9979635216832871
0.9988286971861893
0.9993078059565192
0.9995724300712763
0.9997192562841446
0.9998007297270699
0.9998460395278306
0.9998712555968355
0.9998853069658278
0.9998931424465498
0.9998975149166156
0.9998999553655412
0.9999013163812882
0.9999020723152854
0.9999024861437649
0.9999027016018385
0.9999027934175417
0.9999027934188653
0.9999027016023239
0.9999024861455307
0.9999020723168854
0.9999013163795281
0.9998999553687454
0.999897514916918
0.9998931424466639
0.9998853069676132
0.999871255594383
0.9998460395275588
0.9998007297244507
0.9997192562841988
0.9995724300743699
0.9993078059565925
0.9988286971892919
0.997963521683663
0.9963837162796233
0.9935336970550085
0.9882325258841727
0.9787885277338582
0.9603917337884496
0.9292801565432152
0.8606242220741623
0.7637215811521383
0.46267603415418906
0.23893125161425302
-1.5802145674674266
-1.15295311167603
-21.08175240979385
-19.98939642033648
-1.0703379781283575
-1.401571368831292
0.2882453112554326
0.5074739298678431
0.7836133055060563
0.8740578955781605
0.9363033261641813
0.9645954479012618
0.9810322116887847
0.9894326814820987
0.9940853189718165
0.9965660248415803
0.9979244780813827
0.9986606937426822
0.9990634178659202
0.9992832158916886
0.9994036023916597
0.9994695315483736
0.999505691069433
0.999525528393209
0.9995364181273816
0.9995423969692321
0.9995456798852
0.999547481847046
0.9995484696695638
0.999549008931123
0.9995492992562286
0.9995494482325257
0.9995495110577235
0.9995495110623749
0.9995494482263665
0.9995492992609067
0.9995490089255454
0.9995484696748195
0.9995474818443503
0.9995456798852809
0.999542396967052
0.9995364181273755
0.9995255283924974
0.9995056910724531
0.9994695315449007
0.9994036023984987
0.9992832158841403
0.9990634178740923
0.9986606937379565
0.997924478083613
0.9965660248423656
0.994085318968974
0.9894326814825565
0.9810322116863337
0.9645954479030452
0.9363033261657239
0.8740578955750241
0.7836133055065821
0.5074739298665454
0.28824531125376807
-1.4015713688363982
-1.0703379781276348
-19.989396420335666
-17.616814399948282
-0.8976403315629646
-1.0245044843304272
0.38992156726272514
0.5993591850123272
0.823543245822561
0.9004810307832865
0.9495626225938398
0.9720604409906128
0.984523508395801
0.9908139090676381
0.9941688177277912
0.9959144889811551
0.9968363483138054
0.9973199906057719
0.997574395777882
0.9977078442196694
0.9977777373472198
0.9978142312576999
0.9978332146245705
0.9978430432409393
0.9978481016537513
0.997850686208077
0.9978519947179025
0.9978526497152842
0.9978529728759319
0.9978531293709496
0.9978532031730087
0.9978532363002484
0.9978532488414917
0.9978532488437799
0.9978532363006676
0.9978532031771556
0.9978531293703625
0.9978529728775904
0.9978526497126463
0.9978519947177924
0.9978506862080909
0.9978481016537196
0.9978430432410679
0.9978332146248219
0.9978142312570483
0.9977777373512472
0.997707844215298
0.997574395782983
0.9973199906024688
0.996836348316234
0.9959144889786382
0.9941688177270636
0.9908139090679691
0.9845235083973863
0.9720604409920728
0.9495626225943796
0.9004810307810261
0.8235432458177879
0.5993591850127834
0.3899215672624655
-1.0245044843307738
-0.8976403315485588
-17.61681439995079
-12.357827544190279
-0.5331769173368546
-0.2209032695721267
0.6001072542471935
0.7865993123192846
0.9016537125380673
0.9497121393678447
0.9715956718143365
0.9820438661515477
0.986413974060485
0.9884162233723712
0.9891721139249834
0.9894561710045291
0.9895203775006218
0.989512557059461
0.9894816354001904
0.9894507091198654
0.9894255529571461
0.9894072370987199
0.989394589346258
0.9893861858045372
0.9893807364181031
0.9893772696460759
0.9893750951069904
0.9893737474923099
0.9893729216755658
0.9893724227501028
0.9893721289657784
0.9893719668280081
0.989371895011657
0.9893718950130115
0.9893719668268872
0.9893721289686184
0.9893724227462075
0.9893729216778805
0.9893737474879396
0.9893750951070854
0.9893772696467975
0.989380736416791
0.9893861858058854
0.9893945893445618
0.9894072371015454
0.9894255529587446
0.9894507091186273
0.9894816354032936
0.989512557058204
0.9895203774981489
0.9894561710055587
0.9891721139223936
0.9884162233763083
0.9864139740584774
0.9820438661529902
0.9715956718110803
0.9497121393694203
0.9016537125338637
0.786599312323718
0.6001072542434986
-0.2209032695735846
-0.5331769173234695
-12.357827544201818
-0.32246258508946046
0.2523997784462726
1.5119759399592543
1.0329547438588824
1.157437651227791
1.0404915760580067
1.0243830172906576
0.9893791466667534
0.9742901907719266
0.9620420376991856
0.9552692429122205
0.9508158653428718
0.948201696896507
0.9465935773910883
0.9456401718078113
0.9450685716741197
0.9447304818425766
0.9445302417592502
0.9444123422400924
0.9443430017525194
0.944302348272358
0.9442785498718896
0.9442646468921523
0.9442565374688432
0.9442518169241025
0.9442490772942651
0.9442474979404114
0.944246603871596
0.9442461253041554
0.944245917509104
0.9442459174995517
0.9442461253049876
0.9442466038605053
0.9442474979430268
0.9442490772886959
0.9442518169271716
0.9442565374692782
0.9442646468898703
0.9442785498718429
0.9443023482751904
0.9443430017520817
0.9444123422450098
0.9445302417493866
0.9447304818495308
0.9450685716667554
0.9456401718108441
0.9465935773918743
0.9482016968981699
0.950815865343377
0.955269242909356
0.962042037701635
0.9742901907680066
0.9893791466632025
1.0243830172916608
1.0404915760572553
1.1574376512242321
1.03295474386104
1.5119759399631065
0.2523997784353139
-0.3224625851047289
28.838801705921263
2.048116230107597
5.287611635572608
1.8812304599845895
1.8018370186289094
1.178645217435877
1.011148420234493
0.8543082683749041
0.7836545435195341
0.7368633168483836
0.7120124748446625
0.6971325424469094
0.6888140521277882
0.6839876903689511
0.6812474768530582
0.6796738167639598
0.6787763375937399
0.6782627098605248
0.6779694208896931
0.6778017717935592
0.6777060099574119
0.6776512924698244
0.6776200351986452
0.6776021798640052
0.677591985787181
0.67758617482079
0.6775828793388834
0.6775810404598125
0.6775800675957988
0.6775796484396162
0.677579648433672
0.677580067605358
0.6775810404577013
0.677582879340045
0.6775861748177392
0.6775919857863844
0.6776021798625823
0.677620035198016
0.6776512924697833
0.6777060099595206
0.6778017717915481
0.6779694208908931
0.6782627098596776
0.6787763375998498
0.6796738167630205
0.6812474768533402
0.6839876903660369
0.6888140521271748
0.6971325424493057
0.7120124748426586
0.7368633168524112
0.7836545435148699
0.8543082683795513
1.0111484202333456
1.1786452174425295
1.8018370186278272
1.881230459987763
5.287611635577977
2.0481162301142346
28.83880170591322
108.46602512244962
6.844814539197811
13.326571898181271
2.877509034830809
1.9911557078576534
0.18778066126876802
-0.36787673779348495
-0.7985016293840743
-0.9947307027038901
-1.1150935493237395
-1.1777163141166214
-1.213607416154987
-1.2331570027202297
-1.2441536527430013
-1.2502467046925263
-1.2536611905529216
-1.2555672866144414
-1.256636145270043
-1.2572352752937537
-1.2575718485797576
-1.257761036077223
-1.2578675230388632
-1.2579275069785456
-1.2579613254154252
-1.257980398105401
-1.2579911468873832
-1.257997179277578
-1.2580005143509392
-1.2580022655450804
-1.2580030162599862
-1.2580030162687548
-1.2580022655392082
-1.2580005143604778
-1.2579971792662423
-1.2579911468953648
-1.2579803980969562
-1.2579613254119038
-1.257927506979179
-1.2578675230326128
-1.2577610360855158
-1.257571848592515
-1.257235275293525
-1.2566361452835382
-1.2555672865988297
-1.2536611905713335
-1.250246704688486
-1.2441536527487966
-1.233157002712181
-1.2136074161516297
-1.177716314121883
-1.1150935493308625
-0.9947307027231824
-0.7985016293835558
-0.3678767377821708
0.18778066128678372
1.9911557078626636
2.87750903483074
13.326571898175743
6.844814539221381
108.46602512246264
418.3452253398614
21.4982506129768
22.335526512099577
-11.577951567430427
-16.58680045832091
-22.073303965886318
-23.906903524586944
-25.126005534841116
-25.6780875945462
-25.99540258124444
-26.15667231801791
-26.24573103274469
-26.293112224705325
-26.31909019484806
-26.333195487164012
-26.340946789079094
-26.345201244068022
-26.347549635566594
-26.348847464002848
-26.349567053416486
-26.349966712255053
-26.350189181023932
-26.350313216956344
-26.350382482962125
-26.35042120253354
-26.350442845279662
-26.350454900740456
-26.350461521696204
-26.350464979596786
-26.350466456560262
-26.350466456571233
-26.350464979542686
-26.35046152175803
-26.35045490074986
-26.350442845322927
-26.350421202509512
-26.35038248299582
-26.35031321692477
-26.350189181030224
-26.3499667122477
-26.34956705340399
-26.348847463943528
-26.347549635592394
-26.345201244058625
-26.340946789096975
-26.333195487143627
-26.3190901948709
-26.293112224717355
-26.245731032734376
-26.15667231803875
-25.995402581208637
-25.67808759454948
-25.126005534839788
-23.90690352463558
-22.07330396584391
-16.58680045829194
-11.577951567446597
22.335526512070953
21.49825061302662
418.34522533982476