112.1391887155525
-6.075402023645143
-4.188448409114724
-12.031776390464678
-12.011366742433134
-12.708485260952882
-12.722241751846825
-12.79083724942966
-12.794150353363415
-12.801354545957343
-12.80194823550848
-12.802746070129153
-12.802841347481767
-12.802923292011558
-12.802923292008016
-12.802841347485835
-12.802746070127304
-12.801948235509752
-12.801354545953078
-12.794150353365382
-12.790837249427085
-12.722241751847083
-12.70848526095352
-12.011366742432276
-12.031776390462838
-4.188448409117276
-6.075402023645726
112.13918871555651
12.22302056776308
0.5614159188322181
1.8058143717308912
0.7959524794526263
0.9065555571767101
0.829123244085497
0.8395854873140174
0.8340364507769396
0.8350324768407145
0.8346765936916555
0.8347674220227752
0.8347499492599368
0.8347571590926735
0.8347569322792099
0.8347569322792057
0.834757159092516
0.8347499492599163
0.8347674220227476
0.8346765936916665
0.8350324768407666
0.8340364507769211
0.8395854873139728
0.8291232440856027
0.9065555571765219
0.7959524794527054
1.8058143717308957
0.56141591883231
12.22302056776303
-3.686219322769991
0.5147859818119846
0.8181280801754528
0.9232905129615798
0.9648014750424287
0.9679835720100837
0.9732098655021337
0.9735114693610862
0.9741803948613323
0.974247990307281
0.9743360433882468
0.974349894485421
0.9743616882024719
0.9743637902220408
0.9743637902220159
0.9743616882025288
0.974349894485431
0.974336043388254
0.9742479903072347
0.9741803948613496
0.9735114693610318
0.9732098655021652
0.9679835720101383
0.9648014750423928
0.9232905129615807
0.8181280801754438
0.5147859818119607
-3.686219322770226
-8.58621165536358
0.4797112117534861
0.38753458816881575
0.9377736404781336
0.944278336557161
0.9881965498319399
0.9902135319238616
0.9942015668939919
0.9945684576236606
0.9949722650250767
0.9950314825011937
0.9950765521641093
0.9950855732912857
0.9950903675956018
0.9950903675956727
0.9950855732911928
0.9950765521641831
0.9950314825011093
0.9949722650251973
0.9945684576235767
0.9942015668940624
0.9902135319238983
0.9881965498319166
0.9442783365571241
0.9377736404781185
0.3875345881688973
0.4797112117534493
-8.586211655363549
-10.319652990224348
0.4627140353444076
0.21416441043621565
0.9386683153440131
0.9298715706406431
0.9917650099943007
0.9922992756150166
0.9980791723179689
0.9983007190087447
0.9988793008451815
0.9989242198091015
0.9989861128737338
0.9989937578421628
0.9990000061253961
0.9990000061256571
0.9989937578419593
0.9989861128739268
0.9989242198089607
0.9988793008453909
0.9983007190085841
0.998079172318092
0.9922992756150344
0.9917650099943219
0.9298715706406457
0.9386683153440866
0.21416441043625678
0.46271403534436595
-10.319652990224291
-10.968840673557406
0.4552004605411009
0.1449397014643686
0.9380530013236166
0.9228237408455446
0.99235354819989
0.9922405972616299
0.9988433107541874
0.999000026337328
0.9996645415051013
0.9997029407875819
0.9997735888794254
0.9997805891147307
0.9997876273157635
0.9997876273160892
0.9997805891144259
0.9997735888796521
0.9997029407874344
0.9996645415053602
0.9990000263371382
0.9988433107543869
0.992240597261624
0.9923535481999065
0.9228237408456421
0.9380530013237031
0.1449397014643694
0.45520046054115093
-10.968840673557443
-11.219639410048687
0.4520011108497798
0.11716990208360331
0.9375901889778676
0.9196925786958102
0.9924150546690231
0.9920260216248105
0.9989938877815118
0.9991226954399102
0.9998277029870959
0.9998632937744478
0.9999383015433299
0.9999450234024296
0.9999524729574623
0.9999524729578021
0.9999450234021818
0.999938301543492
0.9998632937743275
0.999827702987296
0.9991226954396628
0.9989938877817321
0.9920260216247981
0.9924150546690691
0.9196925786959643
0.9375901889779337
0.11716990208365712
0.45200111084973915
-11.219639410048515
-11.318446180197313
0.4506605286566218
0.10595381071940474
0.9373520229979904
0.9183524073486209
0.9924007079314711
0.991895248231086
0.999021616910142
0.999138625692461
0.9998621018240907
0.999896523806693
0.9999736208500153
0.9999802298253639
0.9999878850078682
0.9999878850082811
0.9999802298251281
0.9999736208501462
0.999896523806656
0.9998621018243437
0.9991386256922263
0.9990216169103687
0.9918952482311074
0.9924007079314833
0.918352407348717
0.937352022997994
0.10595381071944673
0.45066052865657014
-11.318446180197297
-11.357901971550744
0.4501024658821956
0.10139430476818077
0.9372424104498474
0.9177879215057886
0.9923855974630014
0.9918313220036725
0.9990255370573518
0.9991375998888865
0.999869301410454
0.9999032457830165
0.9999813138905023
0.9999878791117185
0.999995633588117
0.9999956335883864
0.9999878791115395
0.9999813138905741
0.9999032457830137
0.9998693014105925
0.9991375998887364
0.9990255370575041
0.99183132200365
0.9923855974629887
0.9177879215058535
0.9372424104498591
0.10139430476814315
0.4501024658820364
-11.357901971550527
-11.373813498053789
0.4498706412836077
0.09953043257424818
0.9371942594474332
0.9175517951505658
0.992377121929785
0.991802434487806
0.9990254409453138
0.9991354379051967
0.9998707407596557
0.9999044914753781
0.9999830002750473
0.9999895490654709
0.9999973501421144
0.9999973501422347
0.9999895490654417
0.9999830002750937
0.9999044914753132
0.999870740759748
0.9991354379050552
0.9990254409453301
0.9918024344878498
0.9923771219297854
0.9175517951506422
0.937194259447411
0.09953043257425664
0.44987064128360005
-11.37381349805391
-11.380276081760488
0.44977437552655253
0.0987652132148848
0.9371735804205403
0.9174533241309676
0.9923730491831493
0.9917898388768813
0.9990249948220745
0.9991341301816918
0.9998709901315006
0.9999046624605152
0.9999833675173282
0.9999899102674804
0.9999977327030951
0.9999977327030427
0.9999899102676086
0.9999833675172789
0.9999046624606693
0.9998709901314505
0.9991341301818057
0.9990249948219598
0.9917898388769968
0.9923730491830542
0.9174533241308525
0.9371735804204884
0.09876521321482251
0.44977437552653676
-11.38027608176036
-11.382908183539206
0.44973449058040305
0.0984508197276938
0.9371648278704097
0.9174124183157224
0.992371217874149
0.991784461077124
0.999024711311066
0.9991334884861558
0.9998710136148905
0.9999046542426369
0.9999834451595568
0.9999899857206604
0.9999978177277595
0.9999978177275001
0.9999899857208793
0.9999834451593804
0.9999046542427812
0.9998710136146585
0.9991334884862387
0.9990247113108719
0.9917844610771973
0.9923712178741375
0.9174124183157171
0.9371648278703182
0.09845081972777003
0.44973449058038567
-11.382908183539362
-11.383963726131803
0.4497182823713012
0.09832385932511828
0.9371612216682016
0.9173957700022563
0.9923704366035099
0.9917822341300393
0.9990245722933211
0.9991332035643179
0.9998710051045888
0.999904633115853
0.9999834603701766
0.9999900001530948
0.9999978362886237
0.9999978362882747
0.9999900001532975
0.9999834603699098
0.9999046331158181
0.9998710051042463
0.9991332035645069
0.9990245722931397
0.9917822341300084
0.9923704366036273
0.9173957700021315
0.9371612216681391
0.09832385932528126
0.44971828237152633
-11.383963726132016
-11.384335590119242
0.44971252021079344
0.09827891472574035
0.9371599290723591
0.9173898470204607
0.9923701511772789
0.9917814337986723
0.9990245182036925
0.9991330975334933
0.9998709987487675
0.9999046223415904
0.9999834628593454
0.9999900023941135
0.9999978400561127
0.9999978400557602
0.9999900023944316
0.999983462859221
0.999904622341732
0.9998709987483372
0.9991330975337613
0.9990245182034798
0.9917814337986723
0.9923701511773162
0.9173898470203425
0.9371599290722632
0.0982789147258483
0.44971252021082914
-11.384335590119434
-11.384335590121003
0.4497125202110015
0.09827891472557193
0.9371599290723884
0.9173898470204429
0.9923701511773066
0.9917814337986519
0.9990245182037435
0.9991330975334581
0.9998709987485883
0.9999046223413979
0.9999834628592646
0.9999900023940529
0.9999978400561527
0.9999978400557168
0.9999900023943757
0.9999834628590532
0.9999046223415682
0.9998709987482919
0.9991330975336092
0.9990245182035546
0.9917814337987466
0.9923701511773481
0.9173898470204402
0.9371599290722541
0.09827891472572682
0.4497125202108426
-11.384335590121175
-11.383963726131508
0.4497182823714112
0.09832385932529285
0.9371612216682705
0.9173957700022592
0.9923704366034902
0.9917822341299136
0.9990245722932827
0.9991332035642805
0.9998710051045576
0.9999046331157448
0.9999834603700221
0.9999900001529728
0.9999978362884425
0.9999978362881141
0.9999900001531928
0.9999834603698192
0.9999046331158701
0.999871005104324
0.9991332035645057
0.9990245722930835
0.9917822341299392
0.9923704366035422
0.9173957700020919
0.9371612216681813
0.09832385932522436
0.44971828237158995
-11.383963726131551
-11.38290818353946
0.44973449058040127
0.09845081972761907
0.9371648278702819
0.9174124183157062
0.9923712178741034
0.9917844610771583
0.9990247113108429
0.9991334884860461
0.9998710136146727
0.9999046542424939
0.9999834451592549
0.9999899857205472
0.999997817727459
0.9999978177274317
0.9999899857207162
0.9999834451593158
0.9999046542425208
0.9998710136146043
0.999133488486063
0.999024711310844
0.9917844610771522
0.992371217874114
0.9174124183156829
0.9371648278702118
0.09845081972764075
0.44973449058046155
-11.382908183539517
-11.380276081760776
0.44977437552669847
0.09876521321484982
0.9371735804205551
0.917453324130849
0.9923730491829934
0.9917898388767799
0.9990249948219034
0.9991341301816277
0.9998709901312995
0.9999046624604366
0.9999833675170668
0.9999899102673828
0.999997732702802
0.9999977327028937
0.9999899102672667
0.9999833675171799
0.9999046624602599
0.999870990131396
0.9991341301815786
0.9990249948219634
0.9917898388768458
0.9923730491830192
0.9174533241308263
0.9371735804205502
0.09876521321487816
0.44977437552660293
-11.380276081760563
-11.37381349805365
0.44987064128349197
0.09953043257425796
0.9371942594474374
0.9175517951505302
0.9923771219296527
0.9918024344876257
0.9990254409451138
0.9991354379050024
0.9998707407595332
0.9999044914752302
0.9999830002747351
0.9999895490653457
0.9999973501417972
0.9999973501421198
0.9999895490651345
0.9999830002749697
0.9999044914751656
0.9998707407597213
0.9991354379048824
0.9990254409452639
0.9918024344875929
0.9923771219297074
0.9175517951505173
0.9371942594474059
0.099530432574353
0.44987064128358545
-11.373813498053988
-11.35790197155151
0.4501024658820174
0.10139430476796331
0.9372424104497596
0.9177879215057649
0.9923855974629598
0.9918313220037167
0.9990255370573009
0.9991375998887996
0.9998693014102549
0.9999032457828643
0.9999813138903682
0.9999878791116531
0.999995633588087
0.9999956335883764
0.9999878791114556
0.9999813138906114
0.9999032457827803
0.9998693014105385
0.9991375998886207
0.999025537057578
0.9918313220036425
0.9923855974630929
0.9177879215057454
0.9372424104498256
0.10139430476809047
0.4501024658819675
-11.357901971551394
-11.31844618019629
0.4506605286567862
0.10595381071949328
0.9373520229980101
0.9183524073485432
0.9924007079313568
0.9918952482309907
0.9990216169100173
0.9991386256924706
0.999862101824138
0.9998965238068565
0.9999736208500781
0.9999802298253763
0.9999878850077775
0.999987885008181
0.9999802298250626
0.9999736208501752
0.9998965238066544
0.9998621018242886
0.9991386256921604
0.9990216169102524
0.99189524823094
0.9924007079314833
0.9183524073487437
0.9373520229982422
0.10595381071956192
0.4506605286568567
-11.318446180196485
-11.21963941004922
0.45200111084960004
0.11716990208348976
0.937590188977868
0.9196925786958925
0.9924150546691934
0.9920260216248995
0.9989938877815914
0.9991226954399466
0.9998277029870868
0.9998632937744477
0.999938301543288
0.9999450234025093
0.9999524729575953
0.9999524729579601
0.9999450234022298
0.9999383015435156
0.9998632937743777
0.9998277029872944
0.9991226954397119
0.9989938877818306
0.9920260216249552
0.9924150546691612
0.9196925786958998
0.9375901889778192
0.11716990208355121
0.45200111084940897
-11.219639410048874
-10.968840673556837
0.4552004605413127
0.1449397014646139
0.9380530013237384
0.9228237408456359
0.9923535481999101
0.9922405972616616
0.9988433107542927
0.9990000263374366
0.9996645415053149
0.9997029407876681
0.9997735888796258
0.9997805891147623
0.999787627315855
0.9997876273160831
0.9997805891145014
0.9997735888797585
0.9997029407875787
0.9996645415054501
0.9990000263373267
0.9988433107544232
0.9922405972616237
0.992353548199862
0.922823740845597
0.9380530013236916
0.14493970146447338
0.4552004605412774
-10.96884067355683
-10.319652990224938
0.4627140353445191
0.21416441043612067
0.9386683153439828
0.9298715706406558
0.9917650099943611
0.992299275615105
0.9980791723180544
0.9983007190088293
0.9988793008452843
0.9989242198091504
0.9989861128739757
0.9989937578423149
0.9990000061256288
0.9990000061257323
0.9989937578423058
0.9989861128740595
0.9989242198090943
0.9988793008453707
0.9983007190086632
0.9980791723180643
0.9922992756152078
0.9917650099944116
0.9298715706407126
0.9386683153440005
0.21416441043632856
0.46271403534436817
-10.319652990224917
-8.586211655362776
0.47971121175322656
0.3875345881689385
0.9377736404781063
0.9442783365572375
0.9881965498321335
0.9902135319239554
0.9942015668942319
0.9945684576236811
0.9949722650252739
0.9950314825013226
0.9950765521643461
0.9950855732913961
0.995090367595937
0.9950903675958478
0.9950855732915415
0.9950765521642158
0.9950314825015427
0.9949722650252256
0.9945684576238383
0.9942015668940776
0.9902135319239239
0.988196549832064
0.9442783365570192
0.9377736404780563
0.38753458816875325
0.4797112117531529
-8.586211655362815
-3.6862193227703646
0.5147859818126106
0.8181280801754471
0.9232905129616796
0.9648014750425411
0.9679835720101004
0.973209865502213
0.9735114693611895
0.9741803948614467
0.9742479903074102
0.9743360433883212
0.9743498944856632
0.9743616882025741
0.9743637902222806
0.9743637902220734
0.9743616882026063
0.9743498944856199
0.9743360433883048
0.9742479903073735
0.9741803948614396
0.9735114693611031
0.9732098655021867
0.9679835720101228
0.964801475042397
0.9232905129616722
0.8181280801755153
0.5147859818125295
-3.6862193227702402
12.223020567763111
0.561415918831917
1.8058143717307926
0.7959524794524658
0.9065555571766277
0.8291232440854834
0.8395854873140152
0.8340364507769791
0.8350324768408098
0.8346765936916178
0.8347674220229071
0.8347499492601541
0.834757159092832
0.8347569322793281
0.8347569322792884
0.8347571590926492
0.8347499492600456
0.8347674220225842
0.8346765936916724
0.8350324768406185
0.8340364507771225
0.8395854873140305
0.8291232440857537
0.9065555571766863
0.7959524794525866
1.8058143717309179
0.5614159188323926
12.223020567762806
112.13918871555427
-6.075402023645125
-4.188448409114665
-12.031776390464668
-12.011366742433125
-12.70848526095294
-12.72224175184678
-12.790837249429778
-12.794150353363513
-12.801354545957182
-12.801948235508297
-12.802746070129222
-12.80284134748183
-12.802923292011618
-12.802923292007954
-12.802841347485966
-12.802746070127185
-12.801948235509794
-12.801354545952751
-12.794150353365417
-12.790837249426993
-12.722241751847164
-12.708485260953347
-12.01136674243239
-12.031776390462557
-4.188448409117475
-6.075402023645273
112.13918871555711