-269.2571335783118
-25.428028791428638
-22.85148083835456
1.0592058048044395
7.164304255233355
12.968169356889085
15.987791690035907
18.152513463092475
19.53585942980471
20.49187344007286
21.142613538244436
21.595755644518967
21.91218640561882
22.135249804915894
22.293255068586266
22.405799389799434
22.48629770927995
22.544099759353642
22.58574013317685
22.615822674462734
22.637604921424217
22.653402665570532
22.66486753360288
22.673180215809424
22.679185197151202
22.68348515144749
22.686507044483477
22.688548214415807
22.68980802305557
22.69040884469277
22.690408844687497
22.689808023050958
22.688548214398313
22.68650704450313
22.68348515147514
22.6791851971496
22.673180215815318
22.664867533582154
22.653402665577666
22.637604921422742
22.615822674483162
22.585740133169786
22.5440997593551
22.486297709278137
22.4057993897812
22.293255068595826
22.135249804931515
21.91218640562779
21.595755644503768
21.1426135382344
20.491873440088778
19.535859429807015
18.152513463088184
15.987791690034154
12.968169356874194
7.164304255224161
1.0592058047846957
-22.851480838354007
-25.428028791398013
-269.2571335783008
-86.2080018908126
-11.086846385995194
-15.144313838806879
-6.0678446737709555
-4.035329115093095
-1.5711609077756747
-0.25899583826953815
0.7455260093851936
1.4071912968183438
1.879350911435333
2.2081778027229073
2.4418705678523542
2.607807420873075
2.7264977861631325
2.811632545331692
2.8729456142723118
2.9172298245983184
2.9493057599701498
2.9725938065857767
2.989536464077767
3.0018824859599835
3.0108882099023293
3.0174580762574204
3.022244057977953
3.025715952333786
3.02821124070929
3.029970380025099
3.0311616331924904
3.031898256975815
3.0322499707016615
3.032249970698904
3.0318982569723927
3.031161633190454
3.029970380029045
3.0282112407168578
3.025715952337528
3.022244057978564
3.017458076255409
3.01088820990251
3.0018824859605093
2.9895364640786912
2.9725938065848183
2.949305759967811
2.917229824594881
2.872945614272862
2.8116325453295103
2.7264977861655035
2.6078074208740034
2.4418705678491883
2.208177802717909
1.8793509114351727
1.4071912968190865
0.7455260093871692
-0.2589958382722805
-1.5711609077813944
-4.0353291150964505
-6.067844673777903
-15.14431383880714
-11.086846385987517
-86.20800189081298
-33.21724999977381
-5.159573088852245
-7.978087229496233
-4.055226227737807
-3.290498760211883
-2.1284834876206133
-1.4970718347366594
-0.9817299523288958
-0.631050610463167
-0.3718537133223385
-0.18646580166900778
-0.051484960298546475
0.04634261791980362
0.11759733551937834
0.16952714712357103
0.20746020662116849
0.2352065903248284
0.2555335902735356
0.27044366905501727
0.28139233786664686
0.2894381110611649
0.29535217379188905
0.2996966962185152
0.3028814915257982
0.3052048281657901
0.3068828712083149
0.3080708277739149
0.30887801390155756
0.309378394850114
0.30961767800055656
0.3096176779995759
0.3093783948482347
0.3088780139010523
0.3080708277746093
0.3068828712108721
0.30520482816682504
0.302881491525795
0.2996966962174213
0.29535217379107465
0.2894381110610855
0.281392337866483
0.27044366905433637
0.2555335902724882
0.23520659032373992
0.2074602066203713
0.16952714712277633
0.11759733551974527
0.04634261792079107
-0.05148496029858883
-0.18646580167018895
-0.3718537133238231
-0.6310506104628507
-0.9817299523276994
-1.497071834737468
-2.128483487622937
-3.2904987602139615
-4.055226227739437
-7.978087229496328
-5.15957308885208
-33.21724999977929
-10.33767990646357
-2.2242292902734224
-3.8305615440227823
-2.3781237314705974
-2.1551973078744844
-1.669472424818805
-1.3983705360528056
-1.1586482183923894
-0.9887066474798137
-0.8574823746507991
-0.7604058690064157
-0.6875143625261311
-0.6332728041300801
-0.5928213331851491
-0.562717474107987
-0.5403106263307356
-0.523641701469287
-0.5112418977083639
-0.5020194125492261
-0.4951611239116981
-0.49006283353341656
-0.4862757541341079
-0.48346701767291894
-0.48139016694004566
-0.4798633194775149
-0.47875302958541854
-0.477962453447938
-0.477422763213763
-0.47708704976665217
-0.47692617028591344
-0.4769261702864196
-0.4770870497674988
-0.47742276321417443
-0.47796245344801674
-0.47875302958468424
-0.4798633194774956
-0.4813901669407201
-0.4834670176737926
-0.48627575413460783
-0.49006283353277247
-0.49516112391120926
-0.5020194125489714
-0.5112418977086568
-0.5236417014702058
-0.5403106263311968
-0.5627174741080962
-0.5928213331846531
-0.6332728041300124
-0.6875143625260629
-0.7604058690066343
-0.8574823746508644
-0.9887066474789126
-1.1586482183914433
-1.3983705360525693
-1.6694724248194541
-2.155197307876148
-2.3781237314715855
-3.8305615440223484
-2.2242292902741356
-10.337679906464452
1.2175564811309387
-0.5847899569994943
-1.4322466707827908
-1.28082795745979
-1.3223063369540182
-1.2108313236814574
-1.1415518581803794
-1.0636896452186229
-1.0027122379811648
-0.9510246854218282
-0.910182463018049
-0.8777410065273892
-0.852462489926514
-0.8328477046978507
-0.8177421818897179
-0.8061555444334392
-0.7973035408094321
-0.7905603243098303
-0.7854368615210947
-0.7815527765729036
-0.7786147237762326
-0.7763976005469123
-0.7747296140252877
-0.7734803274944277
-0.7725513269984207
-0.7718689978747291
-0.7713790212199689
-0.7710422515387036
-0.7708317122933578
-0.7707305077990874
-0.7707305077993382
-0.7708317122936994
-0.7710422515386878
-0.7713790212196212
-0.7718689978739511
-0.7725513269979654
-0.773480327494861
-0.7747296140257777
-0.7763976005472759
-0.778614723775597
-0.7815527765720572
-0.785436861520208
-0.7905603243099202
-0.7973035408100624
-0.8061555444335664
-0.8177421818897601
-0.832847704697855
-0.8524624899266411
-0.8777410065276665
-0.9101824630183182
-0.9510246854222008
-1.0027122379807638
-1.0636896452180031
-1.141551858180033
-1.2108313236819246
-1.3223063369549672
-1.2808279574613044
-1.4322466707827894
-0.5847899569995967
1.217556481131813
7.553305823286167
0.3810777588745736
-0.010526997941933371
-0.584182894606446
-0.7668395151798193
-0.8705345104686333
-0.9183382164269647
-0.9374034414792813
-0.9429762469257711
-0.9410273077414469
-0.9360693086751172
-0.9299584836921694
-0.9238784877261319
-0.9183127547341066
-0.9134796727157704
-0.9094122443915535
-0.9060655432088414
-0.903355559211906
-0.901188095837993
-0.8994713317528816
-0.8981225978578483
-0.8970706851390129
-0.8962561524368118
-0.8956305098090532
-0.895154971093589
-0.8947990997128208
-0.8945395403653742
-0.8943589246710706
-0.8942449899919833
-0.8941899223195762
-0.8941899223200571
-0.8942449899923427
-0.8943589246712715
-0.8945395403648272
-0.8947990997121356
-0.8951549710933813
-0.8956305098093826
-0.8962561524372252
-0.8970706851391481
-0.8981225978577728
-0.8994713317524046
-0.901188095837519
-0.9033555592118682
-0.906065543208985
-0.9094122443918924
-0.9134796727157561
-0.9183127547340622
-0.9238784877257555
-0.9299584836922472
-0.9360693086756519
-0.9410273077419721
-0.9429762469254008
-0.9374034414784969
-0.9183382164263137
-0.870534510469016
-0.7668395151803244
-0.5841828946071257
-0.010526997942220118
0.38107775887428863
7.553305823286619
11.20015739028996
0.966224757796178
0.8512751565047205
-0.14264389942769812
-0.40516978333501186
-0.6361605330849074
-0.7537566823569288
-0.8318133123920655
-0.8784821509704388
-0.9077856911439331
-0.9257333843678944
-0.9367007729208627
-0.9432635847734289
-0.9470866418111199
-0.949215237041433
-0.9503120062263055
-0.9507943862578814
-0.9509232929593483
-0.9508600039081767
-0.9507023932168077
-0.9505083756757919
-0.9503109002028451
-0.9501275831524676
-0.9499668384302047
-0.9498317606930464
-0.9497225568828451
-0.9496380505406712
-0.949576596452087
-0.9495366245395727
-0.9495169523011061
-0.9495169523012819
-0.9495366245395161
-0.9495765964522883
-0.9496380505404824
-0.9497225568824661
-0.9498317606931324
-0.949966838430138
-0.950127583152699
-0.9503109002029465
-0.9505083756763115
-0.9507023932165695
-0.9508600039077515
-0.9509232929591805
-0.9507943862578954
-0.9503120062261958
-0.9492152370411213
-0.9470866418111115
-0.9432635847732422
-0.9367007729214287
-0.925733384368402
-0.9077856911443352
-0.8784821509704798
-0.8318133123915212
-0.7537566823567633
-0.6361605330852105
-0.4051697833348592
-0.14264389942749023
0.8512751565054755
0.96622475779673
11.200157390291222
13.366902943792256
1.3271776354220512
1.3828500697532335
0.13834109050643031
-0.17107873426316333
-0.47905977783835196
-0.6391433865945111
-0.7536183938946679
-0.8259361347359847
-0.8749938042199044
-0.9075960299694135
-0.9296266297078655
-0.9444801072624089
-0.954535029192553
-0.9613394846231795
-0.9659450729830823
-0.9690583538350062
-0.971158957842337
-0.9725722955597476
-0.9735197345396893
-0.9741518851266631
-0.9745712295317456
-0.9748474388484987
-0.9750278025022425
-0.9751443308434826
-0.9752185949571478
-0.9752650172037256
-0.9752930952484299
-0.9753088842154196
-0.9753159528492683
-0.9753159528492361
-0.9753088842148347
-0.9752930952481289
-0.9752650172036734
-0.9752185949571431
-0.9751443308435304
-0.9750278025021152
-0.9748474388482153
-0.9745712295320264
-0.974151885126954
-0.9735197345397705
-0.9725722955597037
-0.9711589578422085
-0.9690583538349844
-0.965945072982332
-0.96133948462319
-0.9545350291927747
-0.9444801072627189
-0.9296266297080322
-0.9075960299697081
-0.8749938042197158
-0.8259361347360203
-0.7536183938946157
-0.639143386594617
-0.4790597778384734
-0.17107873426281608
0.13834109050647023
1.38285006975407
1.327177635422178
13.366902943793615
14.68319369931535
1.5528004048816622
1.7151775586038545
0.31807903679168126
-0.019572857313844776
-0.3749273846332392
-0.5612999354658074
-0.6985338068358735
-0.787015995456452
-0.8486410400815201
-0.8906539117651692
-0.919858014496839
-0.9401397605913253
-0.9543151376802989
-0.9642415584939111
-0.971212714809695
-0.9761167151647161
-0.9795719928554187
-0.9820091889388762
-0.9837296861832083
-0.9849447836981653
-0.9858029605169334
-0.9864086708464336
-0.9868354348637431
-0.9871349548490725
-0.9873434774243637
-0.9874862246787806
-0.9875804621895635
-0.9876375910019971
-0.9876645250951656
-0.9876645250950424
-0.9876375910013726
-0.9875804621892821
-0.9874862246790294
-0.9873434774247092
-0.9871349548490616
-0.9868354348638171
-0.9864086708457782
-0.9858029605170375
-0.9849447836982705
-0.9837296861834037
-0.9820091889390099
-0.9795719928549996
-0.97611671516447
-0.9712127148089502
-0.9642415584941745
-0.9543151376806733
-0.9401397605917737
-0.9198580144966837
-0.8906539117647738
-0.8486410400807827
-0.7870159954564409
-0.698533806836299
-0.561299935465909
-0.37492738463334385
-0.019572857313327724
0.318079036791918
1.7151775586037359
1.55280040488099
14.683193699316384
15.496054346250622
1.6952930597853757
1.9251451801330721
0.4336392860272125
0.07868158944591683
-0.30622046856771395
-0.5090668097267002
-0.6606695247699002
-0.7594258765140132
-0.8290967389820199
-0.8771789532925831
-0.9110448842672465
-0.9348817859588369
-0.9517772070913251
-0.9637810721265178
-0.9723390462029304
-0.9784539473232945
-0.9828326164679599
-0.9859732460111342
-0.9882290103175924
-0.9898508184416076
-0.991017423322579
-0.9918563635743027
-0.9924587102765972
-0.9928894452935999
-0.9931947854790519
-0.9934073399761068
-0.9935497194926868
-0.993637021895488
-0.9936784831061796
-0.9936784831059647
-0.9936370218950982
-0.9935497194924623
-0.9934073399760623
-0.9931947854791352
-0.9928894452942054
-0.9924587102765048
-0.9918563635736868
-0.9910174233221167
-0.989850818441852
-0.9882290103181417
-0.9859732460116684
-0.982832616467674
-0.9784539473229965
-0.9723390462023183
-0.9637810721267264
-0.9517772070921007
-0.9348817859593515
-0.9110448842670844
-0.8771789532918971
-0.8290967389816195
-0.7594258765142403
-0.6606695247702352
-0.5090668097270982
-0.30622046856784
0.07868158944684464
0.4336392860275954
1.9251451801329402
1.6952930597850548
15.496054346251832
16.004366067601545
1.7860335007056527
2.058928640209049
0.5082861553997815
0.14257467798826012
-0.2609566465930448
-0.47423050114421716
-0.6349824509017912
-0.7403167251417484
-0.8151684401003985
-0.8671820482805846
-0.9040861113303684
-0.9302545224463394
-0.9489452836220461
-0.9623293736594443
-0.9719486505745489
-0.9788788961574741
-0.9838835325939809
-0.9875042479340767
-0.9901277817307566
-0.9920308834021994
-0.9934121893980672
-0.994414502753445
-0.9951405780311716
-0.9956642950097265
-0.9960385925986455
-0.996301088972677
-0.9964780376849407
-0.9965870667265051
-0.996639006228637
-0.9966390062286434
-0.996587066726041
-0.9964780376845149
-0.9963010889727322
-0.9960385925987858
-0.9956642950103174
-0.9951405780310609
-0.9944145027528846
-0.9934121893975487
-0.9920308834023583
-0.9901277817313908
-0.9875042479347129
-0.9838835325938902
-0.9788788961569164
-0.9719486505739847
-0.9623293736598029
-0.9489452836227995
-0.9302545224468448
-0.9040861113300873
-0.8671820482800552
-0.8151684401000805
-0.740316725141743
-0.6349824509021268
-0.4742305011445177
-0.26095664659316686
0.1425746779888254
0.5082861554000537
2.0589286402089746
1.7860335007056816
16.004366067602056
16.32538862752714
1.8442116162422235
2.1447575866662407
0.5567075788131883
0.18424174509697178
-0.2311377947286685
-0.4510657438000516
-0.617684687948362
-0.727256415863434
-0.8054612618579564
-0.8600317797244043
-0.8989216643529319
-0.9266219202519469
-0.9464985190818297
-0.9607992311949216
-0.9711272526561803
-0.9786050711458067
-0.9840325036272688
-0.9879793498719001
-0.9908541549132137
-0.992950543954001
-0.9944802096830838
-0.9955960334886809
-0.9964085263799534
-0.9969975070923818
-0.9974204243178895
-0.9977182728053471
-0.9979197721550361
-0.9980442692039656
-0.9981036800043048
-0.9981036800044933
-0.9980442692035321
-0.9979197721548161
-0.997718272805691
-0.9974204243180375
-0.9969975070925947
-0.9964085263797949
-0.9955960334882479
-0.9944802096831306
-0.9929505439539505
-0.9908541549136639
-0.9879793498719287
-0.984032503626957
-0.9786050711455708
-0.9711272526561177
-0.9607992311951246
-0.946498519082094
-0.9266219202522373
-0.8989216643527511
-0.8600317797242367
-0.805461261857711
-0.7272564158630535
-0.6176846879484585
-0.4510657438000909
-0.2311377947288738
0.18424174509703783
0.5567075788131373
2.144757586665978
1.8442116162417777
16.325388627526355
16.52974960224875
1.8817238786502077
2.200134605679883
0.5882343754053254
0.2114893355843953
-0.21147950284134243
-0.435681907016349
-0.6060853413787397
-0.7184010680208398
-0.7987857961381196
-0.8550254011775289
-0.8952169892179752
-0.9239257190583856
-0.9445864703137341
-0.959496084880652
-0.9702971221235883
-0.978142137566471
-0.9838544700275098
-0.9880221581389922
-0.991067953321879
-0.9932965225243859
-0.9949281389200393
-0.9961223371078121
-0.9969947715931262
-0.9976292168435332
-0.9980861381467389
-0.9984087977852589
-0.9986275772673895
-0.9987629851966585
-0.9988276732331054
-0.9988276732334791
-0.9987629851968773
-0.9986275772676045
-0.9984087977855967
-0.9980861381465786
-0.997629216843398
-0.9969947715931955
-0.9961223371079562
-0.9949281389207674
-0.9932965225241128
-0.9910679533218796
-0.9880221581384174
-0.9838544700276306
-0.9781421375667381
-0.9702971221238119
-0.9594960848808499
-0.9445864703134514
-0.9239257190581476
-0.8952169892181283
-0.8550254011776146
-0.7987857961382567
-0.718401068020653
-0.6060853413784137
-0.4356819070160164
-0.2114795028412097
0.21148933558402372
0.588234375404868
2.200134605679997
1.8817238786502037
16.52974960224857
16.66069731138439
1.9060266015874503
2.2360343221255423
0.608828846369886
0.22935335481875468
-0.19850548788220915
-0.42546889575527735
-0.5983256334009741
-0.7124261371720766
-0.7942334882920795
-0.8515661907402241
-0.8926132985841875
-0.9219872716254207
-0.9431672437024448
-0.9584816067922608
-0.9695983193677433
-0.9776893897044745
-0.983593424054859
-0.9879103374141245
-0.9910721636670876
-0.9933908099516998
-0.9950921963396538
-0.9963402522404972
-0.997254042404564
-0.9979199736729085
-0.9984005258495672
-0.9987404804862889
-0.9989713358511463
-0.9991143831393332
-0.9991827704516857
-0.9991827704517812
-0.9991143831397401
-0.9989713358515784
-0.9987404804864473
-0.9984005258491868
-0.9979199736726079
-0.9972540424046468
-0.9963402522411864
-0.9950921963401882
-0.9933908099510174
-0.9910721636660853
-0.9879103374136917
-0.9835934240551414
-0.9776893897047274
-0.9695983193681099
-0.9584816067922795
-0.9431672437016839
-0.9219872716250601
-0.8926132985843426
-0.8515661907410486
-0.7942334882924399
-0.7124261371720354
-0.5983256334006402
-0.42546889575450453
-0.19850548788220032
0.22935335481778324
0.6088288463693929
2.2360343221255956
1.9060266015885814
16.66069731138352
16.745062647657864
1.9218353673397175
2.259401435561876
0.622321093656251
0.24109297437844732
-0.1899322295943096
-0.4186873401739471
-0.5931411269687991
-0.7084068947068256
-0.79114577384043
-0.8491964132447632
-0.8908071410642733
-0.9206207728940019
-0.9421450131997727
-0.957728643080142
-0.9690560859214674
-0.9773119890028039
-0.98334490581921
-0.9877625102488423
-0.9910029180711921
-0.9933827943195359
-0.9951317813240601
-0.9964167144430918
-0.9973589204161076
-0.9980465574980881
-0.9985434497946255
-0.9988953954747173
-0.9991346419216569
-0.9992830063663363
-0.9993539711208121
-0.9993539711208989
-0.999283006367039
-0.999134641922174
-0.9988953954743003
-0.9985434497939034
-0.998046557497813
-0.9973589204165454
-0.9964167144438205
-0.995131781324166
-0.9933827943195126
-0.9910029180704045
-0.9877625102485795
-0.9833449058195567
-0.9773119890033843
-0.969056085922255
-0.9577286430803243
-0.9421450131993292
-0.9206207728935083
-0.8908071410641505
-0.849196413245336
-0.791145773840841
-0.7084068947069699
-0.5931411269681751
-0.4186873401734058
-0.18993222959495987
0.2410929743779203
0.6223210936553927
2.2594014355620073
1.9218353673416049
16.74506264765738
16.799667373617567
1.9321548000450848
2.2746638113486104
0.6311831968517904
0.2488244202194556
-0.1842596477016148
-0.4141820391314087
-0.5896792066917997
-0.7057082377364483
-0.7890588468694126
-0.8475822132304451
-0.8895650526639616
-0.9196697612884409
-0.9414225711028549
-0.9571854969752323
-0.9686536780645267
-0.977020003840831
-0.9831395302406821
-0.9876250149594362
-0.9909185687193138
-0.9933399897624717
-0.9951213780485684
-0.9964314926835534
-0.9973931618326348
-0.9980957093131864
-0.9986038561086203
-0.9989640802302775
-0.9992091310561722
-0.999361178936784
-0.9994339308281884
-0.9994339308283271
-0.9993611789378763
-0.9992091310564377
-0.9989640802296011
-0.9986038561081818
-0.9980957093127178
-0.9973931618327855
-0.9964314926841135
-0.9951213780486929
-0.9933399897623864
-0.9909185687184389
-0.987625014958811
-0.983139530240655
-0.9770200038413184
-0.9686536780650561
-0.9571854969751721
-0.9414225711023435
-0.9196697612881963
-0.8895650526639348
-0.8475822132309863
-0.7890588468698063
-0.7057082377367707
-0.5896792066919475
-0.4141820391314629
-0.18425964770184028
0.24882442021928597
0.6311831968509898
2.274663811348806
1.9321548000465598
16.799667373616835
16.83514926838054
1.9389113944456002
2.284662438139601
0.6370174275569385
0.25392609345249484
-0.18050150947276528
-0.41118695013090023
-0.5873678858457474
-0.7038982709200595
-0.787651615519256
-0.8464869421535806
-0.8887159261916295
-0.9190136486840887
-0.9409184022923724
-0.9568008234140697
-0.9683630491807071
-0.9768033611502445
-0.9829810781832216
-0.9875122976940622
-0.9908417604992372
-0.9932913321535306
-0.9950947378446858
-0.9964220117605493
-0.9973969795030472
-0.9981097409416704
-0.998625615503713
-0.9989915357312653
-0.9992405872270094
-0.999395177201896
-0.9994691634618107
-0.9994691634617627
-0.9993951772022109
-0.9992405872271651
-0.9989915357309891
-0.998625615503152
-0.9981097409413254
-0.997396979503159
-0.9964220117609877
-0.9950947378447754
-0.9932913321532764
-0.9908417604991531
-0.9875122976938779
-0.9829810781830177
-0.9768033611507363
-0.9683630491811547
-0.9568008234139627
-0.9409184022924406
-0.9190136486838139
-0.8887159261917073
-0.846486942154069
-0.7876516155193742
-0.7038982709202934
-0.5873678858456187
-0.41118695013076045
-0.18050150947272914
0.253926093452169
0.6370174275565509
2.2846624381393514
1.9389113944460028
16.835149268380025
16.858283788502156
1.9433469535069217
2.2912298434146763
0.6408661493664441
0.2572984222566854
-0.17800863301534442
-0.40919433842744973
-0.585824576771079
-0.7026850860117984
-0.7867041601422136
-0.8457457582065033
-0.8881378396601656
-0.9185637339841395
-0.9405696107562909
-0.9565317412158956
-0.968156846132044
-0.9766467444128338
-0.9828635567501822
-0.9874255795833795
-0.9907792888053171
-0.9932479164129379
-0.9950662639544082
-0.996405211763326
-0.9973892486575837
-0.9981089915247862
-0.9986301592272644
-0.9989999882122387
-0.9992517892304188
-0.9994081283039633
-0.9994829644826034
-0.9994829644824577
-0.9994081283038875
-0.9992517892302469
-0.9989999882120721
-0.9986301592271492
-0.9981089915245527
-0.9973892486574862
-0.9964052117632899
-0.9950662639545463
-0.9932479164127732
-0.9907792888053217
-0.9874255795831586
-0.9828635567498805
-0.9766467444130544
-0.9681568461319205
-0.956531741215827
-0.9405696107565209
-0.9185637339841426
-0.8881378396600781
-0.8457457582065713
-0.7867041601418296
-0.7026850860120095
-0.5858245767712151
-0.4091943384275734
-0.17800863301542152
0.25729842225688015
0.6408661493663632
2.2912298434143987
1.9433469535070724
16.858283788501524
16.87341241313372
1.9462655744864468
2.295553419889476
0.6434096980138508
0.259531163979668
-0.17635311248579918
-0.40786763409813254
-0.5847937994490088
-0.7018721498267173
-0.786066896043783
-0.8452451190740579
-0.8877454340205331
-0.9182565513353784
-0.9403297998576085
-0.9563451439642088
-0.9680123144831964
-0.9765354565715476
-0.9827785365665341
-0.9873613018022053
-0.9907313748939879
-0.9932128924725857
-0.9950413699159159
-0.9963882496945795
-0.9973784620018245
-0.9981029683915912
-0.9986277544411198
-0.9990002598295977
-0.9992539460719498
-0.9994114856539411
-0.9994869055530424
-0.9994869055528821
-0.9994114856539202
-0.999253946071673
-0.9990002598294909
-0.9986277544416249
-0.9981029683918409
-0.9973784620016164
-0.9963882496943076
-0.9950413699160676
-0.9932128924724475
-0.9907313748943989
-0.987361301802355
-0.9827785365661068
-0.9765354565712441
-0.9680123144830923
-0.9563451439645494
-0.9403297998580551
-0.9182565513354342
-0.887745434020138
-0.8452451190739237
-0.7860668960429311
-0.7018721498270268
-0.5847937994499732
-0.4078676340983152
-0.1763531124859523
0.25953116398037446
0.6434096980143243
2.2955534198896532
1.94626557448648
16.873412413134808
16.883331240615036
1.9481899654097425
2.2984055303056508
0.6450934027313988
0.2610115215767512
-0.17525249693361422
-0.40698362478052286
-0.5841050966483561
-0.7013274645807633
-0.785638544199014
-0.8449073991979092
-0.8874796353713652
-0.9180474834459529
-0.9401656599763737
-0.9562165557917399
-0.9679118829061572
-0.976457319543893
-0.9827180502173833
-0.9873147812734027
-0.9906958944346912
-0.9931861260907474
-0.9950214656115638
-0.9963737293115207
-0.9973681413697866
-0.9980958932560149
-0.9986231487177328
-0.9989974833767501
-0.9992524597143568
-0.9994108215847344
-0.9994866415306798
-0.9994866415301986
-0.9994108215839059
-0.9992524597140836
-0.9989974833769414
-0.9986231487181781
-0.9980958932564475
-0.9973681413698299
-0.9963737293111645
-0.9950214656114034
-0.9931861260909323
-0.990695894435078
-0.9873147812735659
-0.9827180502166873
-0.9764573195433971
-0.967911882905898
-0.956216555792073
-0.9401656599770417
-0.9180474834463821
-0.8874796353709946
-0.8449073991973104
-0.7856385441984184
-0.7013274645806351
-0.5841050966491401
-0.4069836247809837
-0.17525249693418665
0.2610115215771679
0.645093402731463
2.298405530305267
1.948189965409298
16.88333124061544
16.889848939068642
1.949461061097522
2.3002902513336076
0.6462095050926739
0.2619942579653669
-0.17452009068193808
-0.4063941808120041
-0.5836447786558733
-0.7009625122173576
-0.78535074303023
-0.8446797987273541
-0.8872998816679105
-0.917905531221128
-0.940053693243136
-0.9561283561645606
-0.967842538563544
-0.976402930875526
-0.9826755230151838
-0.9872816562132225
-0.9906702154159855
-0.9931663351462725
-0.9950063198533512
-0.9963622347024773
-0.9973594998338144
-0.9980894601740572
-0.9986183985426196
-0.9989939815191182
-0.9992498392083947
-0.9994087633049099
-0.9994848569171486
-0.9994848569169619
-0.999408763304352
-0.9992498392083653
-0.9989939815197613
-0.9986183985433637
-0.9980894601743568
-0.9973594998330124
-0.9963622347019201
-0.9950063198530048
-0.9931663351462554
-0.990670215416485
-0.9872816562136124
-0.9826755230149047
-0.9764029308753457
-0.9678425385631524
-0.9561283561643095
-0.9400536932434886
-0.9179055312215612
-0.8872998816676876
-0.8446797987266763
-0.7853507430296163
-0.7009625122173938
-0.5836447786568073
-0.40639418081314604
-0.17452009068217844
0.2619942579660418
0.6462095050928469
2.300290251333842
1.949461061097547
16.889848939068543
16.89413981241798
1.9503018786831343
2.301537506093342
0.6469502085346961
0.26264731275407316
-0.17403233410384958
-0.40600093091456524
-0.5833370237744439
-0.7007179901299274
-0.7851574478756226
-0.8445265330213574
-0.8871784759698751
-0.9178093332641296
-0.9399775204310059
-0.9560680796478374
-0.9677948925680228
-0.9763653189698226
-0.9826458820198528
-0.987258343796613
-0.9906519232302251
-0.9931520194030685
-0.9949951463937723
-0.9963535351389918
-0.9973527364774235
-0.9980841978070896
-0.9986142815471111
-0.998990715145033
-0.9992471740004809
-0.999406481876013
-0.9994827623823299
-0.9994827623822997
-0.9994064818760366
-0.9992471740001047
-0.9989907151451849
-0.9986142815475041
-0.9980841978069511
-0.9973527364767599
-0.996353535138429
-0.9949951463933542
-0.9931520194030982
-0.9906519232305977
-0.9872583437971536
-0.9826458820194639
-0.9763653189697855
-0.9677948925679285
-0.9560680796479766
-0.9399775204310012
-0.9178093332646065
-0.887178475969774
-0.8445265330212485
-0.7851574478752913
-0.7007179901302496
-0.583337023775101
-0.4060009309149668
-0.17403233410392183
0.262647312754395
0.6469502085344114
2.301537506093188
1.9503018786826993
16.894139812419617
16.896968682119642
1.950858654699684
2.302363748695436
0.6474421564013536
0.263081566917083
-0.17370736418297966
-0.4057385072976518
-0.5831312647461545
-0.7005541959891655
-0.7850276942815284
-0.8444234140745801
-0.8870965833419082
-0.9177442572500004
-0.9399258215232282
-0.9560270142867997
-0.9677622879958936
-0.9763394455372502
-0.9826253634919646
-0.98724208315633
-0.9906390452944405
-0.9931418249029584
-0.9949870756070307
-0.9963471388166059
-0.9973476525641592
-0.9980801326836191
-0.9986109948085203
-0.998988007114372
-0.9992448753357155
-0.9994044447247928
-0.9994808526380627
-0.9994808526378745
-0.9994044447252437
-0.999244875335802
-0.9989880071143467
-0.9986109948083073
-0.9980801326836521
-0.9973476525644343
-0.9963471388166555
-0.994987075607149
-0.9931418249026068
-0.990639045294299
-0.987242083156352
-0.982625363491774
-0.9763394455375394
-0.9677622879960021
-0.956027014286511
-0.9399258215233931
-0.9177442572505004
-0.8870965833417488
-0.8444234140751674
-0.7850276942815804
-0.7005541959894379
-0.5831312647461584
-0.40573850729781025
-0.1737073641836706
0.2630815669170624
0.6474421564014037
2.3023637486957416
1.9508586546983722
16.89696868212152
16.898834910476708
1.9512274580148015
2.30291124946149
0.6477689089665493
0.26337031303733793
-0.1734909037685201
-0.40556345755772094
-0.5829937817592934
-0.7004445680492744
-0.7849406878758257
-0.8443541288494812
-0.8870414375667266
-0.9177003270326538
-0.9398908238216261
-0.9559991259529257
-0.9677400635577946
-0.9763217329676168
-0.9826112450530287
-0.9872308263932783
-0.9906300651044414
-0.993134653149917
-0.9949813370346332
-0.996342531768771
-0.9973439335343446
-0.9980771038473495
-0.9986084938943849
-0.9989858990862195
-0.999243045453749
-0.9994027926385427
-0.999479287204537
-0.9994792872045469
-0.9994027926393105
-0.999243045454058
-0.9989858990857561
-0.998608493894326
-0.9980771038476124
-0.9973439335348339
-0.9963425317692116
-0.994981337034438
-0.9931346531498454
-0.9906300651044695
-0.9872308263934513
-0.982611245053571
-0.9763217329679786
-0.9677400635585602
-0.9559991259532958
-0.9398908238214652
-0.9177003270323729
-0.887041437566876
-0.844354128849905
-0.7849406878762393
-0.7004445680494824
-0.5829937817591277
-0.40556345755741896
-0.1734909037684602
0.26337031303702285
0.6477689089662156
2.302911249462304
1.9512274580153925
16.89883491047784
16.900065052748175
1.9514714651388876
2.303273612541256
0.6479856328286133
0.26356201716865185
-0.17334696409892839
-0.4054469050540812
-0.5829021046783187
-0.7003713560487362
-0.784882487646837
-0.844307701309913
-0.8870044133308366
-0.9176707697629458
-0.9398672201052197
-0.9559802659996166
-0.9677249872067628
-0.9763096741728348
-0.982601592898253
-0.98722309275095
-0.9906238595870633
-0.9931296630257858
-0.9949773112905189
-0.9963392683437724
-0.9973412690762237
-0.9980749054393117
-0.9986066523254344
-0.9989843233169572
-0.9992416579978586
-0.9994015256236
-0.9994780789086419
-0.9994780789087814
-0.9994015256241012
-0.9992416579985965
-0.9989843233168574
-0.9986066523250989
-0.998074905439436
-0.9973412690764707
-0.9963392683442895
-0.9949773112906379
-0.9931296630258261
-0.9906238595865919
-0.9872230927508545
-0.982601592898624
-0.9763096741739432
-0.9677249872078271
-0.9559802659993447
-0.9398672201046944
-0.9176707697624552
-0.8870044133307207
-0.8443077013103855
-0.7848824876475531
-0.7003713560486724
-0.5829021046779572
-0.4054469050535422
-0.1733469640991004
0.26356201716792593
0.6479856328280098
2.3032736125412017
1.9514714651396043
16.900065052747
16.900872658787144
1.951632200749054
2.3035123894955842
0.6481287160103273
0.26368869370221876
-0.17325171592081157
-0.40536969165743497
-0.5828412901979534
-0.7003227266779845
-0.7848437740474632
-0.8442767715766226
-0.8869797068446943
-0.9176510098743518
-0.9398514081263281
-0.9559676028649037
-0.967714838148023
-0.9763015322746582
-0.9825950535058847
-0.987217832217407
-0.9906196187980891
-0.993126234181988
-0.9949745274071856
-0.9963369948355015
-0.9973393969951044
-0.9980733460120337
-0.9986053325023747
-0.998983182110694
-0.9992406434213736
-0.9994005920748917
-0.9994771848761259
-0.9994771848763286
-0.9994005920757814
-0.9992406434223566
-0.9989831821112711
-0.9986053325026271
-0.9980733460120924
-0.9973393969952978
-0.9963369948359988
-0.9949745274076442
-0.993126234181334
-0.9906196187972787
-0.987217832217117
-0.9825950535063224
-0.9763015322756984
-0.9677148381486127
-0.9559676028640112
-0.9398514081256184
-0.9176510098737856
-0.8869797068448553
-0.844276771576741
-0.7848437740483221
-0.7003227266778116
-0.5828412901976215
-0.40536969165746206
-0.17325171592129018
0.2636886937015842
0.6481287160096312
2.3035123894955687
1.9516322007499798
16.900872658787186
16.901396931138024
1.9517368566636677
2.303667902901272
0.6482220616321054
0.2637713995270544
-0.1731894531479023
-0.405319168174592
-0.5828014515961224
-0.7002908343828196
-0.7848183535925277
-0.8442564358667171
-0.8869634398339906
-0.91763797967266
-0.9398409634650969
-0.955959222235633
-0.9677081069375686
-0.9762961191068327
-0.9825906936293717
-0.987214313695022
-0.990616771797336
-0.9931239223735009
-0.9949726411274944
-0.9963354456028655
-0.9973381131009529
-0.9980722689535879
-0.9986044140776575
-0.9989823820229456
-0.999239927275243
-0.9993999296640546
-0.9994765486786621
-0.9994765486783161
-0.9993999296639772
-0.9992399272750107
-0.9989823820226758
-0.998604414077763
-0.9980722689531099
-0.9973381131009745
-0.9963354456032357
-0.994972641127714
-0.9931239223731633
-0.990616771797562
-0.9872143136943144
-0.9825906936297053
-0.9762961191075208
-0.9677081069380246
-0.9559592222356783
-0.9398409634648127
-0.9176379796725522
-0.8869634398342758
-0.8442564358670985
-0.7848183535929948
-0.7002908343823386
-0.5828014515961257
-0.40531916817458913
-0.17318945314790496
0.2637713995266674
0.6482220616316505
2.3036679029010765
1.9517368566632343
16.901396931138716
16.901727670961236
1.951803045106001
2.303766279327024
0.6482811942247513
0.26382382568201446
-0.17314994541732887
-0.4052870831812115
-0.5827761281722521
-0.7002705432157414
-0.7848021638130516
-0.8442434707423718
-0.8869530568143502
-0.9176296522836884
-0.9398342792771069
-0.9559538507690124
-0.9677037852754001
-0.9762926369706816
-0.982587882901045
-0.9872120396951418
-0.9906149265221224
-0.9931224190540374
-0.9949714099094447
-0.9963344300727376
-0.9973372674963299
-0.9980715559024764
-0.9986038027553821
-0.9989818466305938
-0.9992394457684088
-0.9993994826638258
-0.9994761185149021
-0.9994761185147953
-0.9993994826639531
-0.999239445768684
-0.9989818466306907
-0.998603802755749
-0.9980715559027422
-0.9973372674963968
-0.9963344300725472
-0.994971409908873
-0.9931224190541841
-0.9906149265225386
-0.9872120396953792
-0.9825878829016386
-0.9762926369710376
-0.9677037852748683
-0.9559538507690213
-0.9398342792764954
-0.9176296522841034
-0.8869530568139079
-0.8442434707427768
-0.7848021638134007
-0.7002705432156147
-0.5827761281728892
-0.40528708318157025
-0.17314994541733467
0.26382382568262985
0.6482811942260558
2.3037662793269726
1.951803045105942
16.901727670962288
16.901921231955836
1.951841855617995
2.303823974448982
0.6483159110880694
0.26385462025340983
-0.1731267210510262
-0.4052682105315143
-0.5827612221039231
-0.7002585909146688
-0.7847926201851438
-0.8442358219336816
-0.8869469260694204
-0.9176247307361887
-0.9398303248469272
-0.9559506693783368
-0.9677012224453041
-0.9762905690851056
-0.9825862110754562
-0.9872106846701789
-0.9906138246992444
-0.9931215193092544
-0.9949706710578686
-0.9963338188321059
-0.997336756848026
-0.9980711237646727
-0.9986034308996742
-0.9989815197887686
-0.9992391508829648
-0.9993992082488763
-0.9994758540891269
-0.9994758540885099
-0.9993992082480978
-0.9992391508826224
-0.9989815197885392
-0.9986034309002241
-0.9980711237651961
-0.9973367568476643
-0.9963338188316593
-0.9949706710571141
-0.9931215193094771
-0.9906138246998754
-0.9872106846710426
-0.9825862110754018
-0.9762905690850077
-0.9677012224450585
-0.9559506693787592
-0.9398303248472861
-0.9176247307369736
-0.8869469260695657
-0.8442358219334112
-0.7847926201854096
-0.7002585909144556
-0.5827612221046272
-0.4052682105315084
-0.1731267210504538
0.26385462025437273
0.6483159110891483
2.303823974448375
1.9518418556183872
16.901921231955114
16.902010460959858
1.9518597685999328
2.3038506067721967
0.6483319474043255
0.26386884919146825
-0.17311598477560114
-0.40525948258852085
-0.5827543254798337
-0.7002530584924131
-0.7847882005898772
-0.844232278062857
-0.8869440840358966
-0.9176224479350135
-0.9398284894742062
-0.955949191770537
-0.9677000312101639
-0.9762896070748543
-0.9825854325605172
-0.9872100529845054
-0.9906133104096919
-0.9931210987483892
-0.9949703251505413
-0.9963335321571858
-0.9973365168807409
-0.9980709202643089
-0.9986032554083204
-0.9989813652174995
-0.9992390111666805
-0.9993990780494719
-0.9994757285335809
-0.9994757285329954
-0.9993990780484229
-0.9992390111659633
-0.9989813652176889
-0.9986032554089883
-0.9980709202651359
-0.9973365168805444
-0.9963335321564049
-0.9949703251497914
-0.9931210987484846
-0.9906133104108945
-0.9872100529853736
-0.9825854325603831
-0.976289607074484
-0.9677000312097821
-0.9559491917704324
-0.9398284894746054
-0.917622447935613
-0.8869440840357101
-0.8442322780620322
-0.7847882005897315
-0.7002530584918683
-0.5827543254806766
-0.405259482588773
-0.17311598477511586
0.2638688491922463
0.6483319474054772
2.303850606771262
1.9518597685999115
16.902010460959247
16.90201046095516
1.951859768599768
2.30385060677277
0.6483319474047067
0.2638688491914699
-0.17311598477570755
-0.4052594825888409
-0.5827543254804926
-0.7002530584929658
-0.78478820059025
-0.8442322780628062
-0.8869440840359868
-0.9176224479352347
-0.9398284894743953
-0.9559491917710614
-0.9677000312101046
-0.9762896070746374
-0.9825854325604697
-0.9872100529843301
-0.9906133104098912
-0.993121098748619
-0.9949703251506214
-0.9963335321570685
-0.9973365168803938
-0.9980709202643026
-0.9986032554083493
-0.9989813652172834
-0.9992390111667935
-0.999399078049094
-0.9994757285335095
-0.9994757285333256
-0.9993990780485834
-0.9992390111665035
-0.9989813652181285
-0.9986032554091335
-0.9980709202652411
-0.9973365168804511
-0.9963335321562193
-0.9949703251498772
-0.9931210987487094
-0.9906133104109864
-0.9872100529848561
-0.9825854325605494
-0.9762896070743647
-0.9677000312095274
-0.955949191770606
-0.9398284894745557
-0.9176224479353767
-0.8869440840352663
-0.8442322780621375
-0.7847882005901037
-0.7002530584927881
-0.5827543254811131
-0.40525948258967703
-0.17311598477607953
0.26386884919193493
0.6483319474056746
2.30385060677221
1.9518597685995909
16.902010460954337
16.901921231951576
1.9518418556171606
2.3038239744494255
0.6483159110896118
0.26385462025496575
-0.17312672104962556
-0.4052682105309242
-0.5827612221043896
-0.7002585909155697
-0.7847926201860203
-0.8442358219340558
-0.8869469260695609
-0.9176247307361143
-0.9398303248468969
-0.9559506693788276
-0.9677012224456873
-0.9762905690852535
-0.9825862110753677
-0.987210684670166
-0.9906138246995458
-0.9931215193098757
-0.994970671058196
-0.9963338188317258
-0.9973367568477558
-0.998071123764918
-0.9986034309002447
-0.9989815197892293
-0.9992391508836942
-0.9993992082484293
-0.9994758540882323
-0.9994758540879283
-0.9993992082480114
-0.9992391508836437
-0.998981519789651
-0.998603430900687
-0.9980711237647343
-0.997336756847419
-0.9963338188317119
-0.9949706710580144
-0.9931215193100242
-0.9906138247000483
-0.9872106846700988
-0.982586211075523
-0.9762905690853998
-0.9677012224454058
-0.955950669379118
-0.9398303248464901
-0.9176247307360924
-0.8869469260689519
-0.8442358219340361
-0.784792620185941
-0.7002585909153344
-0.5827612221049769
-0.40526821053102763
-0.17312672104984128
0.26385462025467565
0.648315911089455
2.3038239744497018
1.9518418556184032
16.90192123194914
16.901727670965826
1.9518030451067194
2.303766279328336
0.6482811942270641
0.2638238256843194
-0.17314994541564205
-0.40528708318102813
-0.5827761281726158
-0.7002705432162047
-0.7848021638132375
-0.8442434707426469
-0.8869530568147275
-0.9176296522842686
-0.9398342792777823
-0.9559538507694664
-0.9677037852754822
-0.9762926369704459
-0.9825878829006269
-0.9872120396953608
-0.9906149265224642
-0.9931224190545469
-0.9949714099098036
-0.9963344300732935
-0.997337267496558
-0.9980715559026947
-0.9986038027554065
-0.9989818466305015
-0.9992394457681462
-0.9993994826641038
-0.9994761185150672
-0.999476118515182
-0.9993994826643504
-0.999239445768855
-0.9989818466304037
-0.998603802755371
-0.9980715559025617
-0.997337267496806
-0.9963344300731172
-0.9949714099097569
-0.9931224190548232
-0.9906149265225472
-0.9872120396955315
-0.9825878829010495
-0.9762926369706955
-0.9677037852749208
-0.9559538507684409
-0.9398342792768648
-0.917629652283848
-0.8869530568148598
-0.8442434707427515
-0.7848021638139988
-0.7002705432157793
-0.5827761281725441
-0.4052870831806126
-0.17314994541629
0.2638238256842306
0.648281194227445
2.303766279329175
1.9518030451084005
16.901727670965634
16.901396931130463
1.9517368566630606
2.3036679029017133
0.6482220616324077
0.26377139952751927
-0.17318945314736856
-0.4053191681749765
-0.5828014515970421
-0.700290834384328
-0.7848183535939526
-0.844256435867323
-0.8869634398338506
-0.9176379796719853
-0.9398409634649727
-0.9559592222359985
-0.9677081069379361
-0.9762961191066055
-0.982590693628646
-0.9872143136944543
-0.9906167717974639
-0.9931239223739436
-0.9949726411279898
-0.9963354456028236
-0.9973381131007192
-0.9980722689540542
-0.9986044140785648
-0.9989823820238275
-0.9992399272753574
-0.9993999296638294
-0.9994765486778098
-0.9994765486776449
-0.9993999296640832
-0.9992399272755497
-0.9989823820232973
-0.9986044140778783
-0.9980722689533537
-0.997338113100289
-0.9963354456030076
-0.9949726411281687
-0.9931239223738065
-0.9906167717970278
-0.9872143136941438
-0.9825906936284476
-0.9762961191071544
-0.9677081069381865
-0.9559592222355222
-0.939840963464809
-0.9176379796718168
-0.8869634398345847
-0.8442564358674185
-0.7848183535942725
-0.7002908343838308
-0.5828014515965168
-0.4053191681742263
-0.1731894531470529
0.263771399527977
0.6482220616320876
2.3036679029011244
1.9517368566630098
16.90139693113229
16.900872658787428
1.951632200751199
2.3035123894966656
0.6481287160102265
0.26368869370199144
-0.17325171592106625
-0.40536969165758513
-0.5828412901981682
-0.7003227266779701
-0.784843774047285
-0.8442767715764081
-0.8869797068444206
-0.9176510098746495
-0.9398514081267455
-0.9559676028650446
-0.9677148381482705
-0.9763015322750004
-0.9825950535061656
-0.9872178322175382
-0.9906196187980658
-0.9931262341818705
-0.9949745274073306
-0.9963369948358567
-0.9973393969957765
-0.9980733460123397
-0.9986053325025392
-0.9989831821109041
-0.9992406434212653
-0.9994005920744875
-0.999477184875879
-0.9994771848762625
-0.999400592075567
-0.9992406434219847
-0.9989831821108828
-0.9986053325018263
-0.9980733460115874
-0.9973393969952171
-0.9963369948360374
-0.99497452740742
-0.9931262341812823
-0.9906196187969933
-0.9872178322168064
-0.9825950535063286
-0.9763015322752293
-0.9677148381487896
-0.9559676028648852
-0.9398514081259802
-0.9176510098743054
-0.8869797068446403
-0.8442767715769908
-0.784843774048071
-0.7003227266780492
-0.5828412901978273
-0.4053696916569303
-0.17325171592024532
0.26368869370212433
0.6481287160097369
2.303512389496302
1.951632200749814
16.9008726587897
16.900065052749497
1.9514714651386813
2.303273612540831
0.6479856328273133
0.2635620171678845
-0.1733469640991812
-0.4054469050540559
-0.5829021046785048
-0.7003713560485871
-0.7848824876465773
-0.8443077013097979
-0.8870044133307973
-0.9176707697626145
-0.9398672201046974
-0.9559802659995096
-0.9677249872068538
-0.9763096741735529
-0.9826015928988743
-0.9872230927512333
-0.9906238595869143
-0.9931296630260069
-0.9949773112906222
-0.9963392683439166
-0.9973412690762267
-0.9980749054391205
-0.9986066523252857
-0.9989843233166498
-0.9992416579981583
-0.9994015256236147
-0.9994780789089974
-0.9994780789091435
-0.999401525624511
-0.999241657998844
-0.9989843233163792
-0.9986066523241781
-0.9980749054387231
-0.9973412690763108
-0.9963392683440955
-0.9949773112905969
-0.9931296630254656
-0.990623859586629
-0.9872230927506485
-0.982601592898719
-0.976309674173401
-0.9677249872070147
-0.9559802659989469
-0.939867220104532
-0.9176707697626221
-0.8870044133308566
-0.8443077013112715
-0.7848824876468058
-0.7003713560480909
-0.5829021046775054
-0.4054469050531957
-0.17334696409947706
0.2635620171675826
0.647985632827025
2.303273612540401
1.9514714651381477
16.900065052748523
16.89883491047737
1.95122745801293
2.3029112494609807
0.6477689089656662
0.26337031303658975
-0.1734909037694552
-0.4055634575584421
-0.5829937817593143
-0.7004445680489737
-0.7849406878755281
-0.8443541288494123
-0.8870414375669563
-0.9177003270327726
-0.9398908238212969
-0.9559991259525755
-0.9677400635573161
-0.9763217329675766
-0.9826112450533333
-0.9872308263936114
-0.9906300651044158
-0.9931346531497129
-0.9949813370341565
-0.9963425317687109
-0.9973439335346055
-0.9980771038478078
-0.9986084938942663
-0.998985899085525
-0.999243045453418
-0.9994027926387322
-0.9994792872049798
-0.9994792872050062
-0.9994027926396404
-0.9992430454535741
-0.9989858990854082
-0.9986084938944001
-0.9980771038478422
-0.9973439335346163
-0.9963425317688411
-0.9949813370344275
-0.9931346531496484
-0.9906300651040074
-0.9872308263933585
-0.9826112450528156
-0.9763217329676541
-0.9677400635576748
-0.9559991259530728
-0.9398908238212587
-0.9177003270326992
-0.8870414375669227
-0.8443541288497728
-0.7849406878747005
-0.7004445680487319
-0.5829937817591069
-0.40556345755775935
-0.17349090376984927
0.2633703130361418
0.6477689089648508
2.3029112494610837
1.9512274580147766
16.89883491047523
16.896968682123042
1.950858654698325
2.302363748694419
0.6474421564003123
0.2630815669166947
-0.17370736418303576
-0.40573850729754324
-0.5831312647455933
-0.7005541959886692
-0.7850276942812648
-0.8444234140743996
-0.8870965833420336
-0.917744257249973
-0.9399258215233331
-0.956027014286881
-0.9677622879962664
-0.9763394455377561
-0.9826253634923773
-0.9872420831564046
-0.9906390452940695
-0.9931418249021695
-0.9949870756064605
-0.9963471388164155
-0.997347652564428
-0.9980801326839626
-0.998610994808573
-0.9989880071142327
-0.9992448753349431
-0.9994044447244455
-0.9994808526373263
-0.9994808526375447
-0.999404444725134
-0.9992448753355663
-0.9989880071147195
-0.9986109948088162
-0.9980801326840258
-0.9973476525641074
-0.9963471388165046
-0.994987075606375
-0.9931418249021549
-0.9906390452937981
-0.98724208315671
-0.9826253634917471
-0.9763394455378815
-0.9677622879962493
-0.9560270142865395
-0.9399258215233472
-0.917744257249986
-0.8870965833411352
-0.8444234140746205
-0.785027694280868
-0.7005541959886008
-0.583131264746221
-0.4057385072977513
-0.1737073641839783
0.26308156691701556
0.6474421564013177
2.302363748694738
1.950858654698808
16.896968682121592
16.894139812420512
1.9503018786809063
2.3015375060927843
0.646950208534309
0.26264731275364217
-0.17403233410398583
-0.40600093091473677
-0.5833370237739417
-0.7007179901290441
-0.7851574478751373
-0.8445265330216163
-0.8871784759702955
-0.9178093332644155
-0.9399775204307446
-0.9560680796475352
-0.9677948925676492
-0.9763653189699004
-0.982645882020016
-0.9872583437964778
-0.9906519232301748
-0.9931520194027819
-0.9949951463933593
-0.9963535351390062
-0.9973527364775328
-0.9980841978073072
-0.9986142815469894
-0.9989907151440387
-0.9992471739998038
-0.9994064818765542
-0.9994827623831655
-0.9994827623829714
-0.9994064818755829
-0.9992471739994557
-0.998990715144346
-0.9986142815469286
-0.9980841978071081
-0.9973527364769554
-0.9963535351385656
-0.9949951463930402
-0.9931520194026621
-0.9906519232306961
-0.9872583437969757
-0.9826458820198365
-0.976365318969838
-0.9677948925676165
-0.9560680796478133
-0.9399775204313556
-0.9178093332649178
-0.8871784759703865
-0.8445265330210394
-0.7851574478745812
-0.7007179901290724
-0.5833370237742155
-0.40600093091533285
-0.17403233410451707
0.26264731275475683
0.6469502085350503
2.3015375060927825
1.9503018786821495
16.89413981242211
16.88984893907363
1.9494610610960974
2.3002902513329975
0.646209505091935
0.26199425796451614
-0.17452009068184032
-0.4063941808116756
-0.5836447786556187
-0.7009625122174465
-0.7853507430301481
-0.8446797987269654
-0.8872998816673376
-0.9179055312210658
-0.9400536932429628
-0.9561283561643565
-0.9678425385630245
-0.9764029308748456
-0.9826755230149172
-0.9872816562128722
-0.9906702154160805
-0.9931663351463531
-0.9950063198532468
-0.9963622347023011
-0.9973594998334091
-0.9980894601735992
-0.9986183985423228
-0.9989939815193032
-0.9992498392090126
-0.9994087633049665
-0.9994848569173296
-0.9994848569171126
-0.9994087633043771
-0.9992498392081772
-0.9989939815193463
-0.9986183985430157
-0.9980894601737873
-0.9973594998330209
-0.9963622347017059
-0.995006319852815
-0.9931663351463109
-0.9906702154166983
-0.987281656213416
-0.9826755230147117
-0.976402930874763
-0.9678425385632317
-0.9561283561644576
-0.9400536932434334
-0.9179055312215844
-0.8872998816672323
-0.844679798727036
-0.785350743029462
-0.7009625122171044
-0.5836447786568817
-0.40639418081229944
-0.17452009068197405
0.2619942579657343
0.646209505092306
2.300290251333231
1.9494610610962835
16.88984893907292
16.883331240614762
1.9481899654092245
2.298405530304839
0.6450934027313026
0.26101152157724955
-0.175252496933203
-0.40698362478042294
-0.5841050966487384
-0.7013274645807084
-0.7856385441985905
-0.8449073991975771
-0.8874796353711504
-0.9180474834458505
-0.9401656599763979
-0.9562165557918709
-0.9679118829058554
-0.976457319543596
-0.9827180502171247
-0.9873147812732648
-0.9906958944345706
-0.9931861260909909
-0.9950214656116825
-0.9963737293114797
-0.9973681413694195
-0.9980958932562001
-0.9986231487181172
-0.9989974833772806
-0.9992524597148671
-0.9994108215845801
-0.9994866415303427
-0.9994866415299011
-0.9994108215836845
-0.9992524597144254
-0.9989974833770918
-0.9986231487179754
-0.9980958932558948
-0.9973681413695478
-0.9963737293110217
-0.9950214656118472
-0.993186126091036
-0.990695894435335
-0.9873147812731146
-0.982718050216596
-0.976457319543941
-0.9679118829057953
-0.9562165557922002
-0.9401656599771144
-0.9180474834464653
-0.8874796353708968
-0.8449073991979072
-0.7856385441982134
-0.7013274645810066
-0.5841050966491333
-0.4069836247802912
-0.1752524969333378
0.2610115215774991
0.645093402731019
2.2984055303047626
1.948189965408823
16.8833312406136
16.873412413127816
1.9462655744873358
2.2955534198901626
0.6434096980149939
0.2595311639807545
-0.1763531124853392
-0.40786763409840293
-0.584793799450024
-0.7018721498278183
-0.7860668960443362
-0.8452451190745118
-0.8877454340205926
-0.9182565513352727
-0.9403297998578833
-0.956345143964421
-0.968012314483546
-0.9765354565715704
-0.982778536566531
-0.9873613018018903
-0.9907313748937174
-0.9932128924725565
-0.9950413699162268
-0.9963882496943179
-0.9973784620016104
-0.9981029683915148
-0.9986277544411704
-0.9990002598299261
-0.9992539460720765
-0.9994114856540917
-0.9994869055528374
-0.9994869055526501
-0.9994114856543405
-0.9992539460723846
-0.9990002598297265
-0.9986277544414449
-0.998102968391454
-0.997378462001602
-0.996388249694766
-0.995041369916224
-0.9932128924725825
-0.990731374894515
-0.9873613018024539
-0.9827785365666497
-0.9765354565717583
-0.9680123144833723
-0.9563451439646498
-0.9403297998580544
-0.9182565513354399
-0.8877454340206302
-0.8452451190746111
-0.7860668960439794
-0.7018721498278186
-0.5847937994499695
-0.4078676340982535
-0.17635311248510227
0.25953116398077813
0.64340969801458
2.2955534198902816
1.9462655744876844
16.873412413128882
16.858283788500703
1.9433469535081938
2.2912298434167857
0.6408661493681647
0.2572984222577852
-0.1780086330149577
-0.4091943384274643
-0.5858245767712498
-0.7026850860125384
-0.7867041601427847
-0.8457457582070433
-0.8881378396601751
-0.9185637339841672
-0.9405696107567505
-0.9565317412160175
-0.9681568461323096
-0.9766467444125122
-0.9828635567498701
-0.9874255795833564
-0.9907792888058387
-0.993247916413281
-0.9950662639547665
-0.9964052117634734
-0.9973892486576955
-0.9981089915245849
-0.9986301592271032
-0.9989999882126573
-0.9992517892301945
-0.9994081283035104
-0.9994829644824575
-0.9994829644825837
-0.9994081283042497
-0.99925178923017
-0.9989999882124059
-0.9986301592274851
-0.998108991524689
-0.9973892486578876
-0.9964052117634801
-0.9950662639550603
-0.9932479164134926
-0.9907792888056317
-0.9874255795829728
-0.982863556749717
-0.9766467444125444
-0.9681568461324006
-0.9565317412160004
-0.9405696107568318
-0.9185637339842135
-0.8881378396597464
-0.845745758206579
-0.7867041601417881
-0.7026850860121804
-0.5858245767712014
-0.4091943384271838
-0.17800863301431655
0.2572984222577399
0.6408661493678598
2.291229843416123
1.9433469535084231
16.85828378850131
16.83514926837964
1.9389113944472873
2.284662438141302
0.6370174275576661
0.2539260934532622
-0.18050150947172225
-0.4111869501308003
-0.5873678858464063
-0.7038982709210885
-0.7876516155202435
-0.8464869421541013
-0.8887159261917071
-0.919013648684074
-0.9409184022923732
-0.956800823414354
-0.9683630491807755
-0.9768033611500084
-0.9829810781829632
-0.9875122976939555
-0.9908417604996844
-0.9932913321543929
-0.9950947378449515
-0.996422011760637
-0.997396979502573
-0.9981097409415092
-0.9986256155039648
-0.9989915357317085
-0.9992405872279249
-0.9993951772018929
-0.9994691634618246
-0.9994691634613659
-0.9993951772021235
-0.9992405872278978
-0.9989915357315775
-0.9986256155036224
-0.9981097409416045
-0.997396979503357
-0.9964220117616513
-0.9950947378455542
-0.9932913321539139
-0.9908417604993727
-0.987512297693846
-0.9829810781830844
-0.9768033611507321
-0.9683630491812995
-0.9568008234144328
-0.940918402292555
-0.9190136486835184
-0.8887159261911239
-0.8464869421539983
-0.7876516155196104
-0.7038982709204928
-0.5873678858455524
-0.4111869501298438
-0.18050150947205473
0.25392609345351635
0.6370174275574556
2.2846624381397165
1.938911394446615
16.83514926838198
16.79966737361408
1.9321548000461632
2.2746638113495248
0.6311831968524497
0.2488244202194158
-0.1842596477014723
-0.41418203913177654
-0.589679206692354
-0.7057082377373259
-0.7890588468700227
-0.8475822132305431
-0.8895650526639869
-0.9196697612884437
-0.9414225711030035
-0.9571854969754685
-0.9686536780647947
-0.9770200038413368
-0.98313953024078
-0.9876250149591432
-0.9909185687193407
-0.9933399897627155
-0.995121378048172
-0.9964314926834807
-0.9973931618324922
-0.9980957093129001
-0.9986038561086164
-0.9989640802301738
-0.9992091310565003
-0.9993611789369259
-0.9994339308282385
-0.9994339308283964
-0.9993611789379107
-0.9992091310567647
-0.9989640802298492
-0.9986038561086784
-0.9980957093123977
-0.997393161832638
-0.9964314926841723
-0.9951213780488908
-0.9933399897620552
-0.9909185687182609
-0.9876250149582932
-0.9831395302404075
-0.9770200038411971
-0.9686536780651621
-0.9571854969756326
-0.9414225711020965
-0.919669761287647
-0.8895650526641445
-0.8475822132317138
-0.7890588468703168
-0.7057082377372779
-0.5896792066921459
-0.4141820391311518
-0.18425964770178915
0.2488244202194404
0.6311831968516254
2.2746638113496966
1.9321548000460034
16.799667373616487
16.74506264765826
1.9218353673414863
2.25940143556204
0.6223210936566232
0.24109297437818006
-0.18993222959431866
-0.418687340173985
-0.593141126968506
-0.708406894706241
-0.7911457738401627
-0.8491964132447694
-0.8908071410646128
-0.920620772894031
-0.9421450131998581
-0.9577286430802684
-0.9690560859216433
-0.9773119890028544
-0.9833449058192506
-0.9877625102490193
-0.9910029180708124
-0.9933827943190279
-0.9951317813235706
-0.9964167144430687
-0.9973589204161284
-0.99804655749832
-0.9985434497950373
-0.9988953954748164
-0.9991346419215642
-0.9992830063660878
-0.9993539711207391
-0.9993539711208945
-0.999283006366601
-0.9991346419211926
-0.9988953954741097
-0.9985434497936638
-0.9980465574977301
-0.9973589204166059
-0.9964167144438306
-0.9951317813245997
-0.9933827943193954
-0.9910029180706397
-0.9877625102486367
-0.9833449058196582
-0.9773119890036497
-0.9690560859224053
-0.9577286430800835
-0.9421450131993099
-0.9206207728936278
-0.8908071410644329
-0.8491964132454366
-0.7911457738400154
-0.7084068947061561
-0.5931411269680014
-0.41868734017317105
-0.18993222959425599
0.24109297437750327
0.6223210936562791
2.259401435562233
1.9218353673408402
16.74506264766022
16.660697311384475
1.9060266015864609
2.236034322123988
0.608828846368818
0.22935335481736618
-0.19850548788317246
-0.4254688957561058
-0.5983256334010989
-0.7124261371717691
-0.7942334882914197
-0.8515661907395475
-0.8926132985837273
-0.9219872716251639
-0.9431672437020382
-0.9584816067917385
-0.9695983193672981
-0.9776893897047501
-0.9835934240553557
-0.9879103374144793
-0.9910721636668599
-0.9933908099512068
-0.995092196339378
-0.996340252240433
-0.9972540424049267
-0.9979199736733531
-0.9984005258496955
-0.9987404804863962
-0.9989713358511221
-0.9991143831397127
-0.9991827704515275
-0.9991827704515497
-0.999114383139632
-0.9989713358513017
-0.9987404804860284
-0.9984005258488448
-0.9979199736725317
-0.9972540424047338
-0.996340252240795
-0.9950921963396762
-0.9933908099504598
-0.9910721636661706
-0.9879103374138394
-0.9835934240556532
-0.9776893897042627
-0.9695983193674662
-0.9584816067917377
-0.9431672437014302
-0.9219872716248442
-0.8926132985842791
-0.851566190740129
-0.794233488291951
-0.712426137172004
-0.5983256334005204
-0.42546889575546987
-0.19850548788289607
0.22935335481731656
0.60882884636835
2.2360343221244285
1.906026601586746
16.660697311385004
16.529749602244024
1.8817238786487587
2.2001346056788935
0.588234375404106
0.2114893355828705
-0.21147950284273198
-0.4356819070167527
-0.6060853413781344
-0.7184010680197057
-0.7987857961373632
-0.8550254011776328
-0.8952169892179742
-0.9239257190583536
-0.9445864703131467
-0.959496084879599
-0.9702971221235559
-0.9781421375665841
-0.9838544700275196
-0.9880221581388304
-0.9910679533218023
-0.9932965225236974
-0.9949281389192455
-0.9961223371077008
-0.9969947715931731
-0.997629216843547
-0.9980861381463328
-0.9984087977844638
-0.9986275772669821
-0.9987629851968334
-0.9988276732338053
-0.9988276732345516
-0.9987629851970714
-0.9986275772671056
-0.998408797785052
-0.9980861381463003
-0.99762921684342
-0.9969947715932054
-0.9961223371069966
-0.9949281389194393
-0.9932965225234422
-0.9910679533217326
-0.9880221581392146
-0.9838544700273089
-0.978142137565931
-0.9702971221230307
-0.9594960848801212
-0.9445864703129548
-0.923925719058593
-0.895216989218085
-0.8550254011775626
-0.7987857961378713
-0.718401068019899
-0.6060853413784343
-0.4356819070159933
-0.21147950284140649
0.2114893355833508
0.5882343754041376
2.2001346056784046
1.8817238786481996
16.52974960224502
16.325388627533883
1.8442116162419524
2.1447575866665898
0.556707578812799
0.184241745096267
-0.23113779472920806
-0.4510657437999816
-0.6176846879479299
-0.7272564158626962
-0.8054612618573347
-0.8600317797241248
-0.8989216643528193
-0.926621920252074
-0.9464985190819829
-0.9607992311952616
-0.9711272526567012
-0.9786050711459355
-0.984032503628139
-0.9879793498725078
-0.9908541549132897
-0.9929505439537966
-0.9944802096832308
-0.9955960334892191
-0.9964085263801866
-0.9969975070920953
-0.9974204243172655
-0.9977182728043987
-0.9979197721541874
-0.9980442692034722
-0.9981036800045666
-0.9981036800044338
-0.9980442692028264
-0.9979197721545026
-0.9977182728048302
-0.9974204243174223
-0.9969975070929835
-0.9964085263801933
-0.995596033488392
-0.9944802096830059
-0.9929505439537144
-0.9908541549140765
-0.9879793498722993
-0.9840325036274458
-0.9786050711462716
-0.9711272526561353
-0.9607992311949516
-0.9464985190829278
-0.9266219202521438
-0.8989216643524132
-0.8600317797241336
-0.8054612618566774
-0.7272564158621768
-0.617684687947876
-0.45106574379999353
-0.23113779472929147
0.18424174509663746
0.5567075788126485
2.144757586665553
1.8442116162423057
16.325388627531034
16.00436606760331
1.7860335007038104
2.0589286402074465
0.5082861553991523
0.14257467798834597
-0.26095664659351214
-0.4742305011443519
-0.6349824509019037
-0.7403167251415309
-0.8151684401003942
-0.8671820482809842
-0.9040861113309611
-0.9302545224467398
-0.9489452836220313
-0.9623293736590512
-0.9719486505743993
-0.9788788961575313
-0.9838835325939703
-0.9875042479338816
-0.9901277817305263
-0.9920308834025182
-0.9934121893981559
-0.9944145027532674
-0.9951405780309341
-0.9956642950095611
-0.9960385925981495
-0.9963010889724281
-0.9964780376851211
-0.9965870667263927
-0.9966390062287505
-0.9966390062283662
-0.9965870667267662
-0.996478037684944
-0.9963010889735998
-0.9960385925993122
-0.9956642950102437
-0.9951405780311154
-0.9944145027526659
-0.9934121893974823
-0.9920308834024416
-0.990127781731041
-0.9875042479342815
-0.983883532593685
-0.9788788961565772
-0.971948650573455
-0.9623293736593866
-0.9489452836224359
-0.9302545224466521
-0.9040861113306846
-0.8671820482801511
-0.8151684400994755
-0.7403167251416332
-0.6349824509022721
-0.4742305011452084
-0.26095664659344797
0.14257467798827275
0.5082861553996727
2.0589286402082867
1.7860335007058077
16.00436606760077
15.496054346256663
1.6952930597862288
1.9251451801336719
0.4336392860272652
0.07868158944644475
-0.30622046856688434
-0.5090668097259203
-0.6606695247695807
-0.7594258765143376
-0.8290967389822486
-0.8771789532928254
-0.9110448842672012
-0.9348817859584215
-0.9517772070909027
-0.9637810721265949
-0.9723390462028914
-0.9784539473231425
-0.9828326164675415
-0.985973246010672
-0.9882290103176719
-0.9898508184415642
-0.991017423322485
-0.9918563635742438
-0.992458710276486
-0.992889445293373
-0.9931947854792045
-0.9934073399768837
-0.9935497194931585
-0.9936370218960471
-0.9936784831064273
-0.9936784831062462
-0.99363702189527
-0.9935497194926388
-0.9934073399765115
-0.9931947854794118
-0.992889445293756
-0.9924587102764553
-0.991856363572952
-0.9910174233226103
-0.989850818441667
-0.9882290103179172
-0.9859732460114174
-0.9828326164670933
-0.9784539473231832
-0.9723390462023282
-0.9637810721263881
-0.9517772070922719
-0.9348817859592014
-0.9110448842667973
-0.8771789532927312
-0.8290967389816517
-0.7594258765145143
-0.6606695247708343
-0.5090668097263011
-0.3062204685675144
0.07868158944653719
0.4336392860273399
1.925145180133275
1.6952930597854896
15.496054346258044
14.683193699320759
1.5528004048819808
1.715177558606427
0.31807903679176464
-0.01957285731391562
-0.3749273846337151
-0.5612999354662456
-0.6985338068364217
-0.7870159954566069
-0.8486410400816167
-0.890653911764852
-0.9198580144963471
-0.9401397605914641
-0.9543151376809331
-0.9642415584943957
-0.971212714810024
-0.9761167151648414
-0.9795719928555007
-0.9820091889393032
-0.9837296861836893
-0.9849447836984608
-0.9858029605176145
-0.986408670846971
-0.9868354348643036
-0.9871349548492946
-0.987343477424849
-0.9874862246785997
-0.987580462189195
-0.9876375910019606
-0.9876645250952241
-0.9876645250949687
-0.9876375910009565
-0.9875804621888913
-0.9874862246784164
-0.9873434774245755
-0.9871349548494985
-0.9868354348638775
-0.9864086708459112
-0.9858029605171199
-0.9849447836986265
-0.9837296861840039
-0.9820091889389995
-0.9795719928554403
-0.9761167151648764
-0.9712127148090253
-0.9642415584945928
-0.9543151376810124
-0.9401397605919415
-0.9198580144973091
-0.8906539117654919
-0.848641040080748
-0.7870159954568536
-0.6985338068368462
-0.561299935466756
-0.3749273846342295
-0.019572857313449786
0.3180790367927463
1.7151775586055007
1.552800404883484
14.683193699322256
13.366902943793868
1.3271776354220992
1.3828500697548227
0.138341090506308
-0.17107873426314496
-0.4790597778391303
-0.6391433865948244
-0.7536183938954221
-0.8259361347375731
-0.8749938042209815
-0.9075960299695589
-0.9296266297073652
-0.9444801072619273
-0.9545350291924787
-0.9613394846231252
-0.9659450729831536
-0.9690583538346605
-0.9711589578418562
-0.972572295559208
-0.9735197345401643
-0.9741518851274538
-0.974571229531947
-0.9748474388481216
-0.9750278025015431
-0.9751443308430969
-0.9752185949578454
-0.9752650172049129
-0.9752930952496757
-0.9753088842157751
-0.9753159528484971
-0.9753159528489688
-0.9753088842149031
-0.9752930952492009
-0.9752650172042119
-0.9752185949570927
-0.9751443308432266
-0.9750278025012875
-0.9748474388488738
-0.974571229532276
-0.9741518851272666
-0.9735197345401219
-0.9725722955601133
-0.9711589578423432
-0.9690583538351161
-0.9659450729834835
-0.9613394846235868
-0.9545350291929273
-0.9444801072619686
-0.9296266297077489
-0.9075960299696315
-0.8749938042203922
-0.8259361347369086
-0.753618393895793
-0.6391433865946192
-0.4790597778387131
-0.17107873426276285
0.1383410905065346
1.3828500697546957
1.3271776354225455
13.366902943791363
11.200157390287412
0.9662247577967435
0.8512751565066479
-0.1426438994272184
-0.4051697833336883
-0.636160533084186
-0.7537566823564932
-0.8318133123924261
-0.8784821509707452
-0.9077856911441782
-0.9257333843678761
-0.9367007729204562
-0.943263584773302
-0.9470866418109085
-0.9492152370413143
-0.9503120062258401
-0.950794386256699
-0.9509232929583884
-0.950860003907984
-0.950702393216506
-0.9505083756758796
-0.9503109002031743
-0.9501275831526661
-0.9499668384298219
-0.9498317606929165
-0.9497225568829847
-0.9496380505413147
-0.9495765964526016
-0.9495366245399945
-0.9495169523014362
-0.949516952301256
-0.9495366245401085
-0.9495765964524461
-0.9496380505403067
-0.9497225568827583
-0.9498317606928992
-0.9499668384307856
-0.9501275831530477
-0.9503109002033722
-0.9505083756764776
-0.9507023932166743
-0.9508600039069683
-0.9509232929583813
-0.9507943862575197
-0.9503120062262028
-0.9492152370408697
-0.9470866418112116
-0.9432635847724222
-0.9367007729209834
-0.9257333843684743
-0.90778569114458
-0.8784821509711221
-0.8318133123919254
-0.7537566823560847
-0.6361605330844644
-0.4051697833341369
-0.1426438994275756
0.8512751565064938
0.9662247577980329
11.20015739028906
7.5533058232767
0.3810777588732215
-0.010526997941881664
-0.5841828946064644
-0.7668395151787781
-0.8705345104685844
-0.9183382164266535
-0.9374034414793609
-0.9429762469261087
-0.9410273077417639
-0.9360693086762276
-0.9299584836931548
-0.9238784877264807
-0.9183127547338732
-0.9134796727156627
-0.9094122443914447
-0.9060655432087965
-0.9033555592115406
-0.9011880958377357
-0.8994713317526739
-0.8981225978585867
-0.8970706851394878
-0.8962561524362094
-0.8956305098086768
-0.8951549710933361
-0.8947990997126489
-0.8945395403652684
-0.8943589246708347
-0.894244989991013
-0.8941899223192098
-0.8941899223198307
-0.8942449899927306
-0.8943589246710082
-0.8945395403655616
-0.8947990997128272
-0.8951549710935436
-0.8956305098097355
-0.8962561524375814
-0.8970706851399293
-0.8981225978577585
-0.8994713317522242
-0.9011880958373706
-0.9033555592120661
-0.906065543209539
-0.9094122443920457
-0.9134796727158196
-0.9183127547336271
-0.923878487725819
-0.9299584836925672
-0.9360693086760367
-0.9410273077422028
-0.9429762469254539
-0.9374034414788903
-0.9183382164265744
-0.8705345104682141
-0.766839515179772
-0.5841828946075333
-0.010526997942469588
0.3810777588728261
7.553305823279368
1.2175564811328226
-0.5847899570010533
-1.432246670781546
-1.280827957459313
-1.3223063369536656
-1.2108313236823522
-1.1415518581811332
-1.0636896452189928
-1.0027122379808424
-0.9510246854212985
-0.9101824630181968
-0.877741006527716
-0.8524624899273646
-0.8328477046988061
-0.8177421818897643
-0.8061555444338668
-0.7973035408099696
-0.7905603243103178
-0.7854368615212732
-0.781552776572702
-0.7786147237753052
-0.7763976005462673
-0.7747296140254016
-0.7734803274949036
-0.7725513269982348
-0.7718689978742405
-0.7713790212199818
-0.7710422515388452
-0.7708317122930108
-0.7707305077984044
-0.770730507798514
-0.7708317122928133
-0.7710422515382601
-0.7713790212196528
-0.7718689978734481
-0.7725513269979163
-0.7734803274949862
-0.7747296140260596
-0.7763976005470081
-0.7786147237746939
-0.7815527765721086
-0.7854368615208613
-0.7905603243108223
-0.797303540810747
-0.806155544434464
-0.8177421818903687
-0.8328477046986491
-0.8524624899270445
-0.8777410065270823
-0.9101824630176629
-0.9510246854213736
-1.0027122379803686
-1.0636896452187
-1.1415518581802617
-1.2108313236819446
-1.322306336956036
-1.2808279574618857
-1.4322466707838901
-0.5847899570004291
1.217556481128798
-10.337679906463539
-2.2242292902778313
-3.8305615440249445
-2.3781237314729333
-2.1551973078757967
-1.669472424819325
-1.398370536052599
-1.158648218391141
-0.9887066474782333
-0.857482374650312
-0.7604058690068569
-0.6875143625264559
-0.6332728041297937
-0.5928213331843182
-0.5627174741075621
-0.5403106263307711
-0.5236417014689441
-0.5112418977085724
-0.5020194125491391
-0.49516112391134093
-0.4900628335329746
-0.4862757541335078
-0.4834670176731919
-0.48139016694012554
-0.4798633194777718
-0.4787530295859513
-0.47796245344804866
-0.4774227632130379
-0.4770870497663908
-0.4769261702859753
-0.476926170286005
-0.4770870497667425
-0.477422763214196
-0.47796245344801497
-0.47875302958503085
-0.4798633194780997
-0.4813901669398059
-0.48346701767359335
-0.4862757541340803
-0.490062833532979
-0.49516112391195943
-0.5020194125489423
-0.5112418977090217
-0.5236417014700765
-0.540310626330999
-0.5627174741078003
-0.5928213331847911
-0.6332728041297433
-0.6875143625260138
-0.7604058690067661
-0.8574823746511215
-0.9887066474790916
-1.1586482183911277
-1.398370536051438
-1.6694724248194754
-2.1551973078758797
-2.3781237314729253
-3.830561544025297
-2.224229290274593
-10.33767990646118
-33.21724999976432
-5.15957308885142
-7.978087229497396
-4.0552262277389595
-3.2904987602134685
-2.1284834876220877
-1.4970718347370904
-0.9817299523285241
-0.631050610462615
-0.3718537133217148
-0.1864658016684228
-0.05148496029827772
0.04634261791964343
0.11759733551975055
0.1695271471247321
0.20746020662270287
0.23520659032571078
0.25553359027298506
0.2704436690538339
0.2813923378654545
0.2894381110615334
0.29535217379212875
0.2996966962184091
0.30288149152534616
0.30520482816560685
0.30688287120972724
0.30807082777546235
0.308878013901758
0.309378394849272
0.30961767799879736
0.30961767799862466
0.30937839484927354
0.30887801390228853
0.3080708277758382
0.30688287121049473
0.30520482816613126
0.30288149152461474
0.29969669621620604
0.29535217379077167
0.28943811106102263
0.2813923378668005
0.2704436690550622
0.25553359027252065
0.2352065903244452
0.2074602066204706
0.16952714712300523
0.1175973355190915
0.046342617919077705
-0.05148496029935329
-0.1864658016695958
-0.3718537133221002
-0.6310506104619109
-0.9817299523273881
-1.4970718347363714
-2.128483487621944
-3.2904987602147804
-4.0552262277416435
-7.978087229499397
-5.159573088853806
-33.21724999976301
-86.20800189081663
-11.086846385995269
-15.144313838807577
-6.067844673771511
-4.0353291150947745
-1.5711609077768371
-0.25899583827033346
0.745526009385703
1.4071912968200786
1.879350911436901
2.208177802722522
2.4418705678518084
2.607807420871158
2.726497786163847
2.8116325453322153
2.872945614271768
2.917229824597908
2.9493057599692962
2.9725938065833732
2.9895364640767683
3.0018824859610875
3.010888209902312
3.01745807625929
3.022244057978445
3.025715952332215
3.02821124071136
3.0299703800254725
3.0311616331931734
3.031898256978104
3.032249970702546
3.0322499707009833
3.031898256973482
3.0311616331902536
3.0299703800284568
3.0282112407171606
3.025715952336071
3.0222440579771073
3.0174580762564744
3.0108882099002163
3.001882485959303
2.9895364640792863
2.972593806587863
2.9493057599705947
2.917229824597065
2.8729456142682803
2.8116325453317828
2.726497786164365
2.607807420875141
2.4418705678524155
2.2081778027187937
1.8793509114297644
1.407191296815243
0.7455260093843572
-0.2589958382692957
-1.5711609077801159
-4.035329115094882
-6.067844673775689
-15.14431383880916
-11.086846385994388
-86.20800189081139
-269.2571335783143
-25.42802879142978
-22.851480838356416
1.0592058048020663
7.164304255231409
12.968169356888268
15.987791690035777
18.152513463093065
19.53585942980578
20.491873440073707
21.14261353824451
21.59575564451938
21.912186405617625
22.135249804915908
22.293255068587083
22.405799389800098
22.486297709280485
22.544099759352896
22.585740133175477
22.615822674462514
22.637604921425197
22.653402665570425
22.66486753360384
22.673180215808856
22.679185197149437
22.683485151448977
22.686507044484713
22.688548214415526
22.689808023056827
22.69040884469435
22.690408844687525
22.689808023050205
22.68854821439686
22.68650704450261
22.68348515147687
22.679185197147987
22.673180215814863
22.664867533582164
22.653402665575094
22.637604921422366
22.61582267448196
22.585740133171797
22.544099759356747
22.486297709281587
22.405799389777137
22.293255068597944
22.13524980493211
21.91218640563088
21.595755644507932
21.142613538237132
20.491873440082514
19.53585942980368
18.152513463085334
15.987791690037215
12.968169356874938
7.164304255224944
1.05920580478789
-22.851480838350795
-25.42802879140091
-269.2571335782942