173.6567781231074
-2.2371848916605686
1.7799451581073926
-11.7403890819817
-12.337070435042111
-14.150939078383878
-14.481989830853173
-14.824077645912947
-14.933655091126333
-15.013607255641183
-15.046742762408288
-15.067886993392387
-15.077809433486237
-15.083805693487403
-15.086793677968569
-15.088529544930266
-15.089370476247357
-15.089748149684489
-15.089748149674428
-15.089370476269151
-15.088529544913374
-15.086793677981635
-15.083805693486074
-15.07780943347844
-15.067886993398936
-15.046742762413519
-15.013607255629548
-14.933655091132167
-14.824077645913013
-14.481989830852196
-14.150939078379512
-12.337070435054535
-11.74038908197399
1.7799451581166914
-2.2371848916716903
173.65677812309974
13.26229497926444
3.625094464176093
2.8115100776032405
1.2884733747678445
0.3574587663504407
0.04067484242316148
-0.2511162436613133
-0.33528703420686623
-0.41557831733831607
-0.44057287912518206
-0.4626710263118158
-0.47038954821977547
-0.47664936358877863
-0.47906565692568026
-0.48088560078984843
-0.4816297333583516
-0.48213101146955484
-0.4822981659547596
-0.48229816595462743
-0.4821310114703255
-0.48162973335757986
-0.48088560079012266
-0.4790656569251562
-0.4766493635894764
-0.4703895482192406
-0.46267102631288626
-0.44057287912439524
-0.41557831733901074
-0.335287034205439
-0.2511162436619731
0.040674842423166574
0.3574587663489252
1.2884733747687673
2.8115100776041806
3.6250944641750915
13.262294979256858
0.014665958649474656
0.962624448901245
1.667856818321614
1.0590359536933933
1.0639778885515598
0.8446282285192102
0.8137103263486406
0.7457388186891868
0.7314575268836527
0.7109653672533449
0.7057246687175509
0.6995551775246824
0.6977563762981003
0.6958857642569798
0.6952890494978894
0.6947283314909055
0.6945497994737111
0.694425850635651
0.6944258506363716
0.694549799473237
0.6947283314911415
0.6952890494977101
0.6958857642568942
0.6977563762979709
0.6995551775247589
0.7057246687173575
0.7109653672536247
0.7314575268832866
0.7457388186895151
0.8137103263485059
0.8446282285189279
1.0639778885512974
1.059035953694992
1.6678568183199733
0.9626244489003563
0.014665958649446056
-7.716451365508439
0.38731121702841104
0.4178920921751471
0.9178645181434464
0.9105952177480368
0.9529342068681492
0.9340920216175829
0.9358707004741957
0.9261352691638686
0.9250218312096238
0.9212161654353666
0.9205549135403642
0.91921332731993
0.9189394355880663
0.9184899587075253
0.918392063061329
0.9182569089170749
0.918233358520356
0.9182333585214084
0.9182569089161876
0.91839206306174
0.9184899587069717
0.9189394355884297
0.919213327319748
0.9205549135401676
0.9212161654356616
0.9250218312097795
0.9261352691632128
0.9358707004753459
0.9340920216169639
0.9529342068680073
0.9105952177480294
0.9178645181434932
0.4178920921746024
0.3873112170309889
-7.71645136550683
-10.46231088003574
0.053013409292736985
-0.04195785015291059
0.7488486720138348
0.8304222610728736
0.9247094974549575
0.9512329804163758
0.964366751664562
0.9709513322770591
0.9725952800105304
0.9741321333556175
0.9741854406986983
0.9745431614525926
0.9744621396405209
0.9745475856869272
0.9745015424499013
0.974521794224634
0.9745087090511202
0.9745087090520239
0.9745217942236566
0.9745015424505541
0.9745475856863675
0.9744621396406019
0.9745431614526334
0.9741854406986654
0.9741321333552924
0.9725952800108426
0.9709513322766123
0.9643667516651783
0.9512329804155086
0.924709497455823
0.8304222610725756
0.748848672014198
-0.04195785015352696
0.053013409291470096
-10.462310880037869
-11.872055207535029
-0.08854654705638312
-0.2996349760965004
0.6726137776223284
0.7657012113458788
0.9054148000807853
0.9414795988871765
0.9689647782448624
0.9790332752817285
0.985474062926402
0.9880772749442588
0.989739145655242
0.9904009162583964
0.9908567075366852
0.9910245933970773
0.9911529926119833
0.9911933144378204
0.9912208803277598
0.99122088032806
0.9911933144372707
0.9911529926123634
0.9910245933967292
0.990856707536848
0.9904009162585916
0.9897391456549576
0.988077274943931
0.9854740629269586
0.9790332752815247
0.9689647782452169
0.9414795988870667
0.905414800080891
0.7657012113452117
0.6726137776229846
-0.29963497609621126
-0.0885465470569473
-11.872055207534498
-12.51865466665637
-0.16273869018684822
-0.41987251086399
0.6276373852749498
0.7334330610730064
0.8896339678030832
0.9344656010993075
0.9666385506946836
0.9804149767703039
0.9882905744878925
0.9922806759875412
0.9943780313375055
0.995534706693449
0.9961179249848802
0.996457702971709
0.9966210258294648
0.9967151543884352
0.9967496870254262
0.9967496870260057
0.9967151543886086
0.9966210258286554
0.996457702972213
0.9961179249853069
0.9955347066923805
0.9943780313380324
0.9922806759880018
0.9882905744871966
0.9804149767705082
0.9666385506953735
0.9344656010986585
0.8896339678028173
0.7334330610735791
0.627637385274333
-0.41987251086374877
-0.16273869018445752
-12.518654666655063
-12.848581568032976
-0.19901652576779247
-0.48335641575658994
0.6051060195075093
0.714744708822152
0.8810498003534706
0.9291069629765112
0.9646317737239869
0.9797724021206314
0.9888649780891807
0.993345011474271
0.9958875205989969
0.9972062901298431
0.9979502304053388
0.9983401755417622
0.9985591806524886
0.998666999134096
0.9987150218287599
0.9987150218272385
0.9986669991347645
0.9985591806525566
0.9983401755419237
0.997950230404657
0.9972062901306733
0.9958875205989893
0.9933450114737028
0.9888649780895857
0.9797724021211549
0.9646317737224297
0.9291069629776091
0.8810498003534499
0.7147447088220227
0.6051060195082629
-0.48335641575698146
-0.19901652577252682
-12.848581568036698
-13.012476105770936
-0.21792295372613937
-0.5153375824888973
0.5928469568439172
0.7050264402440709
0.8759543899928004
0.9260594919482852
0.9630528135614942
0.9791301785178497
0.9887374034054492
0.993594641076857
0.9963172681425928
0.9977801181036229
0.9985848414578676
0.9990277668932624
0.9992659467563538
0.9993910242748959
0.9994433188651997
0.9994433188647267
0.9993910242757926
0.9992659467553897
0.9990277668939684
0.9985848414579992
0.9977801181032644
0.9963172681429013
0.993594641077199
0.9887374034048271
0.9791301785186399
0.9630528135616659
0.9260594919487857
0.8759543899917859
0.7050264402441704
0.5928469568428163
-0.5153375824877454
-0.21792295372091974
-13.012476105764922
-13.09707264369898
-0.2276183490377045
-0.5321561550673678
0.5864634318490989
0.6997114919621235
0.8732001258043798
0.9242447260379139
0.9621066605300934
0.9786149474006025
0.988552580407307
0.9935810730637031
0.9964314502685014
0.9979577907586594
0.9988111312585708
0.9992762418227716
0.9995319793725754
0.9996638464160477
0.9997204952955461
0.9997204952945171
0.9996638464167129
0.9995319793722405
0.9992762418229699
0.9988111312583178
0.9979577907588715
0.9964314502686262
0.993581073063645
0.988552580407118
0.9786149474008199
0.9621066605290651
0.9242447260383739
0.8732001258042998
0.6997114919628072
0.5864634318498307
-0.5321561550683318
-0.22761834904278513
-13.097072643705653
-13.140539413365836
-0.2327096063942275
-0.5408956374448188
0.583040613507418
0.6968955526717484
0.8716659412401364
0.9232418537000662
0.9615320893908492
0.9782940077200616
0.9883928408451331
0.993528306977089
0.9964401847438102
0.9980093849579175
0.998885581984047
0.999367140874029
0.9996308411160993
0.9997682319875322
0.9998267920080284
0.9998267920076265
0.9997682319877006
0.9996308411162911
0.9993671408740361
0.9988855819840096
0.9980093849580979
0.9964401847434277
0.9935283069769643
0.9883928408454183
0.9782940077203701
0.9615320893906519
0.9232418537006659
0.8716659412395673
0.6968955526710053
0.5830406135069379
-0.54089563744419
-0.2327096063903773
-13.140539413360258
-13.16324261817294
-0.2353765179130593
-0.5455165262130295
0.5812283726886909
0.6953752557257774
0.8708361493372025
0.9226785787712326
0.9612065591608484
0.9780963084632625
0.9882883049297797
0.9934776466765993
0.9964269584857789
0.998017600221035
0.9989086273730745
0.999398290522288
0.999667534732241
0.9998075919316727
0.9998675556437455
0.999867555644455
0.999807591931057
0.9996675347326552
0.99939829052217
0.998908627373192
0.9980176002207348
0.9964269584860997
0.9934776466762579
0.9882883049297994
0.9780963084630763
0.9612065591611201
0.9226785787703351
0.8708361493378722
0.6953752557257185
0.5812283726884451
-0.5455165262129199
-0.2353765179133147
-13.16324261817483
-13.175113351564939
-0.2367881052815214
-0.5479544796390343
0.5802575438068773
0.6945626587809363
0.8703824276232337
0.9223701497033879
0.9610212607232778
0.9779822032488801
0.9882224185365825
0.9934427233906662
0.9964113997536103
0.9980148860021354
0.9989135557227093
0.9994083205348796
0.9996803975270596
0.9998222146921845
0.9998828893975965
0.9998828893983711
0.999822214691049
0.9996803975280996
0.999408320534262
0.9989135557227888
0.9980148860023221
0.9964113997533809
0.993442723390391
0.9882224185372963
0.9779822032481107
0.9610212607232875
0.922370149702937
0.8703824276239744
0.6945626587807412
0.580257543807897
-0.5479544796399094
-0.23678810528564267
-13.17511335156884
-13.181366702337936
-0.23753544294840875
-0.5492501911039955
0.57973956832059
0.6941252363135474
0.8701370691540387
0.9222004430830874
0.9609184461805943
0.9779166495719713
0.9881836174534131
0.9934201873337021
0.9963999098551083
0.9980101587420107
0.9989133403423931
0.999410790030516
0.9996846025820225
0.9998273432404119
0.999888465542507
0.9998884655447172
0.9998273432395086
0.9996846025820286
0.9994107900306227
0.9989133403426864
0.9980101587408216
0.996399909855612
0.9934201873343875
0.9881836174529255
0.9779166495715981
0.9609184461820927
0.9222004430819009
0.8701370691542349
0.6941252363131478
0.579739568319248
-0.5492501911034693
-0.23753544294046364
-13.181366702329935
-13.18465828118596
-0.23793198613238575
-0.5499370946087813
0.5794625996540768
0.6938912321518818
0.8700042511875035
0.9221082798180055
0.9608615480238276
0.9778800211857197
0.9881611302793232
0.9934067033859043
0.9963922860620273
0.9980063646937978
0.9989119475303171
0.9994109591363616
0.9996856967944757
0.9998289882888667
0.999890349200877
0.9998903492008622
0.9998289882882136
0.9996856967956709
0.9994109591355727
0.9989119475296085
0.9980063646948163
0.9963922860619008
0.9934067033853442
0.9881611302799285
0.9778800211853756
0.9608615480221442
0.9221082798182509
0.8700042511889604
0.6938912321521281
0.5794625996553613
-0.5499370946100027
-0.2379319861408295
-13.184658281196217
-13.18637843474487
-0.23814020286644394
-0.5502984022949373
0.5793163731454505
0.6937671311859241
0.8699335200363785
0.9220587623059349
0.9608307839338097
0.9778598803833358
0.9881485974333513
0.9933989090029998
0.9963876933121649
0.9980037962653521
0.9989107160583176
0.9994105563256215
0.9996858195041447
0.9998294039286646
0.9998909023406
0.9998909023411062
0.999829403928965
0.999685819503515
0.9994105563260496
0.9989107160589124
0.9980037962645076
0.9963876933122703
0.9933989090036535
0.9881485974328744
0.9778598803836385
0.9608307839348331
0.92205876230619
0.8699335200354722
0.6937671311856054
0.5793163731441465
-0.55029840229385
-0.23814020285797705
-13.18637843473583
-13.187240004318758
-0.23824503381179996
-0.5504802669398672
0.5792424037057234
0.6937043050654762
0.8698974846495746
0.9220334723944698
0.9608149209228896
0.9778494358219618
0.9881419869070353
0.9933947385115296
0.9963851416676304
0.9980023000303506
0.9989098982116691
0.9994101767960015
0.9996857074164074
0.9998294488370594
0.9998910173442457
0.9998910173432938
0.9998294488376513
0.9996857074160397
0.9994101767963982
0.9989098982115767
0.9980023000302636
0.9963851416676961
0.9933947385112438
0.988141986906713
0.9778494358223233
0.9608149209220893
0.9220334723946951
0.8698974846497294
0.6937043050662873
0.5792424037057697
-0.5504802669407693
-0.23824503381596063
-13.18724000432413
-13.187597818086507
-0.23828868661555114
-0.5505560575359731
0.5792115174375103
0.6936780159778313
0.8698823758532864
0.9220228254096776
0.9608082242011196
0.977844993653155
0.9881391605901547
0.993392929390333
0.9963840199658269
0.9980016191436962
0.9989095080659024
0.9994099700238432
0.9996856163827783
0.9998294235560052
0.9998910226057557
0.9998910226040763
0.9998294235570783
0.9996856163826937
0.9994099700239291
0.998909508065214
0.9980016191445051
0.9963840199654852
0.9933929293901953
0.9881391605902645
0.9778449936536777
0.9608082241996148
0.9220228254110021
0.8698823758529536
0.6936780159779663
0.5792115174369687
-0.5505560575351085
-0.2382886866162542
-13.187597818085203
-13.187597818087994
-0.23828868661890257
-0.5505560575373921
0.579211517438106
0.6936780159771729
0.8698823758531249
0.9220228254101251
0.960808224200737
0.9778449936529077
0.9881391605901686
0.993392929389536
0.9963840199653575
0.9980016191442769
0.9989095080655492
0.9994099700235157
0.9996856163829935
0.999829423555741
0.9998910226048707
0.9998910226050386
0.9998294235567395
0.9996856163819444
0.9994099700242232
0.9989095080656735
0.9980016191434499
0.9963840199660392
0.9933929293902841
0.9881391605893782
0.9778449936535138
0.960808224200995
0.9220228254103409
0.8698823758526124
0.6936780159775788
0.5792115174365187
-0.5505560575363239
-0.2382886866127392
-13.187597818084114
-13.18724000431512
-0.23824503380762135
-0.5504802669388029
0.5792424037055797
0.693704305065256
0.8698974846492704
0.9220334723944811
0.9608149209236485
0.9778494358221927
0.9881419869069545
0.9933947385117903
0.99638514166783
0.9980023000301852
0.9989098982120219
0.9994101767963177
0.9996857074160805
0.9998294488377553
0.9998910173444737
0.9998910173435005
0.9998294488375246
0.9996857074165577
0.9994101767960495
0.9989098982115858
0.9980023000309766
0.9963851416673652
0.9933947385111355
0.9881419869073578
0.9778494358220695
0.9608149209219898
0.9220334723950873
0.8698974846496921
0.6937043050658757
0.5792424037068051
-0.5504802669402344
-0.23824503381728784
-13.187240004326913
-13.186378434747365
-0.2381402028702601
-0.5502984022965389
0.5793163731458402
0.6937671311866351
0.8699335200370268
0.9220587623059591
0.9608307839329098
0.9778598803830223
0.9881485974335005
0.9933989090029581
0.9963876933121045
0.998003796265509
0.9989107160579993
0.9994105563257782
0.999685819504212
0.9998294039292603
0.9998909023400724
0.9998909023415389
0.9998294039287954
0.9996858195037459
0.999410556326251
0.9989107160585158
0.9980037962643165
0.9963876933122747
0.9933989090037523
0.9881485974328943
0.9778598803833702
0.9608307839347189
0.9220587623054897
0.8699335200360738
0.6937671311858477
0.5793163731433992
-0.5502984022946873
-0.23814020285797632
-13.18637843473201
-13.184658281183934
-0.2379319861295755
-0.5499370946085926
0.579462599653761
0.6938912321510818
0.8700042511872068
0.9221082798181284
0.9608615480240285
0.9778800211859802
0.9881611302793564
0.9934067033858828
0.9963922860621908
0.9980063646937803
0.9989119475305125
0.9994109591367679
0.9996856967946111
0.9998289882892225
0.9998903492008597
0.9998903492012946
0.9998289882880296
0.9996856967960825
0.9994109591359709
0.9989119475297559
0.9980063646944763
0.996392286062136
0.9934067033853506
0.9881611302800755
0.9778800211854671
0.9608615480227802
0.922108279817428
0.8700042511889321
0.6938912321517632
0.5794625996552695
-0.5499370946103104
-0.2379319861409981
-13.184658281197045
-13.181366702336408
-0.23753544294714748
-0.5492501911037169
0.5797395683209724
0.6941252363132427
0.870137069153723
0.9222004430831976
0.9609184461808968
0.977916649571725
0.9881836174534476
0.9934201873338687
0.9963999098551689
0.9980101587420945
0.9989133403426125
0.9994107900302737
0.9996846025818591
0.9998273432403482
0.9998884655426337
0.9998884655442859
0.9998273432396707
0.9996846025819756
0.9994107900300915
0.9989133403429218
0.9980101587413654
0.996399909855333
0.9934201873342394
0.9881836174532193
0.9779166495712429
0.96091844618215
0.9222004430824821
0.8701370691540158
0.6941252363127013
0.5797395683196332
-0.5492501911024543
-0.23753544294026274
-13.181366702328468
-13.175113351569081
-0.2367881052865966
-0.5479544796410928
0.5802575438073778
0.6945626587814293
0.8703824276239591
0.9223701497032583
0.9610212607225701
0.9779822032484853
0.9882224185365469
0.993442723390087
0.996411399753674
0.9980148860021818
0.9989135557222343
0.9994083205343608
0.9996803975272388
0.9998222146911104
0.999882889397502
0.9998828893982212
0.9998222146906169
0.9996803975272937
0.9994083205345011
0.9989135557224449
0.9980148860019178
0.9964113997538939
0.9934427233899541
0.9882224185365658
0.9779822032485832
0.9610212607233027
0.922370149702642
0.8703824276245928
0.694562658781209
0.5802575438067723
-0.547954479640323
-0.23678810528443806
-13.17511335156778
-13.163242618166406
-0.23537651790544534
-0.545516526210488
0.5812283726877443
0.6953752557251391
0.8708361493368271
0.9226785787707438
0.9612065591620467
0.9780963084640169
0.988288304929474
0.9934776466771938
0.9964269584860797
0.998017600220404
0.9989086273738617
0.999398290522941
0.9996675347320545
0.9998075919315009
0.9998675556449612
0.9998675556433491
0.9998075919316427
0.9996675347332993
0.9993982905220251
0.9989086273729291
0.9980176002220986
0.9964269584856186
0.9934776466763242
0.9882883049307991
0.9780963084637355
0.9612065591599003
0.9226785787719449
0.8708361493374494
0.6953752557249031
0.5812283726899958
-0.5455165262116002
-0.2353765179159526
-13.163242618175762
-13.14053941337347
-0.2327096064009415
-0.5408956374484941
0.5830406135085875
0.6968955526714338
0.8716659412402931
0.9232418537006128
0.9615320893900214
0.9782940077192883
0.9883928408456492
0.9935283069763784
0.996440184742944
0.998009384958305
0.9988855819835281
0.9993671408725712
0.9996308411164672
0.9997682319868658
0.9998267920070207
0.9998267920077265
0.9997682319877723
0.9996308411149055
0.99936714087405
0.9988855819845313
0.9980093849567999
0.996440184743473
0.9935283069776737
0.988392840844456
0.9782940077200468
0.9615320893920021
0.9232418537004529
0.8716659412385321
0.6968955526712992
0.5830406135060928
-0.5408956374460432
-0.23270960638659388
-13.140539413358882
-13.097072643690073
-0.22761834903007327
-0.5321561550646493
0.5864634318474335
0.6997114919622587
0.8732001258044972
0.9242447260375002
0.9621066605307388
0.9786149474012102
0.9885525804068093
0.9935810730638732
0.996431450269248
0.9979577907580233
0.9988111312586754
0.9992762418234744
0.9995319793724273
0.9996638464158558
0.9997204952967544
0.9997204952942661
0.9996638464165637
0.9995319793730476
0.9992762418231053
0.9988111312575938
0.9979577907597919
0.9964314502690159
0.9935810730630008
0.9885525804074684
0.978614947401371
0.96210666052776
0.9242447260384927
0.8732001258054374
0.6997114919631118
0.5864634318496327
-0.5321561550673723
-0.2276183490465588
-13.097072643707794
-13.012476105776173
-0.21792295373230472
-0.5153375824915621
0.5928469568447516
0.7050264402445554
0.8759543899929365
0.9260594919486431
0.9630528135606875
0.979130178517096
0.988737403405411
0.9935946410768877
0.9963172681420736
0.9977801181038783
0.9985848414579479
0.9990277668926422
0.9992659467563207
0.9993910242752224
0.9994433188646117
0.9994433188644258
0.999391024276175
0.9992659467550442
0.9990277668934604
0.99858484145838
0.9977801181029557
0.9963172681422441
0.9935946410773604
0.9887374034049548
0.9791301785177362
0.9630528135618227
0.9260594919490612
0.8759543899912511
0.705026440243477
0.5928469568431114
-0.515337582488937
-0.2179229537185224
-13.012476105759141
-12.848581568024327
-0.19901652576371137
-0.48335641575571553
0.6051060195070295
0.7147447088209057
0.8810498003530551
0.9291069629766996
0.9646317737245471
0.9797724021213576
0.9888649780892962
0.9933450114740308
0.9958875205991955
0.9972062901301606
0.9979502304052276
0.9983401755423094
0.9985591806530303
0.998666999134326
0.9987150218288265
0.9987150218283964
0.9986669991345336
0.9985591806529703
0.9983401755425112
0.9979502304051808
0.9972062901302545
0.9958875205997171
0.993345011473471
0.9888649780894667
0.9797724021212266
0.9646317737237986
0.9291069629763693
0.8810498003537854
0.7147447088219762
0.605106019508059
-0.4833564157568455
-0.1990165257721556
-12.84858156803557
-12.51865466665938
-0.16273869018501658
-0.4198725108634084
0.6276373852743928
0.7334330610736897
0.8896339678031029
0.934465601099056
0.9666385506945212
0.9804149767698844
0.9882905744875179
0.9922806759876839
0.9943780313373574
0.9955347066929144
0.9961179249852616
0.9964577029719054
0.9966210258290379
0.9967151543891578
0.9967496870256604
0.996749687025865
0.9967151543889267
0.996621025829235
0.9964577029715747
0.9961179249848744
0.9955347066932103
0.9943780313373703
0.992280675987392
0.9882905744875923
0.9804149767696669
0.9666385506946638
0.9344656010988386
0.8896339678035063
0.7334330610728208
0.6276373852748158
-0.4198725108635597
-0.1627386901868386
-12.51865466665976
-11.872055207543816
-0.08854654706287596
-0.29963497609941947
0.6726137776231815
0.7657012113464478
0.9054148000814832
0.9414795988873577
0.968964778243453
0.9790332752811914
0.9854740629268475
0.988077274943938
0.9897391456552447
0.9904009162586627
0.9908567075359662
0.9910245933966177
0.9911529926123515
0.9911933144379566
0.9912208803268754
0.9912208803287927
0.9911933144365401
0.9911529926117569
0.9910245933967536
0.9908567075372415
0.9904009162577838
0.9897391456552003
0.988077274944154
0.9854740629266099
0.9790332752812229
0.968964778246159
0.9414795988860163
0.9054148000811588
0.765701211345244
0.6726137776226048
-0.2996349760975964
-0.08854654705351263
-11.872055207530307
-10.462310880027513
0.053013409306513104
-0.04195785014905102
0.7488486720120371
0.8304222610717078
0.9247094974537304
0.9512329804160824
0.9643667516666452
0.9709513322784693
0.972595280010443
0.9741321333562659
0.974185440699169
0.9745431614518245
0.9744621396414894
0.9745475856878613
0.9745015424500054
0.9745217942248051
0.9745087090521156
0.9745087090517942
0.9745217942240612
0.9745015424515879
0.9745475856867656
0.9744621396403859
0.9745431614533916
0.9741854406987169
0.9741321333554271
0.9725952800116743
0.970951332277224
0.9643667516646328
0.9512329804160979
0.9247094974558798
0.830422261071907
0.7488486720152112
-0.0419578501518455
0.053013409287283084
-10.462310880043676
-7.716451365521823
0.38731121701872734
0.4178920921703171
0.9178645181454677
0.9105952177492794
0.952934206868737
0.9340920216181687
0.9358707004726508
0.9261352691626232
0.9250218312096412
0.9212161654345832
0.9205549135396627
0.9192133273206601
0.9189394355878753
0.9184899587057422
0.9183920630612086
0.9182569089162669
0.9182333585190152
0.9182333585213132
0.9182569089162599
0.9183920630601954
0.9184899587063398
0.918939435588753
0.919213327318408
0.9205549135400619
0.9212161654360196
0.9250218312086635
0.9261352691624177
0.9358707004757773
0.934092021617218
0.9529342068674568
0.9105952177479111
0.9178645181429261
0.41789209217321976
0.3873112170348493
-7.716451365502655
0.014665958658624034
0.9626244489111995
1.6678568183244058
1.059035953692336
1.0639778885520754
0.8446282285193978
0.8137103263482252
0.7457388186901794
0.7314575268843917
0.7109653672531743
0.7057246687182499
0.6995551775258264
0.6977563762974448
0.6958857642570091
0.695289049498439
0.6947283314906918
0.6945497994725349
0.6944258506372278
0.6944258506357246
0.6945497994726153
0.6947283314916561
0.6952890494977845
0.6958857642565066
0.6977563762988978
0.699555177525681
0.7057246687167757
0.710965367254027
0.7314575268843512
0.7457388186886073
0.8137103263486792
0.8446282285201892
1.0639778885523188
1.0590359536937193
1.6678568183219333
0.9626244488981223
0.01466595864412566
13.262294979249868
3.6250944641725207
2.8115100776023887
1.288473374769223
0.3574587663493683
0.0406748424226938
-0.2511162436612814
-0.3352870342068455
-0.41557831733904815
-0.44057287912417115
-0.4626710263122388
-0.47038954822023665
-0.47664936358886056
-0.4790656569258822
-0.48088560079040754
-0.48162973335763326
-0.48213101146960724
-0.48229816595525077
-0.4822981659551099
-0.4821310114695947
-0.4816297333577533
-0.48088560078902076
-0.47906565692489855
-0.47664936358948695
-0.4703895482209649
-0.46267102631136825
-0.44057287912457854
-0.41557831733781764
-0.3352870342065316
-0.25111624366098
0.0406748424209987
0.35745876634968643
1.288473374767281
2.811510077600217
3.6250944641793925
13.26229497926807
173.65677812310088
-2.237184891660405
1.7799451581082757
-11.740389081980979
-12.337070435041607
-14.15093907838384
-14.48198983085485
-14.824077645913778
-14.933655091127452
-15.013607255640276
-15.046742762408936
-15.067886993392811
-15.07780943348615
-15.08380569348877
-15.086793677968833
-15.088529544928974
-15.08937047624801
-15.089748149685546
-15.089748149673717
-15.089370476269927
-15.088529544913712
-15.086793677979188
-15.08380569348698
-15.077809433479759
-15.067886993399263
-15.04674276241295
-15.01360725562992
-14.933655091131381
-14.824077645912896
-14.481989830854232
-14.150939078379979
-12.337070435053143
-11.740389081976925
1.7799451581158938
-2.237184891665071
173.6567781231088