-6.0238198738728626
0.8441385499711616
1.7646902710518615
1.4839930173413651
1.2193344439755704
1.0590236388004812
0.9662090405490862
0.9144512732525631
0.885450469017278
0.8691759016062366
0.8599753484565166
0.8547405041776696
0.8517419272419594
0.8500138307385103
0.8490122993048363
0.8484288954844239
0.8480874853040827
0.8478868552949377
0.8477685075115273
0.847698455591192
0.8476568602838968
0.8476320913101274
0.847617304178377
0.8476084573460565
0.8476031572449899
0.8475999835238319
0.8475980933774502
0.8475969887412589
0.8475963809327627
0.8475961118365252
0.8475961118549156
0.8475963809595097
0.8475969887395944
0.8475980933878455
0.8475999834887826
0.847603157240819
0.8476084573473193
0.8476173041979529
0.8476320913394789
0.847656860252934
0.8476984555830465
0.847768507490158
0.8478868553172254
0.8480874853201958
0.8484288954845955
0.8490122993279823
0.8500138306864902
0.8517419272695987
0.8547405041573526
0.8599753484871984
0.8691759016163461
0.8854504689913357
0.9144512732701624
0.9662090404956478
1.059023638844104
1.2193344439688474
1.4839930173646119
1.7646902710480812
0.8441385499242644
-6.0238198738518705
0.3759936108090298
-0.05467364810658599
-0.15965852280549436
-0.2750349089687163
-0.3654734759942778
-0.42347255911959203
-0.45974383339223496
-0.481425251991642
-0.4942740037198619
-0.5018188156235153
-0.506242732572716
-0.5088360471115441
-0.5103586229754935
-0.5112544247688912
-0.5117827841922544
-0.5120952319173713
-0.5122804831960228
-0.5123905995792484
-0.5124562150447374
-0.5124954047709975
-0.5125188629328351
-0.5125329334035067
-0.5125413887971244
-0.5125464777204314
-0.5125495429964262
-0.5125513874449545
-0.5125524907164845
-0.5125531378307709
-0.5125534949532583
-0.5125536533462538
-0.5125536533491363
-0.5125534949585434
-0.5125531378311656
-0.5125524907054773
-0.512551387433495
-0.512549542990627
-0.5125464777253284
-0.512541388807811
-0.5125329334103181
-0.5125188629351605
-0.5124954047656273
-0.5124562150409867
-0.5123905995811706
-0.512280483204038
-0.5120952319261909
-0.5117827841880356
-0.5112544247614472
-0.5103586229617161
-0.5088360471097948
-0.5062427325785923
-0.5018188156288377
-0.49427400371718266
-0.4814252519790534
-0.45974383338855146
-0.42347255912221193
-0.3654734760091826
-0.2750349089816417
-0.1596585228072373
-0.05467364810510387
0.3759936108283642
0.5121192321931672
-0.011249256097517722
-0.09083678052023715
-0.12872536877739194
-0.15502650343281196
-0.17372634601569417
-0.18669868654581095
-0.19524349124022433
-0.2007327257448706
-0.2041814726559105
-0.20632041857661093
-0.20763462175116576
-0.2084373597136495
-0.208925787571601
-0.20922227533481863
-0.2094020088508547
-0.20951089675255008
-0.2095768555717608
-0.2096168186629222
-0.2096410424141946
-0.20965573465759457
-0.20966465202270745
-0.2096700680825876
-0.20967335923006353
-0.2096753588821716
-0.20967657150538158
-0.20967730183804456
-0.20967773269970197
-0.20967797156075674
-0.2096780778107506
-0.2096780778124454
-0.20967797156475565
-0.2096777327012045
-0.209677301835468
-0.2096765715004627
-0.20967535887917632
-0.20967335923161232
-0.20967006808609845
-0.2096646520258557
-0.20965573465679319
-0.20964104241148274
-0.20961681866060183
-0.20957685557327785
-0.20951089675656467
-0.20940200885359367
-0.20922227533445398
-0.20892578756731378
-0.20843735971030547
-0.20763462174950673
-0.20632041858011957
-0.2041814726590177
-0.20073272574346887
-0.1952434912375552
-0.1866986865419179
-0.1737263460176684
-0.15502650343657043
-0.12872536878254637
-0.09083678052127347
-0.01124925609333101
0.5121192321991903
0.32637372455605174
-0.016829226217691833
-0.061953186974931906
-0.0659877946987098
-0.0666227653762346
-0.06852761687244077
-0.07076373444540035
-0.07278208078223472
-0.07436722673170035
-0.07551786835924554
-0.0763136993174853
-0.07684656555274708
-0.07719552152535322
-0.07742044093465471
-0.07756375376649309
-0.07765429561247442
-0.07771113629153714
-0.07774665015968552
-0.0777687593744453
-0.0777824860782326
-0.07779099086620529
-0.07779625195341013
-0.07779950234060021
-0.07780150804004489
-0.0778027436072607
-0.07780350217293146
-0.07780396401496152
-0.07780423898190506
-0.07780439250408831
-0.07780446110524222
-0.0778044611056048
-0.07780439250502164
-0.07780423898218461
-0.07780396401480486
-0.07780350217169912
-0.07780274360647932
-0.07780150804015862
-0.07779950234073782
-0.07779625195417916
-0.07779099086585642
-0.07778248607842381
-0.0777687593739761
-0.07774665016056398
-0.07771113629215859
-0.07765429561292421
-0.07756375376686127
-0.07742044093282124
-0.077195521525142
-0.07684656555122604
-0.07631369931838808
-0.0755178683600792
-0.07436722673107728
-0.07278208078296222
-0.0707637344439187
-0.06852761687364692
-0.0666227653759495
-0.06598779469974159
-0.06195318697568518
-0.01682922621557993
0.32637372455540153
0.2354884175048787
-0.023904385137414184
-0.05627892758285874
-0.046894338322530024
-0.037680579669495604
-0.0326882781404219
-0.030228083744773513
-0.029191432536053857
-0.028831423145461416
-0.02876974559361051
-0.02882007747851386
-0.028899329137645896
-0.028974254916478388
-0.029034477795595343
-0.029079140486379183
-0.029110719778384142
-0.029132361250995657
-0.02914687257129054
-0.029156449762752223
-0.029162695667359677
-0.029166731833722582
-0.02916932127256449
-0.029170972835112663
-0.029172020909528792
-0.02917268270512528
-0.029173097928147963
-0.0291733555284425
-0.029173511316714494
-0.029173599350383612
-0.029173638990840852
-0.02917363899110154
-0.02917359935070517
-0.02917351131639443
-0.02917335552824117
-0.029173097927318155
-0.029172682704539314
-0.029172020909555348
-0.02917097283534972
-0.02916932127332381
-0.029166731833665527
-0.0291626956677077
-0.029156449762313654
-0.029146872572117788
-0.029132361251463616
-0.029110719778702193
-0.02907914048688385
-0.029034477794080644
-0.028974254916318262
-0.028899329136640367
-0.028820077478907188
-0.028769745593955287
-0.028831423144654412
-0.02919143253673117
-0.030228083743423763
-0.03268827814161375
-0.03768057966925653
-0.04689433832349285
-0.056278927583974056
-0.02390438513603358
0.23548841750432992
0.20097317366212442
-0.027366146463956298
-0.05559946398186734
-0.04117776489291969
-0.02828563742334074
-0.02055233818917359
-0.016124225342004653
-0.01373049154417583
-0.012457455489475404
-0.011796170085334854
-0.011459535017989606
-0.011292667725635454
-0.01121280649622143
-0.011176549332042714
-0.011161492400417798
-0.011156306188882284
-0.011155407800947498
-0.011156144449276338
-0.011157323597306725
-0.01115845834120387
-0.011159387614615556
-0.01116009007046705
-0.011160596234506681
-0.011160949424199285
-0.011161190048997934
-0.011161350640998838
-0.011161455399562373
-0.01116152132203671
-0.011161559683449831
-0.011161577274355123
-0.01116157727432572
-0.011161559683311638
-0.011161521321561816
-0.011161455399620572
-0.011161350640656232
-0.011161190048946485
-0.011160949424107548
-0.011160596234479797
-0.011160090070692024
-0.01115938761457936
-0.011158458341713057
-0.011157323596867535
-0.011156144449751375
-0.01115540780089699
-0.01115630618882894
-0.011161492401069534
-0.01117654933134357
-0.01121280649672031
-0.01129266772498463
-0.011459535018033814
-0.011796170085554
-0.01245745548883772
-0.013730491544932624
-0.016124225341122372
-0.020552338190146163
-0.028285637422637802
-0.041177764893484375
-0.055599463982558314
-0.02736614646295385
0.20097317366173895
0.1886013335321123
-0.02878116916801705
-0.055676487495252246
-0.03940926621759147
-0.025158324349623683
-0.016357365959324223
-0.01112746752309388
-0.008152603104785484
-0.006469436015074983
-0.005526004168101103
-0.004999108282379976
-0.004706135985101778
-0.0045438613098308135
-0.004454374548252846
-0.0044052694644773
-0.004378478734366356
-0.004363962203973692
-0.00435616156910067
-0.0043520126133804685
-0.00434983430825627
-0.004348709698281671
-0.004348142020308123
-0.004347864362776077
-0.004347734777538216
-0.0043476787270741255
-0.004347657704876589
-0.004347652239067277
-0.004347652740890896
-0.004347654675867094
-0.004347656019942586
-0.004347656019509611
-0.00434765467539191
-0.004347652740450282
-0.004347652239449896
-0.004347657704957821
-0.004347678727700373
-0.004347734777409971
-0.0043478643620957266
-0.004348142020247377
-0.004348709698147426
-0.004349834309201753
-0.004352012613200978
-0.004356161569273891
-0.0043639622032803456
-0.004378478733632963
-0.00440526946548811
-0.004454374547905366
-0.004543861311133816
-0.004706135984300768
-0.004999108281911803
-0.005526004168043115
-0.006469436014607739
-0.00815260310597809
-0.011127467522594137
-0.016357365960320808
-0.02515832434825728
-0.0394092662176444
-0.05567648749583866
-0.028781169167373215
0.18860133353133005
0.1842114931051762
-0.029324086561852442
-0.055776219089433005
-0.03883730708909562
-0.024084880947816918
-0.014872294840425695
-0.009321200153994194
-0.006103472380488719
-0.0042416740740667674
-0.0031702408130772925
-0.0025535751273407766
-0.002198828319292677
-0.0019947204754296446
-0.001877292787999556
-0.0018097437137492391
-0.0017708997614273615
-0.001748573704601194
-0.0017357500729746757
-0.0017283905451578791
-0.0017241710711473446
-0.0017217546856254267
-0.0017203727122387825
-0.001719583528148058
-0.0017191336559535292
-0.0017188777769995042
-0.0017187327244497484
-0.0017186510478562937
-0.0017186058370792807
-0.0017185821080247317
-0.0017185719447646891
-0.0017185719448784553
-0.001718582108330912
-0.0017186058370821564
-0.0017186510475887319
-0.0017187327237056503
-0.0017188777770327961
-0.0017191336561327647
-0.001719583528398259
-0.0017203727129600991
-0.001721754685220251
-0.0017241710713087003
-0.0017283905447696324
-0.001735750073587203
-0.001748573704804733
-0.001770899761473639
-0.0018097437144427779
-0.0018772927866355874
-0.001994720475853585
-0.00219882831854672
-0.002553575127733052
-0.003170240813322474
-0.004241674073532974
-0.006103472380948558
-0.009321200152735668
-0.014872294841440793
-0.024084880947543526
-0.03883730709009362
-0.055776219090065235
-0.02932408656054828
0.18421149310480422
0.18264619924205533
-0.029526936367547944
-0.05582765990564954
-0.03864359829345346
-0.023705233029161762
-0.01433451328722826
-0.008655927827864951
-0.005338273747980513
-0.0034003082512912963
-0.002272315542598796
-0.0016145785653150207
-0.0012305981692607463
-0.0010060403565044962
-0.0008745232087011012
-0.0007973947294270018
-0.0007521127355426307
-0.0007255033554870159
-0.0007098550044519147
-0.0007006469723142227
-0.0006952259662425814
-0.0006920331933214234
-0.0006901521624477459
-0.000689043695244865
-0.0006883904645650979
-0.0006880056810248884
-0.0006877794464435552
-0.0006876472303619513
-0.0006875713647523903
-0.0006875302727772323
-0.0006875122799208612
-0.0006875122800000298
-0.0006875302726721789
-0.0006875713645864152
-0.0006876472304063179
-0.0006877794463261593
-0.0006880056814172588
-0.0006883904645688431
-0.0006890436950513676
-0.0006901521624573391
-0.0006920331931064858
-0.0006952259664725553
-0.0007006469721327855
-0.0007098550047838122
-0.0007255033550936206
-0.0007521127353568937
-0.0007973947297511541
-0.0008745232081625155
-0.0010060403571221313
-0.0012305981688520442
-0.0016145785655783409
-0.002272315542499145
-0.0034003082510163044
-0.005338273748755146
-0.008655927827274054
-0.014334513287854256
-0.023705233028748537
-0.03864359829350904
-0.05582765990590194
-0.029526936366343872
0.18264619924128372
0.1820825818558569
-0.029601850450509885
-0.055849283557954564
-0.03857507579314483
-0.02356724937993227
-0.014135737036396924
-0.008406754574509612
-0.005048373866602153
-0.003078393630074039
-0.0019258760788567468
-0.001249773289223777
-0.0008523193847494556
-0.0006180550500268025
-0.0004796573804440661
-0.0003977209690399436
-0.00034912174038908195
-0.00032024927418564564
-0.00030307235846382073
-0.00029284100838257996
-0.0002867403171754564
-0.000283099268398469
-0.0002809244495704088
-0.00027962455368977406
-0.0002788472804840295
-0.0002783825944906343
-0.0002781052854221138
-0.0002779408452714347
-0.0002778452069848415
-0.000277792813799236
-0.0002777696945502244
-0.0002777696946709111
-0.00027779281367357455
-0.00027784520686183374
-0.0002779408454068259
-0.00027810528548562414
-0.00027838259465659467
-0.0002788472805584808
-0.00027962455334634923
-0.0002809244496083046
-0.0002830992683563456
-0.0002867403175833772
-0.0002928410082013612
-0.0003030723588710318
-0.00032024927385506427
-0.0003491217400782334
-0.0003977209693056145
-0.0004796573800059018
-0.0006180550505050303
-0.0008523193846673517
-0.0012497732894235455
-0.001925876078899405
-0.0030783936297411104
-0.005048373867317746
-0.008406754573863091
-0.014135737037208843
-0.02356724937949798
-0.03857507579318201
-0.05584928355820992
-0.029601850449485587
0.18208258185507434
0.1818774034914694
-0.02962938519609193
-0.055857556266338745
-0.038549882098064855
-0.02351587833104999
-0.014060917375403948
-0.008312028183721136
-0.004937135997624063
-0.0029538255340916656
-0.0017908148159792242
-0.0011066373343542207
-0.0007030976142270652
-0.00046433105914765065
-0.00032265812598495573
-0.0002383746300005718
-0.00018811604274990512
-0.00015808458002277223
-0.0001401069269061428
-0.00012932775068199277
-0.00012285555647292801
-0.00011896457683659659
-0.00011662283230679733
-0.00011521219604382373
-0.00011436193309287068
-0.00011384947176557715
-0.00011354116669834742
-0.00011335690618402672
-0.0001132489643909266
-0.00011318947582073029
-0.0001131631193246736
-0.00011316311969940279
-0.00011318947601422207
-0.0001132489642644397
-0.0001133569061745869
-0.00011354116603381905
-0.00011384947149870094
-0.00011436193339360291
-0.00011521219630981455
-0.00011662283279746701
-0.00011896457647371834
-0.00012285555652552177
-0.00012932775020412733
-0.00014010692751486282
-0.00015808458026152987
-0.0001881160427289496
-0.00023837463052197552
-0.00032265812477312556
-0.00046433105934101605
-0.0007030976138271689
-0.0011066373347536726
-0.00179081481629097
-0.0029538255337922164
-0.004937135997936094
-0.00831202818255923
-0.014060917376559737
-0.023515878330938655
-0.038549882098817406
-0.05585755626631771
-0.029629385194984943
0.1818774034916268
0.1818019017044839
-0.02963949087458946
-0.05586053675106821
-0.038540311358568856
-0.023496351562078438
-0.014032302539304915
-0.00827553939707951
-0.0048939691119639275
-0.00290514107610479
-0.001737682456026019
-0.001049998903319038
-0.0006437522679409119
-0.00040293472584206015
-0.00025973417205358944
-0.00017433038812781281
-0.00012326171535062525
-0.00009265190341839239
-0.0000742660985632071
-0.00006320189464602562
-0.00005653254880317833
-0.000052506387204087676
-0.00005007269261654733
-0.00004859998139596074
-0.00004770811838975301
-0.00004716799637242713
-0.00004684148239605188
-0.00004664542288486619
-0.00004653007395237722
-0.00004646627474204328
-0.000046437940032634656
-0.00004643794005880644
-0.000046466274123480526
-0.00004653007376473106
-0.00004664542365031414
-0.00004684148254363673
-0.00004716799675922425
-0.00004770811827241077
-0.00004859998076865023
-0.000050072692602908996
-0.00005250638716627826
-0.000056532549561562754
-0.000063201894548894
-0.00007426609872062522
-0.0000926519027652247
-0.00012326171483264487
-0.00017433038867304643
-0.00025973417184991187
-0.00040293472665051914
-0.0006437522678047294
-0.0010499989032345613
-0.0017376824560131898
-0.002905141076134444
-0.004893969112874387
-0.008275539396857583
-0.014032302539839586
-0.023496351561238655
-0.038540311358356755
-0.05586053675092066
-0.029639490874087453
0.18180190170397192
0.18177383665419272
-0.029643200126072432
-0.05586155747137252
-0.03853657736251573
-0.023488796630678748
-0.014021205620961498
-0.008261319575820877
-0.004877049525785326
-0.0028859455623286654
-0.001716613526488853
-0.0010274214657030175
-0.0006199848460900915
-0.0003782460620214591
-0.00023434451872189263
-0.00014841568736032723
-0.00009695938468439014
-0.00006606714554659133
-0.00004747803360823614
-0.00003626908738007545
-0.000029497732861050368
-0.00002540034816204976
-0.000022917352798455114
-0.000021410795093125826
-0.000020495882446935253
-0.00001994019995153557
-0.000019603296745643535
-0.0000194004173237955
-0.000019280738936560742
-0.00001921439746123082
-0.000019184889575341007
-0.000019184889475108637
-0.00001921439696671608
-0.000019280738918651843
-0.000019400417508712556
-0.00001960329629088642
-0.000019940200025534075
-0.00002049588244022985
-0.000021410794799600307
-0.000022917353034659914
-0.000025400347990799975
-0.000029497732892033712
-0.00003626908756971898
-0.000047478033968102496
-0.00006606714536755553
-0.00009695938460617836
-0.0001484156874990006
-0.0002343445184966783
-0.00037824606188811144
-0.0006199848461121359
-0.0010274214653474062
-0.0017166135265142403
-0.0028859455622887984
-0.004877049526030205
-0.008261319575671522
-0.014021205621115154
-0.023488796630763496
-0.03853657736261164
-0.055861557471853895
-0.0296432001255498
0.1817738366543571
0.1817633073358498
-0.02964456249328835
-0.0558618880197119
-0.038535089409899304
-0.02348582954937692
-0.014016849940678866
-0.008255720992405409
-0.0048703585690226155
-0.002878317408798216
-0.0017081996250507172
-0.0010183628015028954
-0.0006104076895993187
-0.00036825965347226253
-0.0002240406042100752
-0.00013786932654520626
-0.00008623058243427815
-0.000055202893166806145
-0.00003651445966687363
-0.000025233512217279158
-0.00001841051120853443
-0.000014276442417374417
-0.000011767629774699549
-0.00001024306120391625
-9.315692443914355e-6
-8.75147609794098e-6
-8.408795149070632e-6
-8.202076103068604e-6
-8.079933683581668e-6
-8.012134250930394e-6
-7.981950011741004e-6
-7.981950169398706e-6
-8.01213423869424e-6
-8.07993392781662e-6
-8.20207603878933e-6
-8.40879463366332e-6
-8.751475949010353e-6
-9.315692275093744e-6
-0.000010243061011251108
-0.000011767630330557392
-0.000014276442409059592
-0.000018410511132757787
-0.00002523351234694477
-0.00003651445993197079
-0.00005520289314230719
-0.00008623058264044527
-0.00013786932671285408
-0.00022404060374649247
-0.0003682596531872141
-0.0006104076893900887
-0.0010183628013283978
-0.0017081996253090626
-0.0028783174090098026
-0.004870358569224716
-0.00825572099202453
-0.014016849940864913
-0.023485829549373158
-0.0385350894103797
-0.05586188802017664
-0.029644562492415344
0.18176330733608737
0.1817593234467919
-0.02964506321613118
-0.05586198696855538
-0.03853448661734983
-0.02348464949873749
-0.014015122278650583
-0.008253496725504048
-0.004867691554689777
-0.002875264649627174
-0.0017048181712277692
-0.0010147070613540522
-0.0006065275500490226
-0.000364199271813098
-0.0002198379051118962
-0.0001335560237733919
-0.00008183257731372303
-0.00005074089934527987
-0.00003200473255668816
-0.00002068859312885676
-0.000013839928410935545
-9.687333670624671e-6
-7.1652756619202136e-6
-5.6313236018065475e-6
-4.697368993543747e-6
-4.128577461139099e-6
-3.7827586682617264e-6
-3.5739297652064245e-6
-3.4504190518936043e-6
-3.3818031123406278e-6
-3.3512377659717305e-6
-3.3512377076403026e-6
-3.381802544531201e-6
-3.4504190161059706e-6
-3.5739301026565474e-6
-3.7827588340702038e-6
-4.1285779532346244e-6
-4.6973689491966125e-6
-5.631323150033841e-6
-7.165275575850831e-6
-9.68733380845517e-6
-0.000013839928795326078
-0.000020688593435363515
-0.00003200473279836043
-0.00005074089851985802
-0.00008183257694677291
-0.00013355602412109044
-0.0002198379051606158
-0.0003641992724091153
-0.0006065275496163042
-0.001014707060833568
-0.0017048181707618958
-0.002875264649751846
-0.004867691555205887
-0.008253496725646446
-0.014015122278999887
-0.023484649497622342
-0.03853448661751249
-0.055861986968379865
-0.029645063216018338
0.1817593234463929
0.18175780444675893
-0.02964524731186782
-0.05586201267237341
-0.03853423928554564
-0.023484175173335536
-0.014014430747884523
-0.008252605962497783
-0.004866620939457813
-0.0028740352015624356
-0.0017034514241691641
-0.001013224013215317
-0.0006049478731769474
-0.00036254074711284794
-0.0002181161204791744
-0.00013178427778285067
-0.00008002194859414418
-0.00004890042159047382
-0.000030141631395033403
-0.000018808548536811392
-0.000011947334234239106
-7.785541486479767e-6
-5.2568081578067346e-6
-3.718058471476643e-6
-2.7806893137437695e-6
-2.2094940608257375e-6
-1.8620061749667705e-6
-1.6520409838842966e-6
-1.5277870039915655e-6
-1.4587228972155505e-6
-1.427948358529827e-6
-1.4279484791407497e-6
-1.4587233175379746e-6
-1.5277871139047008e-6
-1.6520406985626315e-6
-1.8620052793130262e-6
-2.2094936763899656e-6
-2.78068943690354e-6
-3.7180586885484226e-6
-5.256808299236052e-6
-7.785541997446513e-6
-0.000011947334113213295
-0.00001880854855983694
-0.000030141631984674423
-0.00004890042167602173
-0.00008002194906812744
-0.00013178427766847298
-0.000218116119906364
-0.00036254074678841524
-0.0006049478729685334
-0.0010132240132522826
-0.001703451424427284
-0.0028740352017106586
-0.004866620939084432
-0.008252605962352128
-0.014014430748099046
-0.023484175173524798
-0.03853423928653156
-0.05586201267243235
-0.029645247312228784
0.1817578044473075
0.1817572211976929
-0.029645314975587117
-0.055862017228278785
-0.038534136801220635
-0.02348398280505566
-0.014014151750429787
-0.008252246705227935
-0.004866188434433694
-0.0028735372310460085
-0.001702896138117204
-0.0010126195234462342
-0.0006043019299395611
-0.0003618604913053851
-0.00021740793203170895
-0.00013105370225997154
-0.00007927369196746083
-0.00004813838964207561
-0.000029369003337552907
-0.00001802786684906272
-0.00001116059956363492
-6.994306990729936e-6
-4.4622621837055464e-6
-2.921100414076336e-6
-1.9819915954025435e-6
-1.4095550539438123e-6
-1.061194101260592e-6
-8.506279742696775e-7
-7.259781260923784e-7
-6.566742462729485e-7
-6.257875687943623e-7
-6.257873758785418e-7
-6.566743547591193e-7
-7.25977662921193e-7
-8.50627753159391e-7
-1.0611938054208009e-6
-1.409554609902129e-6
-1.9819915852698153e-6
-2.9211005105403945e-6
-4.462262049646206e-6
-6.994307334689368e-6
-0.00001116059928714194
-0.000018027866876641967
-0.000029369003592343304
-0.000048138389524240654
-0.000079273692248373
-0.00013105370226405326
-0.00021740793185318975
-0.0003618604909454773
-0.0006043019298580436
-0.0010126195231104675
-0.001702896138310582
-0.002873537231086366
-0.00486618843411076
-0.00825224670554655
-0.014014151750182436
-0.023483982805210697
-0.03853413680130538
-0.055862017228012546
-0.029645314976366084
0.18175722119866727
0.18175699579265428
-0.029645339820352258
-0.055862016698375205
-0.0385340940131011
-0.023483904193892444
-0.014014038406286275
-0.008252100898033861
-0.004866012715679333
-0.0028733344931452694
-0.0017026694731303185
-0.0010123720688460579
-0.0006040367401177305
-0.00036158043181868575
-0.00021711560679708899
-0.00013075141327816356
-0.00007896342443025186
-0.000047821819595548156
-0.00002904751878168322
-0.000017702595939657594
-0.000010832445298427449
-6.663979903990763e-6
-4.130314500573648e-6
-2.5879560701745156e-6
-1.6479730879124601e-6
-1.0749059686339094e-6
-7.260974016330953e-7
-5.152214464912389e-7
-3.903637708409853e-7
-3.2093329435861547e-7
-2.8998601742690865e-7
-2.8998567152309026e-7
-3.2093301546183337e-7
-3.903636004947745e-7
-5.152214321639788e-7
-7.260978550847168e-7
-1.0749062164093913e-6
-1.6479730103132797e-6
-2.587955756258811e-6
-4.1303144456812845e-6
-6.663980446279499e-6
-0.000010832445684836998
-0.000017702596524246714
-0.00002904751886526978
-0.00004782181894011733
-0.00007896342439956105
-0.00013075141324871804
-0.0002171156063912315
-0.00036158043194415543
-0.0006040367399908254
-0.0010123720688392185
-0.0017026694730968334
-0.0028733344933004022
-0.0048660127157681
-0.008252100898031845
-0.014014038406399386
-0.023483904193695573
-0.03853409401318579
-0.05586201669818265
-0.02964533982175177
0.18175699579357815
0.18175690817439466
-0.029645348921644173
-0.05586201551661271
-0.03853407604219405
-0.02348387186213955
-0.014013992080631076
-0.00825204138998182
-0.004865940957705416
-0.00287325156467322
-0.0017025765521249824
-0.001012270371557548
-0.0006039274703542319
-0.0003614647373922439
-0.00021699454794234306
-0.0001306259427105741
-0.00007883437737917867
-0.00004768991207035644
-0.000028913352185001664
-0.000017566666461628243
-0.00001069515579555846
-6.525652449587444e-6
-3.9912030569872585e-6
-2.448259559680462e-6
-1.5078443158345624e-6
-9.344616271676407e-7
-5.854263445439634e-7
-3.743905359029217e-7
-2.494256003008695e-7
-1.799297938449439e-7
-1.4895155076564518e-7
-1.489515085947781e-7
-1.7992987464869496e-7
-2.494258797530495e-7
-3.7438993891976316e-7
-5.854256959770471e-7
-9.344613403352712e-7
-1.5078441970960808e-6
-2.4482599026018495e-6
-3.991203810890053e-6
-6.525652587928571e-6
-0.000010695155153008986
-0.00001756666654427925
-0.00002891335242174705
-0.0000476899121645409
-0.00007883437803217895
-0.00013062594248063866
-0.00021699454701887326
-0.00036146473680327267
-0.0006039274702485994
-0.0010122703718958518
-0.0017025765520979799
-0.002873251564751516
-0.004865940956877545
-0.008252041389448048
-0.014013992081046079
-0.023483871862567146
-0.038534076042897825
-0.05586201551630687
-0.029645348922523664
0.18175690817582627
0.1817568739291986
-0.029645352243084892
-0.05586201464250126
-0.03853406845908369
-0.02348385849128798
-0.014013973045361502
-0.008252016981421723
-0.004865911517772578
-0.0028732174982816694
-0.0017025383092210515
-0.0010122284244597954
-0.0006038822944916127
-0.00036141679216894615
-0.00021694426490148711
-0.00013057371503593813
-0.00007878055573642305
-0.0000476348006108994
-0.000028857209681561453
-0.000017509709861808265
-0.000010637562671332368
-6.4675685313337115e-6
-3.932744639027569e-6
-2.3895188040041663e-6
-1.4488918340430158e-6
-8.753521706939828e-7
-5.262031362439085e-7
-3.1508611860568774e-7
-1.900676910559584e-7
-1.2053834001268708e-7
-8.954431659251284e-8
-8.954437484646737e-8
-1.2053802657440113e-7
-1.9006745682069522e-7
-3.1508616255550083e-7
-5.262034057905326e-7
-8.753525663863688e-7
-1.4488917438334322e-6
-2.389518321871881e-6
-3.932744434247941e-6
-6.46756894522399e-6
-0.00001063756267663576
-0.000017509710591694594
-0.000028857209583609966
-0.00004763479987938845
-0.0000787805559021696
-0.00013057371486358452
-0.00021694426523599506
-0.00036141679212167396
-0.0006038822949053161
-0.0010122284245025473
-0.0017025383087638456
-0.0028732174989955766
-0.0048659115173861536
-0.008252016982081554
-0.014013973045238038
-0.023483858491160928
-0.03853406845893643
-0.05586201464175513
-0.029645352244109854
0.18175687392982773
0.18175686046839928
-0.029645353452346274
-0.05586201412903515
-0.03853406524793479
-0.023483852933410255
-0.014013965183945772
-0.008252006922657075
-0.004865899388352803
-0.00287320345018619
-0.0017025225136379242
-0.0010122110649872715
-0.0006038635589740566
-0.00036139686568533694
-0.00021692332353044744
-0.0001305519204734131
-0.00007875805330396913
-0.0000476117179345318
-0.0000288336582340396
-0.000017485785138998503
-0.00001061334381398545
-6.443120488280754e-6
-3.908118450017575e-6
-2.3647556533159956e-6
-1.4240252493792186e-6
-8.504098741429143e-7
-5.012061292607287e-7
-2.9005017989043904e-7
-1.6500488715869483e-7
-9.545791328710638e-8
-6.445511909797195e-8
-6.445527146883666e-8
-9.54574227993456e-8
-1.6500464033581908e-7
-2.900502726773349e-7
-5.012061407635267e-7
-8.504099156065228e-7
-1.4240256272494789e-6
-2.364755232470006e-6
-3.908118132674421e-6
-6.443120894719653e-6
-0.000010613343500349152
-0.00001748578540677638
-0.000028833658073280696
-0.00004761171762291042
-0.0000787580534921291
-0.00013055192009964336
-0.00021692332393865986
-0.0003613968654615156
-0.0006038635592705286
-0.0010122110645482854
-0.0017025225131593153
-0.0028732034506744842
-0.0048658993877767134
-0.008252006923808359
-0.014013965184081028
-0.023483852933399767
-0.03853406524781096
-0.05586201412851759
-0.029645353453293402
0.1817568604689822
0.18175685516463325
-0.029645353886357955
-0.055862013851985005
-0.03853406388329288
-0.023483850615563594
-0.014013961926925613
-0.008252002763120787
-0.004865894372521633
-0.0028731976355324635
-0.0017025159669705235
-0.0010122038586509764
-0.0006038557668911547
-0.0003613885616051871
-0.00021691457824640962
-0.00013054280091263362
-0.00007874862087963933
-0.000047602027821964794
-0.00002882375815812802
-0.00001747571473454804
-0.000010603137143160411
-6.432806004041428e-6
-3.89772068550209e-6
-2.354294112142466e-6
-1.4135154838312964e-6
-8.398632534365725e-7
-4.906309819397744e-7
-2.794546177273673e-7
-1.5439510267869206e-7
-8.4839979581918e-8
-5.3833909005794696e-8
-5.3834190541029555e-8
-8.484045252114276e-8
-1.543951580295896e-7
-2.794543296484096e-7
-4.906306312606577e-7
-8.398630767594729e-7
-1.413516023727327e-6
-2.354294243539652e-6
-3.897720941400046e-6
-6.432806236397614e-6
-0.000010603136628969325
-0.000017475715000406857
-0.000028823758200574595
-0.00004760202796988823
-0.00007874862125318897
-0.00013054280069986807
-0.0002169145780859107
-0.00036138856139654213
-0.0006038557670755762
-0.0010122038586378472
-0.001702515966699859
-0.002873197635821727
-0.004865894371879551
-0.00825200276367543
-0.01401396192664461
-0.023483850615538458
-0.03853406388390185
-0.05586201385167705
-0.029645353886703994
0.18175685516581735
0.1817568530599093
-0.02964535404135199
-0.05586201371256157
-0.03853406330210217
-0.023483849644327592
-0.014013960570387111
-0.008252001034936559
-0.004865892290335636
-0.0028731952211749567
-0.0017025132459571924
-0.0010122008588257783
-0.0006038525176545096
-0.000361385092388942
-0.00021691091812273806
-0.00013053897765053063
-0.00007874465995042037
-0.00004759795192097097
-0.000028819587005400318
-0.000017471466304015423
-0.00001059882678481542
-6.428446464848183e-6
-3.893322189648462e-6
-2.3498651534161382e-6
-1.4090628726450645e-6
-8.353924450900897e-7
-4.861467960561454e-7
-2.7496118614399336e-7
-1.4989547269715033e-7
-8.033666657182508e-8
-4.9328530716607496e-8
-4.9328265852002965e-8
-8.033615683400775e-8
-1.4989543415904623e-7
-2.7496163715197484e-7
-4.86147601777304e-7
-8.353925901356812e-7
-1.4090627600160087e-6
-2.3498646233021085e-6
-3.893321834949349e-6
-6.428446594633822e-6
-0.000010598826675677029
-0.000017471466803656855
-0.000028819586771383374
-0.000047597951155552105
-0.00007874466002723079
-0.0001305389773958772
-0.00021691091876209858
-0.00036138509284047834
-0.0006038525179276009
-0.0010122008583611087
-0.0017025132451868445
-0.002873195221604355
-0.0048658922904264885
-0.008252001036011074
-0.014013960569707287
-0.023483849643746585
-0.038534063301944275
-0.05586201371157057
-0.029645354042422984
0.18175685306000838
0.18175685221299492
-0.0296453540975304
-0.05586201364609096
-0.03853406305469228
-0.023483849235767164
-0.014013960002832133
-0.008252000314517251
-0.004865891423737615
-0.002873194216199279
-0.0017025121113940394
-0.001012199605321003
-0.0006038511581069098
-0.0003613836392808389
-0.00021690938397980495
-0.00013053737284018214
-0.00007874299400643378
-0.00004759623384178525
-0.00002881782588916466
-0.000017469670841431137
-0.000010597003057677877
-6.4266006669348865e-6
-3.891457644309678e-6
-2.3479857881218443e-6
-1.4071722607941715e-6
-8.334935554971169e-7
-4.842431659070875e-7
-2.7305335197815196e-7
-1.479844791376973e-7
-7.842233972813034e-8
-4.7412978192203504e-8
-4.741294259741471e-8
-7.842247838116723e-8
-1.4798455758929926e-7
-2.730529714428848e-7
-4.842426796233892e-7
-8.334931365691797e-7
-1.407172320462028e-6
-2.3479857749455955e-6
-3.891457526080775e-6
-6.426601097967251e-6
-0.000010597002704623692
-0.000017469670924793605
-0.000028817825778074208
-0.00004759623392983035
-0.00007874299459992065
-0.0001305373722621282
-0.00021690938444344075
-0.00036138363880575326
-0.0006038511584718368
-0.0010121996052512676
-0.0017025121112969627
-0.002873194216467123
-0.004865891423055831
-0.008252000315260029
-0.01401396000225718
-0.023483849236258132
-0.03853406305509627
-0.055862013645650965
-0.029645354098709303
0.1817568522134213
0.18175685188929067
-0.0296453541140295
-0.05586201361162774
-0.03853406294819675
-0.023483849064727752
-0.014013959767249133
-0.00825200001495918
-0.004865891061767793
-0.002873193795565676
-0.0017025116371004539
-0.001012199082558273
-0.0006038505901544844
-0.00036138302981725485
-0.00021690873738531712
-0.0001305366943393983
-0.0000787422893759203
-0.00004759550794707287
-0.000028817082539000668
-0.000017468911498339896
-0.000010596230449253005
-6.4258171160027226e-6
-3.89066587912932e-6
-2.3471886106797936e-6
-1.4063705471703658e-6
-8.326874896792253e-7
-4.834327936209922e-7
-2.72239291727129e-7
-1.4716895600853575e-7
-7.760664866513053e-8
-4.659769623122364e-8
-4.659745947184287e-8
-7.760655047213391e-8
-1.4716896133296844e-7
-2.7223935575352797e-7
-4.83432626072523e-7
-8.326874553256795e-7
-1.4063707565936356e-6
-2.347188565652822e-6
-3.8906661529829105e-6
-6.425817485323985e-6
-0.000010596229606195725
-0.000017468911587412932
-0.000028817082350392587
-0.00004759550821850876
-0.00007874228983955704
-0.00013053669389806872
-0.0002169087379164112
-0.0003613830292144302
-0.0006038505906333487
-0.0010121990823525892
-0.0017025116368601285
-0.00287319379612938
-0.0048658910607700875
-0.008252000015376397
-0.014013959766675617
-0.023483849064879568
-0.038534062948383324
-0.05586201361053816
-0.029645354115409993
0.18175685189023555
0.18175685174762968
-0.029645354122415313
-0.055862013598068166
-0.03853406290364803
-0.023483848991933527
-0.014013959666876737
-0.00825199988818006
-0.004865890910354521
-0.0028731936201434015
-0.0017025114384059171
-0.0010121988619119968
-0.0006038503497271185
-0.00036138277312194016
-0.00021690846633233178
-0.00013053641046974337
-0.00007874199362491974
-0.00004759520144565372
-0.00002881676673959232
-0.000017468588510047053
-0.000010595902305864085
-6.425484285528719e-6
-3.890329626980345e-6
-2.346848627312448e-6
-1.406027407110504e-6
-8.323427607609561e-7
-4.830871620516119e-7
-2.7189356968259835e-7
-1.4682262604144086e-7
-7.725943943949334e-8
-4.624946324718214e-8
-4.6249341061902503e-8
-7.725930940991373e-8
-1.4682274359495953e-7
-2.718941992138261e-7
-4.83087375504214e-7
-8.32343040271427e-7
-1.4060274062894717e-6
-2.346848058396003e-6
-3.89032924883003e-6
-6.425484708168014e-6
-0.00001059590228147987
-0.000017468588967007762
-0.00002881676661712835
-0.00004759520082795129
-0.00007874199360089832
-0.00013053641051228158
-0.00021690846715957007
-0.0003613827733008187
-0.000603850350221596
-0.0010121988615099872
-0.0017025114378869406
-0.0028731936207634385
-0.004865890909871653
-0.008251999888920723
-0.014013959666205549
-0.023483848990965582
-0.038534062903352775
-0.055862013596885945
-0.029645354124351465
0.18175685174725076
0.18175685169448824
-0.02964535412533648
-0.055862013591678
-0.038534062884137715
-0.023483848960892874
-0.014013959624401029
-0.008251999835133741
-0.0048658908468840285
-0.0028731935464452714
-0.0017025113552025348
-0.0010121987696258639
-0.0006038502495636662
-0.0003613826656509348
-0.00021690835226102529
-0.0001305362904459699
-0.00007874186830995601
-0.00004759507136156287
-0.00002881663278422348
-0.000017468452043535846
-0.000010595763276490692
-6.425343306689675e-6
-3.890186532089532e-6
-2.3467035024941574e-6
-1.4058812551379934e-6
-8.321960146948244e-7
-4.829401087842049e-7
-2.71746332788496e-7
-1.466749829479402e-7
-7.711118602974481e-8
-4.610101058678994e-8
-4.610134321666152e-8
-7.71114966077917e-8
-1.4667487550759495e-7
-2.717462607908023e-7
-4.829395476520656e-7
-8.321956355988713e-7
-1.4058814208537524e-6
-2.3467039269384345e-6
-3.890186451062926e-6
-6.425343674205609e-6
-0.000010595762364597188
-0.000017468451521560103
-0.00002881663297228943
-0.000047595071755072174
-0.0000787418689679285
-0.00013053629020098125
-0.0002169083521985466
-0.00036138266456300883
-0.000603850249634033
-0.0010121987700790265
-0.0017025113555151458
-0.0028731935470422453
-0.004865890845446997
-0.008251999835254807
-0.014013959623499307
-0.023483848961025844
-0.038534062884866105
-0.05586201359065017
-0.029645354126866592
0.18175685169506833
0.18175685168133496
-0.029645354123045264
-0.05586201358626156
-0.03853406287531064
-0.023483848948926096
-0.014013959608643264
-0.008251999814326377
-0.0048658908201784905
-0.002873193514876391
-0.00170251131992913
-0.0010121987312814505
-0.00060385020821851
-0.0003613826200451838
-0.00021690830267983685
-0.00013053623755475603
-0.00007874181381708795
-0.00004759501648587848
-0.000028816577438006844
-0.00001746839505003319
-0.000010595703900929693
-6.425282915396382e-6
-3.890125487103968e-6
-2.3466431948106125e-6
-1.40582139553584e-6
-8.321349839778657e-7
-4.828775071001935e-7
-2.716821043277804e-7
-1.466103733662546e-7
-7.704708337840924e-8
-4.6037783820259796e-8
-4.603818062490385e-8
-7.704716531968916e-8
-1.4661066120679153e-7
-2.716820996725652e-7
-4.828778372100098e-7
-8.321349429295456e-7
-1.4058214635866514e-6
-2.3466432681026387e-6
-3.890124770704678e-6
-6.425283209623132e-6
-0.000010595703104727502
-0.000017468395067984223
-0.00002881657736646407
-0.00004759501609166762
-0.00007874181418800346
-0.00013053623716361063
-0.00021690830348686956
-0.0003613826194655972
-0.0006038502091161868
-0.0010121987315231987
-0.0017025113197629994
-0.002873193515433905
-0.0048658908191514545
-0.008251999815142344
-0.014013959607428222
-0.023483848949259634
-0.03853406287511711
-0.05586201358514497
-0.02964535412511829
0.18175685168200734
0.18175685166031644
-0.029645354125755835
-0.055862013586913326
-0.038534062872512334
-0.023483848942578267
-0.01401395959937963
-0.008251999803626007
-0.004865890809120256
-0.0028731935031693226
-0.0017025113059670747
-0.0010121987149602266
-0.0006038501899491228
-0.00036138260119723006
-0.00021690828414295006
-0.00013053621907835612
-0.00007874179375146688
-0.00004759499392040902
-0.000028816553022434172
-0.00001746836983981106
-0.000010595679498514926
-6.4252585314495955e-6
-3.890100209820651e-6
-2.34661663418861e-6
-1.4057933468591959e-6
-8.321070118060522e-7
-4.828509833722246e-7
-2.716572329474506e-7
-1.465854545308263e-7
-7.702185681788807e-8
-4.6011835772362347e-8
-4.6011640243815595e-8
-7.702182898632571e-8
-1.4658611975188216e-7
-2.716573363556253e-7
-4.82851713781907e-7
-8.321072953278265e-7
-1.4057935044335588e-6
-2.346616476121346e-6
-3.890100001602775e-6
-6.425258937527094e-6
-0.00001059567876237925
-0.000017468370250041546
-0.0000288165527829912
-0.00004759499351151707
-0.00007874179415330906
-0.0001305362184352162
-0.00021690828489931836
-0.0003613826012904413
-0.0006038501906919431
-0.0010121987148801197
-0.0017025113055394196
-0.002873193503502003
-0.004865890808043423
-0.008251999804134266
-0.014013959598348315
-0.023483848942435805
-0.0385340628718148
-0.05586201358652641
-0.029645354128679798
0.1817568516611423
0.18175685166280184
-0.029645354124720767
-0.05586201358545497
-0.03853406287085073
-0.023483848940857928
-0.014013959597598937
-0.0082519998009531
-0.004865890805234722
-0.0028731934980695427
-0.0017025113005523906
-0.0010121987094629903
-0.0006038501840804999
-0.0003613825947682494
-0.00021690827648526297
-0.00013053621065941965
-0.0000787417848933761
-0.00004759498587963588
-0.000028816545262849117
-0.000017468361750535163
-0.000010595671128257334
-6.425249022649823e-6
-3.890091063712513e-6
-2.3466077391295583e-6
-1.4057850417844484e-6
-8.320988875700365e-7
-4.828420425630044e-7
-2.716475101610335e-7
-1.465750456274246e-7
-7.701218967766344e-8
-4.600225974433761e-8
-4.600230622877661e-8
-7.701256256998134e-8
-1.465758563239777e-7
-2.716471250218081e-7
-4.828417885242501e-7
-8.320988450613415e-7
-1.405785279225528e-6
-2.3466082880833803e-6
-3.890091284692086e-6
-6.425248984589604e-6
-0.000010595669792611065
-0.000017468361679324934
-0.000028816545291208166
-0.000047594985827521956
-0.00007874178578635616
-0.0001305362099275613
-0.00021690827671344185
-0.000361382594702811
-0.0006038501844342513
-0.001012198710163827
-0.0017025113004596863
-0.00287319349835003
-0.004865890803743292
-0.00825199980105508
-0.014013959597553987
-0.023483848941375167
-0.03853406287072764
-0.055862013584854146
-0.029645354125302958
0.18175685166306887
0.1817568516697515
-0.029645354123559738
-0.05586201358447687
-0.038534062870313496
-0.023483848941108755
-0.014013959598204128
-0.008251999801370844
-0.004865890804955821
-0.0028731934975272377
-0.0017025113003964957
-0.001012198709730714
-0.0006038501845105509
-0.00036138259463254003
-0.00021690827582306646
-0.00013053620945442413
-0.0000787417844608802
-0.0000475949863597059
-0.00002881654591982443
-0.000017468362342669496
-0.000010595670670184921
-6.4252488337328465e-6
-3.890091187737857e-6
-2.3466084704217103e-6
-1.405786160786777e-6
-8.320994185590441e-7
-4.828417988422386e-7
-2.7164643831382107e-7
-1.4657474856412433e-7
-7.701193348189996e-8
-4.6002301383727456e-8
-4.6002410800447534e-8
-7.701168650881145e-8
-1.46574945752634e-7
-2.716466012364066e-7
-4.828427041814831e-7
-8.320997521238116e-7
-1.405786075558085e-6
-2.3466081862544224e-6
-3.890090264288474e-6
-6.4252489512314595e-6
-0.000010595669956264435
-0.00001746836267892162
-0.000028816545517488132
-0.00004759498502216154
-0.00007874178461459444
-0.00013053620909675532
-0.0002169082771202212
-0.00036138259481921964
-0.0006038501853829377
-0.001012198709703519
-0.0017025112998157095
-0.002873193498211679
-0.004865890804620005
-0.008251999802941766
-0.014013959597933792
-0.023483848941050243
-0.038534062869194995
-0.05586201358274877
-0.029645354123437762
0.1817568516686039
0.1817568516586511
-0.029645354125795532
-0.055862013587104076
-0.0385340628721063
-0.02348384894184203
-0.014013959598532518
-0.00825199980287275
-0.004865890808647936
-0.002873193502890054
-0.0017025113058983584
-0.0010121987148756116
-0.0006038501897178102
-0.0003613826011352224
-0.00021690828459660583
-0.00013053621949433904
-0.0000787417944979863
-0.00004759499435816403
-0.00002881655282915135
-0.00001746836982530643
-0.000010595679284014572
-6.425258381892354e-6
-3.890100088334923e-6
-2.34661619798021e-6
-1.405792811221508e-6
-8.321066219549189e-7
-4.828509551506318e-7
-2.7165719728622533e-7
-1.4658621958080394e-7
-7.702218198002507e-8
-4.601198943928573e-8
-4.601204341048249e-8
-7.702202016867325e-8
-1.4658631112012632e-7
-2.7165758559485235e-7
-4.828514731933502e-7
-8.321066530864428e-7
-1.405793119300644e-6
-2.3466161213723905e-6
-3.8900996040908156e-6
-6.4252589997944e-6
-0.000010595678637047534
-0.000017468370072713023
-0.000028816552743533107
-0.000047594993891615505
-0.00007874179466426957
-0.00013053621911343172
-0.00021690828541427758
-0.0003613826006608362
-0.0006038501904899518
-0.001012198714448776
-0.0017025113057583313
-0.00287319350351718
-0.004865890807882147
-0.008251999803929174
-0.014013959597335411
-0.023483848941968415
-0.03853406287185926
-0.055862013586390244
-0.029645354127373888
0.18175685165926475
0.1817568516777977
-0.029645354122696237
-0.05586201358607423
-0.038534062875057076
-0.02348384894843837
-0.014013959608083278
-0.008251999813637882
-0.004865890820024777
-0.002873193515035431
-0.0017025113198856528
-0.001012198731311566
-0.0006038502078731929
-0.0003613826202155459
-0.00021690830313637617
-0.00013053623823495165
-0.00007874181448462505
-0.00004759501678986741
-0.000028816577549818785
-0.00001746839481766837
-0.000010595703950653792
-6.425282540271224e-6
-3.8901253666878155e-6
-2.3466429874952067e-6
-1.4058208685530584e-6
-8.321348947073835e-7
-4.828776246922684e-7
-2.71682435933702e-7
-1.4661065692176715e-7
-7.704767250251219e-8
-4.603833932905145e-8
-4.603836610739534e-8
-7.704795262551049e-8
-1.4661097818781014e-7
-2.716827356760519e-7
-4.828774151713203e-7
-8.32134978299663e-7
-1.4058211626473984e-6
-2.3466428623944026e-6
-3.890125122637381e-6
-6.425283085253584e-6
-0.00001059570357723262
-0.000017468395032426214
-0.00002881657758629904
-0.00004759501680568588
-0.00007874181468446134
-0.00013053623810278052
-0.0002169083035384611
-0.0003613826198429614
-0.0006038502083509675
-0.0010121987314601632
-0.0017025113198734395
-0.0028731935154575443
-0.004865890819082334
-0.008251999814352422
-0.0140139596076384
-0.023483848948988903
-0.038534062875597394
-0.05586201358539575
-0.02964535412415854
0.1817568516793647
0.18175685169924885
-0.029645354122862164
-0.05586201358978164
-0.03853406288316927
-0.02348384896076907
-0.01401395962490665
-0.008251999835292331
-0.004865890846475504
-0.0028731935459913524
-0.001702511355305345
-0.0010121987703911187
-0.0006038502503624733
-0.0003613826656951258
-0.00021690835134754912
-0.00013053628951208284
-0.00007874186790617146
-0.00004759507182640224
-0.000028816633728134846
-0.000017468452225464506
-0.000010595763097621218
-6.425342932594367e-6
-3.890186580706594e-6
-2.3467042776976634e-6
-1.4058821906873106e-6
-8.32196336044326e-7
-4.82939670825585e-7
-2.7174565240002347e-7
-1.466746132875863e-7
-7.711160204954152e-8
-4.610161170971353e-8
-4.6101362801879844e-8
-7.711078729444149e-8
-1.4667409108208164e-7
-2.7174603878857477e-7
-4.82940323244694e-7
-8.321968740171715e-7
-1.4058819728358023e-6
-2.3467036566406064e-6
-3.890186192735065e-6
-6.425343292727294e-6
-0.000010595763026957454
-0.000017468452550399393
-0.000028816633355211914
-0.00004759507093426041
-0.000078741867728188
-0.00013053628962718573
-0.00021690835242310188
-0.00036138266558821295
-0.0006038502505149149
-0.0010121987700948867
-0.001702511354556381
-0.00287319354663265
-0.004865890846159694
-0.008251999836314347
-0.014013959624774443
-0.02348384896028751
-0.03853406288337066
-0.05586201358867763
-0.02964535412448716
0.18175685170022576
0.1817568517446581
-0.02964535412346397
-0.05586201359892202
-0.038534062903492435
-0.023483848991199686
-0.014013959665712322
-0.008251999887456122
-0.004865890910260592
-0.0028731936203459157
-0.001702511438452892
-0.0010121988612532481
-0.0006038503494872485
-0.0003613827732700467
-0.0002169084672642164
-0.0001305364117996711
-0.00007874199449664677
-0.00004759520168455662
-0.000028816766311222048
-0.00001746858829418764
-0.000010595902285429168
-6.425484714615875e-6
-3.890329401860408e-6
-2.3468476916390796e-6
-1.406026449694614e-6
-8.323419181094257e-7
-4.830876359997298e-7
-2.7189457771566514e-7
-1.468234985946154e-7
-7.725966045796517e-8
-4.624960767692328e-8
-4.624964531723907e-8
-7.72598773273304e-8
-1.4682391193408447e-7
-2.718942704032776e-7
-4.830868245004844e-7
-8.323414853630199e-7
-1.4060263865591535e-6
-2.3468476830605827e-6
-3.89032936227185e-6
-6.425485332808122e-6
-0.000010595901856264149
-0.00001746858852111933
-0.00002881676624032797
-0.0000475952017490341
-0.00007874199535059826
-0.00013053641144068217
-0.00021690846746224614
-0.0003613827722732919
-0.0006038503498386434
-0.0010121988613033827
-0.0017025114381527067
-0.002873193621048155
-0.004865890909235931
-0.008251999888074983
-0.014013959665196727
-0.023483848991490613
-0.03853406290426152
-0.0558620135988111
-0.02964535412550824
0.18175685174556966
0.18175685189485902
-0.029645354113629674
-0.05586201361099084
-0.038534062948306726
-0.023483849065233608
-0.014013959767863494
-0.008252000015366967
-0.004865891061881366
-0.002873193795402859
-0.0017025116371870556
-0.0010121990829911596
-0.0006038505906278164
-0.00036138303006162697
-0.00021690873739889642
-0.00013053669398339804
-0.00007874228910193992
-0.00004759550810050227
-0.00002881708269334223
-0.000017468911739174084
-0.000010596230470687714
-6.425817066899906e-6
-3.89066595728839e-6
-2.347188878613223e-6
-1.406370916448573e-6
-8.326878978473581e-7
-4.834328343111078e-7
-2.7223903734285163e-7
-1.4716866471427023e-7
-7.76068124553647e-8
-4.659791963537862e-8
-4.659760366793818e-8
-7.760669966590133e-8
-1.4716897151155256e-7
-2.7223910322130444e-7
-4.834326773355211e-7
-8.326878504497185e-7
-1.4063712119478642e-6
-2.3471888065849186e-6
-3.890666365754859e-6
-6.425817514675517e-6
-0.000010596229705854708
-0.000017468911988576837
-0.000028817082869441204
-0.00004759550837145785
-0.00007874228967745566
-0.00013053669346996526
-0.0002169087374769682
-0.00036138302959075417
-0.0006038505910474061
-0.0010121990824265219
-0.0017025116372125456
-0.0028731937956098077
-0.004865891060926698
-0.008252000015865856
-0.014013959767078869
-0.023483849065318443
-0.03853406294829296
-0.05586201361052008
-0.02964535411535519
0.18175685189664714
0.18175685221647198
-0.029645354097499736
-0.05586201364572068
-0.03853406305537917
-0.023483849236415742
-0.014013960003554374
-0.008252000315227312
-0.004865891424087905
-0.0028731942162795363
-0.0017025121114191072
-0.0010121996056590538
-0.0006038511580007339
-0.0003613836393925958
-0.00021690938388860845
-0.0001305373725290491
-0.00007874299377030544
-0.00004759623382451877
-0.00002881782628075581
-0.00001746967078019415
-0.00001059700332188479
-6.426600486148814e-6
-3.891457887374903e-6
-2.347986224191058e-6
-1.4071724840035546e-6
-8.334941754265353e-7
-4.842430619208473e-7
-2.730535625383291e-7
-1.4798438773988191e-7
-7.842244539754561e-8
-4.741287880821464e-8
-4.741279483804937e-8
-7.842261847778021e-8
-1.4798401093812175e-7
-2.730529967732984e-7
-4.842430920346632e-7
-8.334939749573438e-7
-1.4071726967827591e-6
-2.3479858191261847e-6
-3.891458004810922e-6
-6.4266008786428044e-6
-0.000010597003274604248
-0.000017469671473195925
-0.00002881782620955817
-0.00004759623345382949
-0.00007874299401187642
-0.0001305373724948496
-0.00021690938425538065
-0.0003613836393854649
-0.0006038511582843516
-0.001012199605239964
-0.0017025121108799712
-0.0028731942163348545
-0.004865891424003149
-0.008252000316014328
-0.014013960003019472
-0.02348384923609383
-0.03853406305537546
-0.055862013645225986
-0.029645354099874698
0.18175685221691226
0.18175685305438077
-0.02964535404260917
-0.05586201371358804
-0.03853406330290593
-0.023483849643934233
-0.01401396056953166
-0.008252001034477242
-0.00486589229060078
-0.002873195221710853
-0.0017025132460883406
-0.0010122008583621747
-0.0006038525171790919
-0.0003613850927222219
-0.00021691091911847947
-0.00013053897890122357
-0.00007874466055314355
-0.00004759795149674088
-0.000028819586145509194
-0.000017471466013750615
-0.000010598827267914844
-6.428446979657317e-6
-3.893322205275712e-6
-2.3498643292523144e-6
-1.4090618046875516e-6
-8.353919103361241e-7
-4.861474396319502e-7
-2.7496225944286155e-7
-1.4989619140237822e-7
-8.03367880801433e-8
-4.932826167067633e-8
-4.9328354068869414e-8
-8.033678288071196e-8
-1.498961340227234e-7
-2.7496184479961667e-7
-4.861463948185367e-7
-8.353910652014074e-7
-1.4090620219244867e-6
-2.3498647759137664e-6
-3.893322489803754e-6
-6.428446969460089e-6
-0.000010598826265657043
-0.000017471465956514064
-0.00002881958666587091
-0.000047597952201176453
-0.00007874466139179171
-0.00013053897837138865
-0.0002169109184265101
-0.0003613850920063068
-0.0006038525173952598
-0.0010122008585225204
-0.0017025132459306982
-0.0028731952220291115
-0.004865892289528967
-0.008252001034564577
-0.014013960569589807
-0.023483849644583478
-0.038534063303922214
-0.05586201371326542
-0.029645354044097585
0.18175685305565248
0.18175685516976886
-0.02964535388428441
-0.05586201385048091
-0.03853406388307283
-0.023483850616742456
-0.01401396192852818
-0.008252002764449148
-0.004865894373067453
-0.002873197635316227
-0.0017025159667055476
-0.0010122038586019714
-0.0006038557672713525
-0.0003613885616177765
-0.00021691457770562966
-0.00013054279987676903
-0.00007874862001100387
-0.000047602027790242136
-0.000028823758739662914
-0.00001747571563430243
-0.000010603137142560127
-6.432805767747996e-6
-3.8977205225892585e-6
-2.354294931586556e-6
-1.4135167988190659e-6
-8.398639273957816e-7
-4.906310838053038e-7
-2.7945367749996366e-7
-1.543942282427768e-7
-8.483976852052774e-8
-5.383388629585225e-8
-5.383407913512501e-8
-8.483966407210334e-8
-1.5439417487554037e-7
-2.7945340855593547e-7
-4.906309145046759e-7
-8.398642113156039e-7
-1.4135172510911339e-6
-2.3542947487637845e-6
-3.897720510055904e-6
-6.43280621543688e-6
-0.000010603137005405032
-0.00001747571610600079
-0.000028823758789989546
-0.00004760202748189115
-0.00007874862020469989
-0.00013054279939026745
-0.0002169145781460046
-0.0003613885614980753
-0.0006038557675835774
-0.0010122038584123856
-0.0017025159664105793
-0.002873197635693138
-0.004865894372108492
-0.008252002765005694
-0.014013961927949448
-0.023483850616419527
-0.0385340638833267
-0.055862013849833414
-0.02964535388535516
0.18175685517009454
0.18175686046811113
-0.02964535345374771
-0.05586201412989531
-0.03853406524822636
-0.023483852933141123
-0.014013965183526178
-0.00825200692240399
-0.004865899388587442
-0.0028732034505508106
-0.0017025225137748384
-0.0010122110650882445
-0.0006038635587875955
-0.00036139686583191294
-0.00021692332402261836
-0.00013055192120457613
-0.00007875805377690562
-0.00004761171795068762
-0.00002883365833267893
-0.000017485784718493574
-0.000010613343859536542
-6.44312066873602e-6
-3.9081182324798255e-6
-2.364755200045992e-6
-1.4240247319147127e-6
-8.504095667354879e-7
-5.012061468183442e-7
-2.900506772646856e-7
-1.6500531642509854e-7
-9.545806040565534e-8
-6.445523024704983e-8
-6.445519440035782e-8
-9.545782662997963e-8
-1.6500514947274926e-7
-2.900507215114788e-7
-5.012063131967174e-7
-8.504097580405356e-7
-1.4240249357249676e-6
-2.3647548823865996e-6
-3.9081185227204845e-6
-6.443120943871733e-6
-0.000010613343530204583
-0.000017485785144518302
-0.000028833657871225994
-0.00004761171760396529
-0.00007875805379051278
-0.0001305519209722155
-0.0002169233240868711
-0.00036139686519161946
-0.000603863558780786
-0.001012211064594194
-0.0017025225131628262
-0.002873203450932747
-0.004865899388131464
-0.008252006923078049
-0.01401396518348463
-0.023483852933508673
-0.03853406524816243
-0.05586201412930325
-0.02964535345438217
0.18175686046845696
0.18175687392778542
-0.029645352244314804
-0.0558620146429804
-0.03853406845910021
-0.02348385849066631
-0.014013973044706227
-0.008252016980972245
-0.0048659115176805864
-0.00287321749826813
-0.0017025383090439657
-0.0010122284241363224
-0.0006038822939996004
-0.00036141679215081937
-0.00021694426508752398
-0.00013057371550680272
-0.0000787805559652604
-0.00004763480051700931
-0.000028857209752900932
-0.000017509709594604502
-0.000010637562885467912
-6.467568515315164e-6
-3.932744733429733e-6
-2.389518363182435e-6
-1.4488912587654457e-6
-8.75352278944148e-7
-5.262029253301822e-7
-3.150867180138445e-7
-1.9006740885844108e-7
-1.2053804385840017e-7
-8.954421269893252e-8
-8.954425109109422e-8
-1.2053839848198012e-7
-1.900676401459351e-7
-3.150862964966387e-7
-5.262029255022559e-7
-8.753523886264356e-7
-1.448891514789935e-6
-2.38951808614536e-6
-3.932744901789242e-6
-6.467568726828069e-6
-0.00001063756278697651
-0.000017509710181307877
-0.00002885720986343462
-0.00004763480033554266
-0.00007878055620431194
-0.00013057371557656001
-0.000216944264386502
-0.00036141679193677477
-0.0006038822942507988
-0.0010122284248840713
-0.0017025383094986125
-0.002873217498884091
-0.00486591151740662
-0.008252016980833454
-0.014013973045524968
-0.023483858491373057
-0.03853406845939138
-0.05586201464245945
-0.02964535224411019
0.1817568739282075
0.18175690818179457
-0.029645348920509636
-0.05586201551547759
-0.03853407604148306
-0.023483871862231796
-0.014013992081087084
-0.008252041390130221
-0.004865940957150318
-0.0028732515640044797
-0.0017025765521593967
-0.0010122703721462218
-0.0006039274710606547
-0.0003614647372969923
-0.00021699454679295106
-0.0001306259413659233
-0.00007883437680912157
-0.000047689912597147615
-0.00002891335298441205
-0.000017566666914435756
-0.000010695155581042561
-6.52565190248296e-6
-3.991203399214631e-6
-2.4482604669101846e-6
-1.5078455933910979e-6
-9.344624948744197e-7
-5.854259655435387e-7
-3.743894728024863e-7
-2.4942503498211455e-7
-1.799300764864422e-7
-1.489521205330043e-7
-1.4895171833517216e-7
-1.7992934885784068e-7
-2.4942478598065664e-7
-3.74389820978657e-7
-5.854265530898977e-7
-9.344625800376356e-7
-1.50784488152306e-6
-2.448259894440798e-6
-3.991202962351496e-6
-6.5256520463231e-6
-0.00001069515553725951
-0.000017566667094042025
-0.000028913352695748447
-0.00004768991141917878
-0.00007883437673932811
-0.0001306259415820307
-0.0002169945471370714
-0.0003614647379987914
-0.0006039274710160812
-0.0010122703719153223
-0.001702576551556575
-0.0028732515641508747
-0.004865940957390744
-0.008252041390960512
-0.014013992081516189
-0.023483871861652482
-0.038534076040849075
-0.055862015514313815
-0.029645348919461623
0.18175690818048348
0.1817569957859813
-0.029645339822176424
-0.05586201669978873
-0.03853409401304803
-0.023483904192819184
-0.014014038404735273
-0.008252100896877782
-0.004866012715287893
-0.00287333449341095
-0.0017026694731786336
-0.0010123720681849981
-0.0006040367394797358
-0.0003615804316540427
-0.00021711560772151405
-0.00013075141486602654
-0.00007896342561777633
-0.000047821819900642335
-0.00002904751802206287
-0.00001770259539317234
-0.00001083244505227671
-6.6639800448399e-6
-4.13031456620013e-6
-2.5879554373088423e-6
-1.6479717264437503e-6
-1.0749047327411766e-6
-7.260975051618359e-7
-5.152218642950795e-7
-3.903650206853782e-7
-3.2093350780013863e-7
-2.899858810005784e-7
-2.899856638504291e-7
-3.2093380783886013e-7
-3.903649954953009e-7
-5.152223864651664e-7
-7.260977447199399e-7
-1.0749048042116478e-6
-1.6479717981069529e-6
-2.5879552811467446e-6
-4.1303142027776615e-6
-6.66398087283059e-6
-0.00001083244544733619
-0.000017702595832755128
-0.00002904751827386665
-0.000047821819473062137
-0.000078963425601579
-0.00013075141432326593
-0.00021711560763680587
-0.0003615804314193564
-0.0006040367395956378
-0.0010123720681381844
-0.0017026694733862015
-0.0028733344934537383
-0.0048660127150297605
-0.008252100897154082
-0.014014038404663583
-0.023483904193539157
-0.03853409401365228
-0.0558620166999365
-0.02964533982175525
0.18175699578554028
0.18175722119885246
-0.029645314974280634
-0.05586201722737945
-0.03853413680069692
-0.023483982805040316
-0.014014151750919687
-0.008252246705559341
-0.0048661884343859495
-0.0028735372306665278
-0.0017028961378067057
-0.0010126195239670887
-0.0006043019305752967
-0.00036186049155224583
-0.00021740793148185001
-0.00013105370148510547
-0.00007927369152755986
-0.00004813838964442456
-0.000029369003911815434
-0.000018027867094375307
-0.000011160599621068792
-6.994306714286916e-6
-4.462262226645529e-6
-2.9211005471663177e-6
-1.9819918860105903e-6
-1.4095554139712139e-6
-1.06119370724241e-6
-8.506275336316572e-7
-7.259772775387305e-7
-6.566740151262302e-7
-6.257875387702394e-7
-6.257872864178829e-7
-6.566740862184238e-7
-7.25976953996798e-7
-8.506277689637829e-7
-1.0611935277899548e-6
-1.4095552169995042e-6
-1.9819922845223125e-6
-2.9211006851540517e-6
-4.462262037678518e-6
-6.994306886808495e-6
-0.000011160599271010326
-0.000018027866730429207
-0.00002936900403959504
-0.000048138389452848536
-0.00007927369138360381
-0.00013105370168012978
-0.00021740793117276696
-0.00036186049140269483
-0.000604301930123346
-0.0010126195235510699
-0.0017028961380542633
-0.002873537230706091
-0.004866188434231105
-0.008252246705686792
-0.01401415175117647
-0.023483982804911575
-0.03853413680083545
-0.055862017226944546
-0.02964531497428089
0.18175722119992002
0.18175780444793527
-0.0296452473105048
-0.05586201267138688
-0.03853423928528295
-0.02348417517345608
-0.014014430748389928
-0.008252605962652187
-0.004866620939174718
-0.002874035201220834
-0.0017034514241681693
-0.0010132240135169745
-0.0006049478730883305
-0.0003625407469538698
-0.00021811611986073565
-0.00013178427725115001
-0.00008002194816227268
-0.00004890042176192196
-0.00003014163195169805
-0.000018808548567817978
-0.000011947334232318714
-7.785541411860078e-6
-5.2568085759401605e-6
-3.7180590758144627e-6
-2.780690233698266e-6
-2.2094944546173034e-6
-1.8620054766476898e-6
-1.6520407890197855e-6
-1.5277865665957507e-6
-1.4587233850340074e-6
-1.4279482990127477e-6
-1.4279483698278772e-6
-1.458723017896077e-6
-1.5277864733523686e-6
-1.6520409015359796e-6
-1.8620055041209692e-6
-2.209494446113573e-6
-2.7806896555745143e-6
-3.7180583013057288e-6
-5.25680833765405e-6
-7.785541639881163e-6
-0.000011947334505100407
-0.000018808548995335856
-0.00003014163194232112
-0.000048900420904816815
-0.0000800219480609536
-0.00013178427769555592
-0.00021811612006537458
-0.0003625407476794099
-0.0006049478729242596
-0.0010132240133207912
-0.0017034514239905206
-0.0028740352017107267
-0.004866620940137752
-0.008252605962964248
-0.014014430748629746
-0.02348417517261425
-0.03853423928546164
-0.05586201267161674
-0.029645247311413846
0.18175780444844758
0.18175932343918694
-0.029645063217525355
-0.05586198696996604
-0.03853448661793216
-0.023484649497916087
-0.014015122277413484
-0.008253496724746474
-0.004867691555230201
-0.0028752646504590995
-0.0017048181713951783
-0.00101470706075297
-0.0006065275493691678
-0.0003641992719171349
-0.0002198379063466532
-0.00013355602538774364
-0.00008183257847013997
-0.00005074089934937253
-0.000032004731635054773
-0.000020688592601459592
-0.00001383992864036221
-9.68733430655421e-6
-7.165275419066187e-6
-5.631322406782843e-6
-4.69736753326268e-6
-4.128576690479995e-6
-3.7827595643039373e-6
-3.573931106411991e-6
-3.4504202146550376e-6
-3.3818034766396487e-6
-3.3512377335447377e-6
-3.3512379444218925e-6
-3.3818033243888857e-6
-3.4504201958052553e-6
-3.573930479316006e-6
-3.782758269125486e-6
-4.128576375295716e-6
-4.697367852972234e-6
-5.631322873655877e-6
-7.165276086222552e-6
-9.687333913161895e-6
-0.000013839928301896735
-0.000020688592890296363
-0.00003200473233672937
-0.000050740899788956944
-0.00008183257892699323
-0.00013355602551310368
-0.00021983790582410246
-0.0003641992715458554
-0.0006065275491532773
-0.0010147070607240333
-0.0017048181713448117
-0.0028752646501597435
-0.0048676915546090275
-0.008253496724323817
-0.014015122277543817
-0.023484649498173776
-0.03853448661863344
-0.055861986970467306
-0.029645063218118398
0.18175932343986867
0.18176330734471685
-0.02964456249112427
-0.055861888018106404
-0.03853508941032878
-0.023485829550771442
-0.014016849942285449
-0.008255720993463552
-0.004870358569090386
-0.0028783174083075193
-0.001708199624771149
-0.001018362801807328
-0.000610407690242673
-0.0003682596534469942
-0.00022404060317391097
-0.00013786932496994726
-0.00008623058098555206
-0.00005520289263237194
-0.000036514460272987756
-0.000025233512956414812
-0.00001841051103189861
-0.000014276441757370327
-0.000011767629488228115
-0.000010243062014499943
-9.315693796943178e-6
-8.751477133754027e-6
-8.408795179471715e-6
-8.202074796607508e-6
-8.079932450222882e-6
-8.01213343313452e-6
-7.981950024085652e-6
-7.981950457335896e-6
-8.01213366141623e-6
-8.079932630142553e-6
-8.202074950260688e-6
-8.408794738976924e-6
-8.751476916386982e-6
-9.315693827345773e-6
-0.000010243061802790389
-0.00001176763011332069
-0.000014276442121823507
-0.00001841051134056002
-0.00002523351289676553
-0.00003651446030904769
-0.00005520289288131815
-0.00008623058102129354
-0.00013786932490109454
-0.0002240406028141539
-0.0003682596531890663
-0.0006104076901019123
-0.0010183628017225454
-0.0017081996251327655
-0.002878317408348098
-0.004870358569370424
-0.008255720993250322
-0.014016849942331617
-0.02348582955059997
-0.038535089409832496
-0.05586188801823927
-0.02964456249181115
0.18176330734465818
0.1817738366516402
-0.029643200126485865
-0.05586155747244674
-0.0385365773637119
-0.02348879663049052
-0.014021205620794733
-0.008261319576079673
-0.004877049526526277
-0.0028859455631424294
-0.001716613526857743
-0.0010274214655871933
-0.0006199848456495247
-0.00037824606219221844
-0.00023434451919264855
-0.00014841568809267902
-0.00009695938514423736
-0.00006606714538578967
-0.00004747803334595994
-0.00003626908686945254
-0.00002949773326697747
-0.000025400348533596915
-0.00002291735301547579
-0.000021410794694448566
-0.000020495881611004773
-0.000019940199823148742
-0.00001960329661035369
-0.000019400418187751985
-0.000019280739540141858
-0.000019214397630244048
-0.00001918488934964121
-0.000019184889316184555
-0.000019214397209933838
-0.000019280738859974503
-0.0000194004184202193
-0.00001960329633282868
-0.00001994019954598823
-0.000020495881724789396
-0.000021410794334252213
-0.000022917353385765933
-0.000025400347899513272
-0.000029497733518102062
-0.00003626908701037254
-0.000047478033908752164
-0.00006606714533284507
-0.0000969593847637424
-0.0001484156888508338
-0.0002343445183277644
-0.0003782460621021097
-0.0006199848452029722
-0.0010274214650298893
-0.0017166135266662257
-0.0028859455628790854
-0.004877049527166666
-0.008261319575146489
-0.014021205621295024
-0.02348879663027887
-0.038536577363590285
-0.05586155747239349
-0.02964320012745745
0.18177383665108965
0.1818019017032455
-0.02963949087604777
-0.055860536751646254
-0.038540311358902096
-0.02349635156192726
-0.014032302538969338
-0.008275539396732114
-0.004893969112078935
-0.002905141076405483
-0.0017376824560686403
-0.0010499989030652867
-0.0006437522677631253
-0.00040293472623985143
-0.00025973417277552356
-0.00017433038913076767
-0.00012326171560873625
-0.0000926519030581292
-0.00007426609822872243
-0.00006320189434045924
-0.0000565325491727673
-0.00005250638733279563
-0.0000500726925938311
-0.00004859998085985438
-0.000047708117734261235
-0.00004716799629211698
-0.00004684148244883859
-0.0000466454238182946
-0.000046530074308423594
-0.00004646627467488673
-0.000046437939747973086
-0.000046437940026072434
-0.000046466274951489675
-0.0000465300743664656
-0.000046645423648046004
-0.000046841481407842214
-0.000047167995597419635
-0.00004770811772741477
-0.000048599981270260794
-0.00005007269335284193
-0.000052506387450394605
-0.00005653254956146901
-0.00006320189395568528
-0.00007426609870072473
-0.00009265190358338427
-0.0001232617159027044
-0.00017433038933520396
-0.00025973417129225855
-0.0004029347261513391
-0.0006437522674416968
-0.001049998903947792
-0.0017376824568452569
-0.002905141076125695
-0.004893969111903845
-0.008275539394906306
-0.014032302539926832
-0.023496351562269903
-0.038540311360565196
-0.055860536752429746
-0.029639490875112133
0.18180190170290583
0.18187740349758996
-0.0296293851939514
-0.05585755626461017
-0.03854988209743917
-0.023515878331939827
-0.014060917377053821
-0.00831202818500655
-0.004937135997883755
-0.002953825533478397
-0.0017908148156643186
-0.0011066373348424712
-0.0007030976151121489
-0.00046433105895351867
-0.0003226581245331016
-0.00023837462805327087
-0.00018811604127896652
-0.00015808458014413197
-0.00014010692752247427
-0.00012932775120141408
-0.000122855556050517
-0.00011896457637865546
-0.00011662283238683183
-0.00011521219691616891
-0.0001143619348192116
-0.00011384947267637111
-0.00011354116670206699
-0.00011335690483890118
-0.00011324896322644667
-0.00011318947527519041
-0.00011316311929303945
-0.00011316311928151747
-0.00011318947458306756
-0.00011324896273743576
-0.00011335690489143387
-0.00011354116683082536
-0.00011384947330334111
-0.00011436193503843985
-0.0001152121967952364
-0.00011662283185930419
-0.00011896457596701945
-0.00012285555648150934
-0.00012932775095824138
-0.00014010692784308023
-0.0001580845793756249
-0.00018811604092811146
-0.00023837462834520922
-0.0003226581245433415
-0.0004643310594373269
-0.0007030976144198606
-0.0011066373344371275
-0.001790814815407086
-0.0029538255332617258
-0.004937135998644011
-0.008312028184746408
-0.014060917378164561
-0.023515878331398222
-0.03854988209689847
-0.05585755626383054
-0.02962938519269256
0.18187740349774195
0.1820825818486545
-0.02960185045311243
-0.05584928355956546
-0.03857507579319916
-0.023567249378654932
-0.014135737034275276
-0.008406754572829528
-0.0050483738658563225
-0.00307839363046538
-0.0019258760793073562
-0.0012497732890516446
-0.0008523193839535018
-0.000618055049875626
-0.00047965738156049303
-0.00039772097070100125
-0.00034912174174861596
-0.00032024927403483073
-0.00030307235729336616
-0.00029284100733634416
-0.00028674031684630815
-0.00028309926890420336
-0.00028092444958336673
-0.0002796245528182687
-0.00027884727893367405
-0.00027838259299072253
-0.0002781052849362498
-0.0002779408463593353
-0.00027784520841588815
-0.00027779281438523873
-0.00027776969456598446
-0.00027776969454747886
-0.00027779281445336186
-0.00027784520807773243
-0.00027794084655443437
-0.00027810528518009184
-0.0002783825931657857
-0.0002788472788600726
-0.0002796245525376834
-0.0002809244499910314
-0.0002830992689412058
-0.00028674031746012986
-0.0002928410076283232
-0.0003030723581047172
-0.0003202492739745185
-0.0003491217413916153
-0.0003977209712389329
-0.00047965738067227244
-0.0006180550503092891
-0.0008523193839283768
-0.0012497732893334771
-0.001925876079155565
-0.003078393629909188
-0.005048373866697758
-0.008406754572213428
-0.014135737035135765
-0.02356724937838726
-0.038575075793139436
-0.05584928356038722
-0.029601850452637905
0.18208258184829137
0.18264619924058334
-0.029526936367900214
-0.055827659905321944
-0.03864359829332373
-0.02370523302949968
-0.014334513287811167
-0.008655927828051855
-0.005338273747864058
-0.003400308250786454
-0.0022723155419544934
-0.001614578565310795
-0.001230598169187199
-0.0010060403565087597
-0.0008745232079965055
-0.0007973947285040667
-0.0007521127349285727
-0.0007255033554126191
-0.0007098550052068997
-0.0007006469726353504
-0.0006952259666505956
-0.0006920331929760237
-0.000690152162334275
-0.0006890436957987653
-0.0006883904652017826
-0.0006880056819282725
-0.0006877794464732489
-0.0006876472303545003
-0.000687571363715661
-0.0006875302721575683
-0.000687512279791806
-0.0006875122796518773
-0.0006875302723785691
-0.00068757136374582
-0.0006876472302186094
-0.0006877794458660085
-0.0006880056818057785
-0.0006883904652482858
-0.0006890436952093603
-0.0006901521626889343
-0.0006920331922883207
-0.0006952259666003341
-0.0007006469721030479
-0.0007098550050425764
-0.0007255033550674617
-0.0007521127345503473
-0.000797394729399167
-0.0008745232070098215
-0.0010060403576494796
-0.001230598168816626
-0.0016145785652693643
-0.0022723155421684503
-0.0034003082508132446
-0.005338273748936642
-0.008655927827473587
-0.01433451328910726
-0.02370523302917551
-0.038643598293966186
-0.05582765990554281
-0.029526936365550833
0.18264619924050293
0.18421149311403484
-0.029324086561861584
-0.05577621908862666
-0.03883730708816287
-0.024084880947871045
-0.014872294840726694
-0.009321200153733796
-0.006103472379809644
-0.004241674073330454
-0.0031702408130068103
-0.002553575128003593
-0.0021988283200080304
-0.0019947204753596264
-0.0018772927868738382
-0.0018097437124022127
-0.0017708997607685476
-0.001748573704733557
-0.0017357500733970297
-0.0017283905454685844
-0.0017241710707412306
-0.0017217546847454412
-0.0017203727122305438
-0.0017195835287824787
-0.0017191336566409758
-0.001718877776902696
-0.0017187327235573262
-0.0017186510464264274
-0.0017186058362665404
-0.0017185821082530087
-0.0017185719453082589
-0.0017185719447991897
-0.0017185821074908996
-0.0017186058360487986
-0.0017186510471957077
-0.0017187327241009237
-0.0017188777780407427
-0.0017191336567899465
-0.0017195835283351413
-0.0017203727121899329
-0.0017217546848048233
-0.0017241710716285356
-0.0017283905451784968
-0.0017357500735394435
-0.0017485737037626705
-0.0017708997600432948
-0.0018097437134076107
-0.0018772927867474268
-0.001994720476928615
-0.002198828319217191
-0.002553575127771714
-0.003170240813065427
-0.004241674073114277
-0.006103472380953122
-0.009321200153491985
-0.014872294841850292
-0.024084880946582295
-0.03883730708813111
-0.05577621908834492
-0.029324086558516187
0.1842114931117609
0.18860133351776973
-0.0287811691698779
-0.05567648749781967
-0.039409266217753744
-0.02515832434814609
-0.016357365957300335
-0.011127467522031233
-0.00815260310513424
-0.006469436015895288
-0.005526004168391844
-0.004999108281186717
-0.004706135983928437
-0.004543861309725601
-0.0044543745496187755
-0.00440526946641432
-0.004378478735837665
-0.004363962204050258
-0.004356161567908414
-0.004352012612478948
-0.004349834307983105
-0.004348709698706543
-0.004348142020348167
-0.004347864361314003
-0.00434773477546444
-0.004347678725727041
-0.004347657705282473
-0.0043476522403237605
-0.004347652742378598
-0.004347654675980202
-0.0043476560189243405
-0.004347656019137765
-0.004347654676102308
-0.00434765274203124
-0.00434765224040703
-0.004347657704928854
-0.004347678725898477
-0.004347734775687839
-0.004347864361353114
-0.0043481420204206575
-0.004348709698817695
-0.0043498343085172884
-0.004352012612038139
-0.004356161568258579
-0.004363962203917107
-0.0043784787359591355
-0.004405269467212446
-0.0044543745487518795
-0.004543861309500411
-0.0047061359828636865
-0.004999108281201663
-0.005526004168327851
-0.006469436015218818
-0.008152603105535925
-0.011127467520860464
-0.0163573659582813
-0.025158324348090465
-0.03940926621892901
-0.05567648749846876
-0.028781169168226553
0.18860133351555594
0.20097317367022327
-0.02736614646187033
-0.0555994639796415
-0.04117776489190465
-0.02828563742384256
-0.020552338190517112
-0.01612422534288952
-0.013730491543778695
-0.012457455488680751
-0.011796170085052553
-0.011459535018646515
-0.01129266772636075
-0.011212806496063116
-0.01117654933044051
-0.011161492398240418
-0.01115630618721221
-0.011155407800575917
-0.01115614445005807
-0.01115732359794916
-0.011158458341410802
-0.011159387614166466
-0.01116009007029583
-0.011160596235546369
-0.011160949425793622
-0.01116119005019319
-0.0111613506407093
-0.011161455398112743
-0.011161521320282888
-0.011161559682653265
-0.01116157727476368
-0.011161577274570489
-0.011161559682955832
-0.01116152132020986
-0.011161455398409383
-0.01116135064019804
-0.011161190049783113
-0.011160949425660188
-0.01116059623507434
-0.011160090070532097
-0.01115938761360927
-0.011158458341514365
-0.011157323597570226
-0.011156144450572631
-0.011155407800807803
-0.011156306187218256
-0.011161492399191278
-0.011176549329799237
-0.011212806497008614
-0.01129266772630221
-0.011459535019148537
-0.01179617008582048
-0.012457455488302203
-0.013730491544882206
-0.016124225341331837
-0.020552338191625517
-0.02828563742340169
-0.04117776489198294
-0.055599463980248245
-0.027366146459728083
0.20097317367011236
0.2354884174981151
-0.02390438513763158
-0.05627892758342347
-0.046894338323378956
-0.03768057966992364
-0.03268827814066942
-0.030228083744842926
-0.029191432536325425
-0.028831423145606355
-0.028769745593292095
-0.028820077478157242
-0.028899329136961686
-0.028974254915940738
-0.02903447779522622
-0.02907914048644515
-0.02911071977846923
-0.02913236125100182
-0.029146872571233138
-0.029156449762253327
-0.02916269566734664
-0.029166731833614422
-0.029169321272711428
-0.029170972835321822
-0.029172020909267175
-0.029172682704623788
-0.02917309792754164
-0.0291733555285945
-0.02917351131655968
-0.029173599350387
-0.029173638990318218
-0.029173638990075728
-0.029173599350075182
-0.029173511316062245
-0.029173355529117533
-0.029173097927976892
-0.029172682705384752
-0.029172020909508878
-0.02917097283468054
-0.02916932127293473
-0.02916673183302857
-0.02916269566780983
-0.029156449761531894
-0.02914687257111312
-0.029132361250067504
-0.029110719777831664
-0.029079140487367566
-0.02903447779436956
-0.028974254917540875
-0.02889932913598042
-0.02882007747832609
-0.028769745593773065
-0.028831423145163206
-0.02919143253796798
-0.030228083743554214
-0.03268827814170562
-0.03768057966815892
-0.04689433832293764
-0.05627892758423689
-0.023904385136387388
0.23548841749687183
0.32637372454996555
-0.01682922621942611
-0.06195318697694678
-0.06598779469971067
-0.06662276537595455
-0.06852761687138273
-0.07076373444480329
-0.07278208078259676
-0.07436722673253038
-0.0755178683598958
-0.07631369931730199
-0.07684656555201255
-0.07719552152510259
-0.07742044093549219
-0.07756375376792471
-0.07765429561326695
-0.07771113629127259
-0.07774665015857798
-0.07776875937379879
-0.07778248607840302
-0.07779099086698193
-0.07779625195381126
-0.07779950233989308
-0.07780150803858531
-0.07780274360593845
-0.07780350217269502
-0.07780396401564596
-0.07780423898265816
-0.07780439250450616
-0.07780446110482662
-0.07780446110537095
-0.07780439250510052
-0.07780423898350863
-0.07780396401593762
-0.07780350217185752
-0.07780274360568332
-0.07780150803884243
-0.07779950234053298
-0.07779625195438414
-0.0777909908664755
-0.07778248607803372
-0.07776875937281266
-0.07774665015928417
-0.07771113629189982
-0.07765429561388817
-0.0775637537681878
-0.07742044093398662
-0.07719552152578114
-0.07684656555191333
-0.0763136993187133
-0.07551786836056545
-0.07436722673190826
-0.07278208078254417
-0.07076373444274989
-0.0685276168720157
-0.06662276537536813
-0.06598779470046912
-0.06195318697786216
-0.016829226218711645
0.3263737245487326
0.5121192322031114
-0.011249256093130423
-0.09083678051749494
-0.12872536877760488
-0.15502650343524033
-0.17372634601899292
-0.18669868654825966
-0.19524349124085882
-0.20073272574451417
-0.20418147265609426
-0.2063204185775408
-0.20763462175253078
-0.20843735971307303
-0.20892578756940733
-0.20922227533163873
-0.20940200884897098
-0.20951089675244508
-0.20957685557221
-0.20961681866360451
-0.20964104241324072
-0.20965573465678203
-0.20966465202282872
-0.20967006808493233
-0.20967335923336444
-0.2096753588832772
-0.20967657150507096
-0.20967730183606859
-0.20967773269872525
-0.209677971560919
-0.20967807781178932
-0.20967807781197745
-0.2096779715611417
-0.20967773269824783
-0.2096773018341621
-0.20967657150308305
-0.20967535888211145
-0.20967335923354607
-0.20967006808615035
-0.20966465202433177
-0.20965573465732612
-0.20964104241316656
-0.2096168186636565
-0.20957685557352573
-0.20951089675410187
-0.20940200884974552
-0.20922227533069399
-0.20892578756669125
-0.20843735971145289
-0.20763462175150005
-0.20632041857750105
-0.20418147265609812
-0.2007327257434221
-0.19524349123985363
-0.1866986865474756
-0.17372634602037246
-0.15502650343684943
-0.1287253687793636
-0.09083678051880335
-0.0112492560941018
0.5121192322058415
0.37599361080311255
-0.054673648108237514
-0.15965852280621068
-0.27503490896915306
-0.36547347599324065
-0.42347255911797144
-0.45974383338998637
-0.4814252519906165
-0.4942740037208315
-0.5018188156253867
-0.5062427325743202
-0.5088360471109714
-0.5103586229734176
-0.5112544247678544
-0.5117827841942617
-0.5120952319208543
-0.5122804831976677
-0.5123905995778841
-0.5124562150407646
-0.5124954047680454
-0.5125188629329793
-0.5125329334062313
-0.5125413887986183
-0.5125464777215452
-0.5125495429942187
-0.512551387442097
-0.5125524907168464
-0.5125531378321744
-0.512553494955176
-0.5125536533474807
-0.5125536533471853
-0.5125534949541338
-0.5125531378278968
-0.5125524907097436
-0.512551387438156
-0.5125495429920708
-0.5125464777196755
-0.512541388800307
-0.5125329334069992
-0.5125188629368314
-0.5124954047726755
-0.5124562150459382
-0.5123905995803548
-0.5122804831980947
-0.5120952319217917
-0.5117827841923506
-0.5112544247629881
-0.5103586229677728
-0.5088360471051193
-0.5062427325708375
-0.501818815621812
-0.4942740037209915
-0.48142525199036035
-0.4597438333950524
-0.4234725591234527
-0.36547347599981234
-0.27503490897338345
-0.1596585228038468
-0.0546736481126283
0.3759936108103651
-6.023819873875157
0.844138549970747
1.7646902710512247
1.4839930173415863
1.219334443976833
1.0590236388022687
0.966209040551657
0.9144512732536705
0.8854504690171332
0.8691759016053582
0.8599753484552256
0.8547405041778176
0.8517419272428974
0.850013830738838
0.8490122993031957
0.8484288954815261
0.8480874853027027
0.8478868552955734
0.8477685075143724
0.8476984555932019
0.8476568602840655
0.8476320913085604
0.8476173041781445
0.847608457345469
0.8476031572466309
0.8475999835260815
0.8475980933765661
0.8475969887397217
0.8475963809314575
0.847596111834998
0.8475961118549078
0.8475963809613548
0.8475969887416561
0.8475980933837686
0.847599983486418
0.8476031572399192
0.84760845735117
0.8476173042029647
0.8476320913419061
0.8476568602520069
0.8476984555770171
0.8477685074866674
0.8478868553160527
0.8480874853235811
0.8484288954863292
0.8490122993231362
0.8500138306852767
0.8517419272646329
0.854740504161861
0.8599753484921013
0.8691759016223459
0.8854504689890812
0.9144512732620906
0.9662090404935417
1.0590236388429632
1.2193344439757698
1.483993017369519
1.7646902710518004
0.8441385499227578
-6.0238198738620214