1.	1	0.0009697989198182739
1.9245003270420487	1	0.0008966053401863189
2.4792005232672776	1	8.656309616966524e-6
3.403700850309326	1	1.2559927894219038e-6
4.328201177351374	1	8.978653621327245e-6
4.882901373576604	1	1.7223455367991108e-6
5.807401700618652	1	2.5663667814489194e-7
6.731902027660701	1	5.761636788545222e-8
7.2866022238859305	1	2.800885361712037e-8
8.21110255092798	1	5.45526134286385e-9
9.135602877970028	1	4.485506238467451e-8
9.690303074195256	1	4.255229461165958e-7
10.614803401237303	1	1.4890249588652536e-6
11.539303728279354	1	5.104534353830871e-6
12.094003924504584	1	4.911265825224128e-6
13.01850425154663	1	0.000018432291843175215
13.94300457858868	1	0.0009205787251013989
14.497704774813908	1	0.0015671859760571006
1.	2	0.003657026434086633
1.9245003270420487	2	0.0033810198825741876
2.4792005232672776	2	0.00003264218225445915
3.403700850309326	2	4.736238345984184e-6
4.328201177351374	2	0.000033857713145166446
4.882901373576604	2	6.494813541231028e-6
5.807401700618652	2	9.677543424244546e-7
6.731902027660701	2	2.1726625601217976e-7
7.2866022238859305	2	1.0561892364779101e-7
8.21110255092798	2	2.0571310740725375e-8
9.135602877970028	2	1.6914449530875112e-7
9.690303074195256	2	1.60460960561968e-6
10.614803401237303	2	5.614982162082557e-6
11.539303728279354	2	0.000019248750111171784
12.094003924504584	2	0.00001851995148750157
13.01850425154663	2	0.00006950655144461683
13.94300457858868	2	0.003471421408661066
14.497704774813908	2	0.005909720483751933
1.	3	0.007446071103888064
1.9245003270420487	3	0.006884094195943203
2.4792005232672776	3	0.00006646274355232819
3.403700850309326	3	9.64345435418375e-6
4.328201177351374	3	0.0000689376858597743
4.882901373576604	3	0.0000132240891079541
5.807401700618652	3	1.9704445058484845e-6
6.731902027660701	3	4.423757989998742e-7
7.2866022238859305	3	2.15050678350812e-7
8.21110255092798	3	4.188524344481438e-8
9.135602877970028	3	3.4439508753894367e-7
9.690303074195256	3	3.267145434352305e-6
10.614803401237303	3	0.000011432664537568889
11.539303728279354	3	0.00003919237789829477
12.094003924504584	3	0.00003770847110404793
13.01850425154663	3	0.0001415222814411866
13.94300457858868	3	0.007068160732862047
14.497704774813908	3	0.012032781200585183
1.	4	0.011468908458309154
1.9245003270420487	4	0.010603316171722244
2.4792005232672776	4	0.00010237011049917265
3.403700850309326	4	0.000014853456764907534
4.328201177351374	4	0.00010618217277572807
4.882901373576604	4	0.000020368576301188153
5.807401700618652	4	3.0350029357026764e-6
6.731902027660701	4	6.813751134138603e-7
7.2866022238859305	4	3.312346215196791e-7
8.21110255092798	4	6.451429433327845e-8
9.135602877970028	4	5.304590403938476e-7
9.690303074195256	4	5.032263509676364e-6
10.614803401237303	4	0.00001760931116376847
11.539303728279354	4	0.000060366572935929064
12.094003924504584	4	0.000058080966077439264
13.01850425154663	4	0.00021798154597428858
13.94300457858868	4	0.010886827063937312
14.497704774813908	4	0.01853364870721078
1.	5	0.014803954939897213
1.9245003270420487	5	0.013686656876743582
2.4792005232672776	5	0.00013213833805814223
3.403700850309326	5	0.000019172696813190545
4.328201177351374	5	0.00013705891078530635
4.882901373576604	5	0.000026291559205372823
5.807401700618652	5	3.917552125027901e-6
6.731902027660701	5	8.795123365757203e-7
7.2866022238859305	5	4.2755441194229297e-7
8.21110255092798	5	8.327442055726279e-8
9.135602877970028	5	6.847113445886409e-7
9.690303074195256	5	6.495596552518454e-6
10.614803401237303	5	0.000022729926735285973
11.539303728279354	5	0.00007792058231766844
12.094003924504584	5	0.00007497034332444867
13.01850425154663	5	0.00028136844897341275
13.94300457858868	5	0.014052609965355197
14.497704774813908	5	0.02392305260180661
1.	6	0.01668719159138745
1.9245003270420487	6	0.01542776011377043
2.4792005232672776	6	0.00014894788404151525
3.403700850309326	6	0.0000216116886564582
4.328201177351374	6	0.00015449441131554456
4.882901373576604	6	0.000029636153816845124
5.807401700618652	6	4.415910690420299e-6
6.731902027660701	6	9.91396618472639e-7
7.2866022238859305	6	4.819443464120566e-7
8.21110255092798	6	9.386790328269266e-8
9.135602877970028	6	7.718146561739759e-7
9.690303074195256	6	7.321912597836452e-6
10.614803401237303	6	0.000025621439934791275
11.539303728279354	6	0.0000878329940428995
12.094003924504584	6	0.0000845074500568332
13.01850425154663	6	0.0003171618148564201
13.94300457858868	6	0.015840266726220582
14.497704774813908	6	0.02696634540147841
1.	7	0.01668719159138557
1.9245003270420487	7	0.015427760113768741
2.4792005232672776	7	0.00014894788404148544
3.403700850309326	7	0.000021611688656455375
4.328201177351374	7	0.00015449441131552385
4.882901373576604	7	0.000029636153816842563
5.807401700618652	7	4.415910690420015e-6
6.731902027660701	7	9.913966184728517e-7
7.2866022238859305	7	4.819443464119181e-7
8.21110255092798	7	9.386790328282555e-8
9.135602877970028	7	7.71814656173816e-7
9.690303074195256	7	7.321912597837244e-6
10.614803401237303	7	0.000025621439934792403
11.539303728279354	7	0.00008783299404289469
12.094003924504584	7	0.00008450745005680973
13.01850425154663	7	0.0003171618148563513
13.94300457858868	7	0.0158402667262188
14.497704774813908	7	0.026966345401475467
1.	8	0.014803954939892457
1.9245003270420487	8	0.013686656876739232
2.4792005232672776	8	0.00013213833805807336
3.403700850309326	8	0.000019172696813185053
4.328201177351374	8	0.00013705891078525474
4.882901373576604	8	0.000026291559205368815
5.807401700618652	8	3.917552125027306e-6
6.731902027660701	8	8.795123365765472e-7
7.2866022238859305	8	4.275544119424214e-7
8.21110255092798	8	8.327442055724556e-8
9.135602877970028	8	6.847113445888611e-7
9.690303074195256	8	6.495596552518599e-6
10.614803401237303	8	0.000022729926735285146
11.539303728279354	8	0.00007792058231764504
12.094003924504584	8	0.00007497034332438504
13.01850425154663	8	0.0002813684489732383
13.94300457858868	8	0.014052609965350633
14.497704774813908	8	0.02392305260179947
1.	9	0.01146890845830351
1.9245003270420487	9	0.010603316171717014
2.4792005232672776	9	0.00010237011049908679
3.403700850309326	9	0.000014853456764899488
4.328201177351374	9	0.00010618217277566805
4.882901373576604	9	0.000020368576301181193
5.807401700618652	9	3.0350029357023973e-6
6.731902027660701	9	6.813751134142151e-7
7.2866022238859305	9	3.3123462151977723e-7
8.21110255092798	9	6.451429433324722e-8
9.135602877970028	9	5.304590403942395e-7
9.690303074195256	9	5.032263509676956e-6
10.614803401237303	9	0.000017609311163768715
11.539303728279354	9	0.00006036657293590229
12.094003924504584	9	0.0000580809660773756
13.01850425154663	9	0.00021798154597410085
13.94300457858868	9	0.010886827063931959
14.497704774813908	9	0.018533648707202192
1.	10	0.007446071103883519
1.9245003270420487	10	0.006884094195939042
2.4792005232672776	10	0.00006646274355226204
3.403700850309326	10	9.643454354177953e-6
4.328201177351374	10	0.00006893768585972564
4.882901373576604	10	0.000013224089107945128
5.807401700618652	10	1.9704445058478484e-6
6.731902027660701	10	4.423757989999859e-7
7.2866022238859305	10	2.150506783509624e-7
8.21110255092798	10	4.188524344484056e-8
9.135602877970028	10	3.4439508753875706e-7
9.690303074195256	10	3.2671454343504225e-6
10.614803401237303	10	0.000011432664537564466
11.539303728279354	10	0.000039192377898268417
12.094003924504584	10	0.00003770847110400157
13.01850425154663	10	0.00014152228144104537
13.94300457858868	10	0.007068160732857725
14.497704774813908	10	0.012032781200578196
1.	11	0.0036570264340841435
1.9245003270420487	11	0.0033810198825719217
2.4792005232672776	11	0.00003264218225442781
3.403700850309326	11	4.736238345981026e-6
4.328201177351374	11	0.00003385771314513882
4.882901373576604	11	6.4948135412260705e-6
5.807401700618652	11	9.677543424233535e-7
6.731902027660701	11	2.1726625601191027e-7
7.2866022238859305	11	1.0561892364777117e-7
8.21110255092798	11	2.0571310740788538e-8
9.135602877970028	11	1.6914449530835212e-7
9.690303074195256	11	1.6046096056186515e-6
10.614803401237303	11	5.61498216207839e-6
11.539303728279354	11	0.000019248750111158893
12.094003924504584	11	0.000018519951487481368
13.01850425154663	11	0.00006950655144454994
13.94300457858868	11	0.0034714214086587394
14.497704774813908	11	0.00590972048374807
1.	12	0.0009697989198176135
1.9245003270420487	12	0.0008966053401856924
2.4792005232672776	12	8.656309616960281e-6
3.403700850309326	12	1.255992789421384e-6
4.328201177351374	12	8.978653621318556e-6
4.882901373576604	12	1.7223455367977716e-6
5.807401700618652	12	2.5663667814450056e-7
6.731902027660701	12	5.761636788543917e-8
7.2866022238859305	12	2.8008853617086404e-8
8.21110255092798	12	5.455261342849116e-9
9.135602877970028	12	4.4855062384609094e-8
9.690303074195256	12	4.2552294611639917e-7
10.614803401237303	12	1.4890249588639657e-6
11.539303728279354	12	5.104534353827383e-6
12.094003924504584	12	4.91126582521829e-6
13.01850425154663	12	0.0000184322918431571
13.94300457858868	12	0.0009205787251007547
14.497704774813908	12	0.0015671859760560255